2014-06-10 01:10:01+02;1529
2014-06-10 02:58:01+02;1569
2014-06-10 09:34:01+02;1549
2014-06-10 13:10:01+02;1539
2014-06-11 03:06:01+02;1579
2014-06-11 05:46:01+02;1539
2014-06-11 09:38:01+02;1509
2014-06-11 13:06:01+02;1539
2014-06-12 02:30:01+02;1579
2014-06-12 04:42:01+02;1559
2014-06-12 07:50:01+02;1539
2014-06-12 07:54:01+02;1529
2014-06-12 17:50:01+02;1559
2014-06-13 02:30:01+02;1559
2014-06-13 05:06:01+02;1539
2014-06-13 13:02:01+02;1559
2014-06-14 02:30:01+02;1589
2014-06-16 01:38:01+02;1589
2014-06-16 05:42:01+02;1559
2014-06-16 10:30:01+02;1529
2014-06-16 12:58:01+02;1559
2014-06-17 02:30:01+02;1609
2014-06-17 05:34:01+02;1599
2014-06-17 07:30:01+02;1589
2014-06-17 10:10:01+02;1579
2014-06-17 11:10:01+02;1569
2014-06-17 13:10:01+02;1599
2014-06-18 02:30:01+02;1619
2014-06-18 05:14:02+02;1599
2014-06-18 05:58:01+02;1589
2014-06-18 08:38:01+02;1579
2014-06-18 11:30:01+02;1569
2014-06-18 11:50:01+02;1559
2014-06-18 13:14:01+02;1589
2014-06-19 02:38:01+02;1619
2014-06-19 04:18:01+02;1599
2014-06-19 05:14:01+02;1589
2014-06-19 05:34:01+02;1579
2014-06-19 09:58:01+02;1569
2014-06-19 11:22:01+02;1559
2014-06-19 13:10:01+02;1589
2014-06-19 14:46:01+02;1559
2014-06-20 02:26:01+02;1609
2014-06-20 05:06:01+02;1589
2014-06-20 07:38:01+02;1569
2014-06-20 11:14:01+02;1549
2014-06-20 13:06:01+02;1579
2014-06-21 04:54:01+02;1589
2014-06-21 06:30:01+02;1569
2014-06-23 02:26:01+02;1609
2014-06-23 07:18:01+02;1579
2014-06-23 08:38:01+02;1569
2014-06-23 13:18:01+02;1599
2014-06-24 02:50:01+02;1619
2014-06-24 05:46:01+02;1609
2014-06-24 07:54:01+02;1589
2014-06-24 09:06:01+02;1569
2014-06-24 10:58:01+02;1559
2014-06-24 13:02:01+02;1589
2014-06-25 03:06:01+02;1609
2014-06-25 04:26:01+02;1599
2014-06-25 04:50:01+02;1589
2014-06-25 07:22:01+02;1579
2014-06-25 09:26:01+02;1569
2014-06-25 11:34:01+02;1559
2014-06-25 16:46:01+02;1589
2014-06-26 02:34:01+02;1609
2014-06-26 03:02:01+02;1589
2014-06-26 05:22:01+02;1569
2014-06-26 08:14:01+02;1549
2014-06-26 10:58:01+02;1539
2014-06-26 13:02:01+02;1569
2014-06-27 02:26:01+02;1609
2014-06-27 04:46:01+02;1599
2014-06-27 07:34:01+02;1589
2014-06-27 09:14:01+02;1569
2014-06-27 10:10:01+02;1559
2014-06-27 11:14:01+02;1549
2014-06-27 18:54:01+02;1579
2014-06-28 04:06:01+02;1609
2014-06-28 04:22:01+02;1599
2014-06-28 05:38:01+02;1579
2014-06-28 09:14:01+02;1559
2014-06-30 05:58:01+02;1609
2014-06-30 06:18:02+02;1589
2014-06-30 08:14:01+02;1579
2014-06-30 10:18:01+02;1559
2014-06-30 18:18:01+02;1569
2014-07-01 02:26:01+02;1609
2014-07-01 07:26:01+02;1589
2014-07-01 11:38:01+02;1579
2014-07-01 13:10:01+02;1609
2014-07-02 03:54:01+02;1599
2014-07-02 06:30:01+02;1589
2014-07-02 07:30:01+02;1569
2014-07-02 09:38:01+02;1549
2014-07-02 13:10:01+02;1579
2014-07-03 02:26:01+02;1599
2014-07-03 05:42:01+02;1589
2014-07-03 08:06:01+02;1569
2014-07-03 09:46:01+02;1549
2014-07-03 13:18:01+02;1579
2014-07-04 02:38:01+02;1599
2014-07-04 04:14:01+02;1589
2014-07-04 06:02:01+02;1579
2014-07-04 08:30:01+02;1559
2014-07-04 09:34:01+02;1549
2014-07-04 13:10:01+02;1579
2014-07-05 02:50:01+02;1619
2014-07-05 06:34:01+02;1599
2014-07-06 19:58:01+02;1549
2014-07-07 02:26:01+02;1609
2014-07-07 03:26:01+02;1599
2014-07-07 07:26:01+02;1579
2014-07-07 08:46:01+02;1569
2014-07-07 11:06:01+02;1559
2014-07-08 01:38:01+02;1589
2014-07-08 02:42:01+02;1609
2014-07-08 03:58:01+02;1599
2014-07-08 05:14:01+02;1589
2014-07-08 06:54:01+02;1569
2014-07-08 08:14:01+02;1549
2014-07-08 13:30:01+02;1579
2014-07-09 02:26:01+02;1599
2014-07-09 04:46:01+02;1589
2014-07-09 06:02:01+02;1579
2014-07-09 07:46:01+02;1569
2014-07-09 09:34:01+02;1559
2014-07-09 20:22:01+02;1589
2014-07-10 04:46:01+02;1609
2014-07-10 05:14:01+02;1589
2014-07-10 06:34:01+02;1579
2014-07-10 10:26:01+02;1569
2014-07-10 20:26:01+02;1599
2014-07-11 02:30:01+02;1609
2014-07-11 04:34:01+02;1599
2014-07-11 08:38:01+02;1589
2014-07-11 08:54:01+02;1569
2014-07-11 11:26:01+02;1549
2014-07-11 14:42:01+02;1579
2014-07-12 03:14:01+02;1589
2014-07-12 04:26:01+02;1579
2014-07-12 07:22:01+02;1569
2014-07-13 17:34:01+02;1559
2014-07-14 02:34:01+02;1589
2014-07-14 06:26:01+02;1549
2014-07-14 10:18:01+02;1529
2014-07-15 02:26:01+02;1559
2014-07-15 02:34:01+02;1589
2014-07-15 06:02:01+02;1569
2014-07-15 09:14:01+02;1559
2014-07-15 12:46:01+02;1589
2014-07-16 02:34:01+02;1579
2014-07-16 04:22:01+02;1559
2014-07-16 06:06:01+02;1539
2014-07-16 09:58:01+02;1529
2014-07-16 10:30:01+02;1519
2014-07-16 13:14:01+02;1549
2014-07-17 02:50:01+02;1589
2014-07-17 03:50:01+02;1559
2014-07-17 07:58:01+02;1539
2014-07-18 01:26:01+02;1569
2014-07-18 03:58:01+02;1579
2014-07-18 04:02:01+02;1569
2014-07-18 04:58:01+02;1559
2014-07-18 07:26:01+02;1529
2014-07-18 13:02:01+02;1559
2014-07-19 02:50:01+02;1569
2014-07-19 06:14:01+02;1549
2014-07-19 06:22:01+02;1539
2014-07-19 08:10:01+02;1539
2014-07-21 02:46:01+02;1569
2014-07-21 04:14:01+02;1549
2014-07-21 05:22:01+02;1539
2014-07-21 21:50:01+02;1549
2014-07-22 02:42:01+02;1589
2014-07-22 05:14:01+02;1569
2014-07-22 08:02:01+02;1549
2014-07-22 09:18:01+02;1539
2014-07-22 10:46:01+02;1529
2014-07-22 15:02:01+02;1559
2014-07-23 02:22:01+02;1589
2014-07-23 04:54:01+02;1569
2014-07-23 08:34:01+02;1539
2014-07-23 09:18:01+02;1529
2014-07-23 10:34:01+02;1519
2014-07-24 00:02:01+02;1549
2014-07-24 02:34:01+02;1579
2014-07-24 07:22:01+02;1529
2014-07-25 00:02:01+02;1559
2014-07-25 02:54:01+02;1579
2014-07-25 03:38:01+02;1569
2014-07-25 05:06:01+02;1559
2014-07-25 08:14:01+02;1539
2014-07-25 10:38:01+02;1519
2014-07-25 13:14:01+02;1549
2014-07-26 02:38:01+02;1579
2014-07-26 07:30:01+02;1569
2014-07-27 14:50:01+02;1539
2014-07-28 02:30:01+02;1579
2014-07-28 03:34:01+02;1569
2014-07-28 05:18:01+02;1559
2014-07-28 07:02:01+02;1549
2014-07-28 07:38:01+02;1539
2014-07-28 10:14:01+02;1529
2014-07-28 13:06:01+02;1559
2014-07-29 02:54:01+02;1579
2014-07-29 04:02:01+02;1559
2014-07-29 07:30:01+02;1539
2014-07-29 10:14:01+02;1529
2014-07-29 13:30:01+02;1559
2014-07-30 02:30:01+02;1579
2014-07-30 04:10:01+02;1569
2014-07-30 07:34:01+02;1559
2014-07-30 07:54:01+02;1539
2014-07-30 08:46:01+02;1519
2014-07-30 12:58:01+02;1549
2014-07-31 02:26:01+02;1579
2014-07-31 04:42:01+02;1559
2014-07-31 05:50:01+02;1549
2014-07-31 08:06:01+02;1539
2014-07-31 11:38:01+02;1529
2014-07-31 13:18:01+02;1559
2014-08-01 02:26:01+02;1579
2014-08-01 04:06:01+02;1559
2014-08-01 07:26:01+02;1539
2014-08-01 08:54:01+02;1529
2014-08-01 12:42:01+02;1519
2014-08-01 13:54:01+02;1549
2014-08-02 03:22:01+02;1579
2014-08-02 06:14:01+02;1539
2014-08-02 08:38:01+02;1529
2014-08-03 15:50:01+02;1519
2014-08-04 02:30:01+02;1569
2014-08-04 06:02:01+02;1549
2014-08-04 08:06:01+02;1539
2014-08-04 08:42:01+02;1529
2014-08-04 10:34:01+02;1519
2014-08-04 13:06:01+02;1549
2014-08-05 08:34:01+02;1569
2014-08-05 10:10:01+02;1559
2014-08-05 12:30:01+02;1539
2014-08-05 13:10:01+02;1529
2014-08-05 15:30:01+02;1519
2014-08-05 19:06:01+02;1549
2014-08-06 08:26:01+02;1569
2014-08-06 10:38:01+02;1559
2014-08-06 11:34:01+02;1549
2014-08-06 13:22:01+02;1529
2014-08-06 14:50:01+02;1519
2014-08-06 17:22:01+02;1509
2014-08-07 02:54:01+02;1539
2014-08-07 08:38:01+02;1549
2014-08-07 10:26:01+02;1529
2014-08-07 11:30:01+02;1509
2014-08-07 13:54:01+02;1489
2014-08-07 19:06:01+02;1519
2014-08-08 08:26:01+02;1559
2014-08-08 09:06:01+02;1539
2014-08-08 11:30:01+02;1529
2014-08-08 13:46:01+02;1529
2014-08-08 14:38:01+02;1509
2014-08-08 17:58:01+02;1489
2014-08-08 19:06:01+02;1519
2014-08-09 09:26:01+02;1579
2014-08-09 10:14:01+02;1569
2014-08-09 12:02:01+02;1559
2014-08-10 19:50:01+02;1539
2014-08-11 08:30:01+02;1569
2014-08-11 10:02:01+02;1549
2014-08-11 11:06:01+02;1539
2014-08-11 13:34:01+02;1519
2014-08-11 15:22:01+02;1509
2014-08-11 17:02:01+02;1499
2014-08-11 19:06:01+02;1529
2014-08-12 09:54:01+02;1549
2014-08-12 11:58:01+02;1539
2014-08-12 12:42:01+02;1529
2014-08-12 14:38:01+02;1519
2014-08-12 16:34:01+02;1509
2014-08-12 17:18:01+02;1499
2014-08-12 18:54:01+02;1529
2014-08-13 08:26:01+02;1569
2014-08-13 12:06:01+02;1549
2014-08-13 14:42:01+02;1529
2014-08-13 17:30:01+02;1509
2014-08-13 18:50:01+02;1539
2014-08-14 08:30:01+02;1569
2014-08-14 11:22:01+02;1539
2014-08-14 12:18:01+02;1529
2014-08-14 13:50:01+02;1519
2014-08-14 17:06:01+02;1509
2014-08-14 19:06:01+02;1539
2014-08-15 08:42:01+02;1569
2014-08-15 11:26:01+02;1549
2014-08-15 14:34:01+02;1509
2014-08-15 17:26:01+02;1499
2014-08-15 18:46:01+02;1529
2014-08-16 08:58:01+02;1579
2014-08-16 10:38:01+02;1569
2014-08-16 11:34:01+02;1559
2014-08-18 08:30:01+02;1579
2014-08-18 10:18:01+02;1569
2014-08-18 11:22:01+02;1559
2014-08-18 12:26:01+02;1519
2014-08-18 14:10:01+02;1509
2014-08-18 15:14:01+02;1489
2014-08-18 17:10:01+02;1479
2014-08-18 19:02:01+02;1509
2014-08-19 08:42:01+02;1559
2014-08-19 09:30:01+02;1549
2014-08-19 11:10:01+02;1539
2014-08-19 12:26:01+02;1529
2014-08-19 17:26:01+02;1489
2014-08-19 19:10:01+02;1519
2014-08-20 08:54:01+02;1559
2014-08-20 11:46:01+02;1539
2014-08-20 12:26:01+02;1529
2014-08-20 14:02:01+02;1519
2014-08-20 14:30:01+02;1509
2014-08-20 17:02:01+02;1479
2014-08-20 18:54:01+02;1509
2014-08-21 08:26:01+02;1569
2014-08-21 10:06:01+02;1549
2014-08-21 13:38:01+02;1539
2014-08-21 15:54:01+02;1509
2014-08-21 17:38:01+02;1499
2014-08-21 19:02:01+02;1529
2014-08-22 08:46:01+02;1579
2014-08-22 09:34:01+02;1569
2014-08-22 12:22:01+02;1539
2014-08-22 14:10:01+02;1519
2014-08-22 18:54:01+02;1529
2014-08-23 08:30:01+02;1569
2014-08-23 10:38:01+02;1549
2014-08-23 13:18:01+02;1529
2014-08-25 08:26:01+02;1569
2014-08-25 10:30:01+02;1549
2014-08-25 12:02:01+02;1529
2014-08-25 14:34:01+02;1509
2014-08-25 16:50:01+02;1499
2014-08-25 19:02:01+02;1529
2014-08-26 08:30:01+02;1569
2014-08-26 09:50:01+02;1549
2014-08-26 11:46:01+02;1529
2014-08-26 11:58:01+02;1519
2014-08-26 12:54:01+02;1509
2014-08-26 19:02:01+02;1539
2014-08-27 08:26:01+02;1569
2014-08-27 10:30:01+02;1549
2014-08-27 13:06:01+02;1519
2014-08-27 14:58:01+02;1509
2014-08-27 17:06:01+02;1499
2014-08-27 19:14:01+02;1529
2014-08-28 08:42:01+02;1569
2014-08-28 09:50:02+02;1549
2014-08-28 13:26:01+02;1529
2014-08-28 16:26:01+02;1509
2014-08-28 19:06:01+02;1539
2014-08-29 08:42:01+02;1559
2014-08-29 10:30:01+02;1539
2014-08-29 12:26:01+02;1519
2014-08-29 15:14:01+02;1499
2014-08-29 19:06:01+02;1519
2014-08-30 08:10:01+02;1499
2014-08-30 17:06:01+02;1529
2014-09-01 08:38:01+02;1579
2014-09-01 09:02:01+02;1569
2014-09-01 11:14:01+02;1549
2014-09-01 12:46:01+02;1529
2014-09-01 14:54:01+02;1509
2014-09-01 17:10:01+02;1499
2014-09-01 19:18:01+02;1529
2014-09-02 07:46:01+02;1569
2014-09-02 09:18:01+02;1559
2014-09-02 10:10:01+02;1549
2014-09-02 11:26:01+02;1539
2014-09-02 17:10:01+02;1529
2014-09-02 19:18:01+02;1559
2014-09-03 07:26:01+02;1579
2014-09-03 08:34:01+02;1559
2014-09-03 11:26:01+02;1529
2014-09-03 14:50:01+02;1509
2014-09-03 17:38:01+02;1499
2014-09-03 19:14:01+02;1529
2014-09-04 07:50:01+02;1559
2014-09-04 10:30:01+02;1529
2014-09-04 12:10:01+02;1509
2014-09-04 15:42:01+02;1499
2014-09-04 19:10:01+02;1529
2014-09-05 09:46:01+02;1549
2014-09-05 11:22:01+02;1519
2014-09-05 11:30:01+02;1489
2014-09-05 12:02:01+02;1519
2014-09-05 14:42:01+02;1509
2014-09-05 19:02:01+02;1539
2014-09-06 09:22:01+02;1579
2014-09-06 12:22:01+02;1549
2014-09-06 15:58:01+02;1539
2014-09-08 07:14:01+02;1589
2014-09-08 09:02:01+02;1569
2014-09-08 10:30:01+02;1559
2014-09-08 12:30:01+02;1539
2014-09-08 13:58:01+02;1529
2014-09-08 16:30:01+02;1489
2014-09-08 18:22:01+02;1509
2014-09-08 19:14:01+02;1539
2014-09-09 07:26:01+02;1579
2014-09-09 08:10:01+02;1569
2014-09-09 11:30:01+02;1539
2014-09-09 14:34:01+02;1519
2014-09-09 14:46:01+02;1509
2014-09-09 19:06:01+02;1539
2014-09-10 07:14:01+02;1569
2014-09-10 09:58:01+02;1539
2014-09-10 12:50:01+02;1509
2014-09-10 14:38:01+02;1499
2014-09-10 19:10:01+02;1529
2014-09-11 07:42:01+02;1569
2014-09-11 09:02:01+02;1549
2014-09-11 11:38:01+02;1519
2014-09-11 13:34:01+02;1509
2014-09-11 19:22:01+02;1539
2014-09-12 07:58:01+02;1559
2014-09-12 09:18:01+02;1539
2014-09-12 12:18:01+02;1519
2014-09-12 15:30:01+02;1509
2014-09-12 19:06:01+02;1539
2014-09-13 08:54:01+02;1559
2014-09-13 11:02:01+02;1539
2014-09-13 12:50:01+02;1519
2014-09-13 15:26:01+02;1509
2014-09-14 09:06:01+02;1569
2014-09-14 12:54:01+02;1539
2014-09-15 07:10:01+02;1579
2014-09-15 10:02:01+02;1559
2014-09-15 12:18:01+02;1529
2014-09-15 14:38:01+02;1509
2014-09-15 16:30:01+02;1499
2014-09-15 19:10:01+02;1529
2014-09-16 07:06:01+02;1579
2014-09-16 09:26:01+02;1559
2014-09-16 11:10:01+02;1529
2014-09-16 13:18:01+02;1509
2014-09-16 14:42:01+02;1499
2014-09-16 19:14:01+02;1529
2014-09-17 07:14:01+02;1579
2014-09-17 10:42:01+02;1559
2014-09-17 13:14:01+02;1519
2014-09-17 16:30:01+02;1509
2014-09-17 19:14:01+02;1539
2014-09-18 07:14:01+02;1589
2014-09-18 09:18:01+02;1559
2014-09-18 12:02:01+02;1539
2014-09-18 13:10:01+02;1519
2014-09-18 16:02:01+02;1509
2014-09-18 19:06:01+02;1539
2014-09-19 07:26:01+02;1569
2014-09-19 08:18:01+02;1559
2014-09-19 11:58:01+02;1519
2014-09-19 13:22:01+02;1499
2014-09-19 18:50:01+02;1529
2014-09-20 08:06:01+02;1579
2014-09-20 11:18:01+02;1559
2014-09-20 12:22:01+02;1549
2014-09-22 07:06:01+02;1569
2014-09-22 08:34:01+02;1549
2014-09-22 10:42:01+02;1529
2014-09-22 13:06:01+02;1499
2014-09-22 14:42:01+02;1499
2014-09-22 18:58:01+02;1529
2014-09-23 07:14:01+02;1569
2014-09-23 09:34:01+02;1549
2014-09-23 10:06:01+02;1539
2014-09-23 10:46:01+02;1519
2014-09-23 13:42:01+02;1499
2014-09-23 18:42:01+02;1509
2014-09-24 07:10:01+02;1569
2014-09-24 11:30:01+02;1519
2014-09-24 11:42:01+02;1499
2014-09-24 13:14:01+02;1489
2014-09-24 19:14:01+02;1509
2014-09-25 07:14:01+02;1559
2014-09-25 09:58:01+02;1529
2014-09-25 19:06:01+02;1519
2014-09-26 07:54:01+02;1559
2014-09-26 11:02:01+02;1519
2014-09-26 12:26:01+02;1499
2014-09-27 08:58:01+02;1559
2014-09-27 11:26:01+02;1559
2014-09-27 12:18:01+02;1539
2014-09-27 14:18:01+02;1529
2014-09-27 15:18:01+02;1519
2014-09-29 07:18:01+02;1579
2014-09-29 09:02:01+02;1539
2014-09-29 10:30:01+02;1529
2014-09-29 12:06:01+02;1499
2014-09-29 14:58:01+02;1499
2014-09-29 19:10:01+02;1529
2014-09-30 07:06:01+02;1549
2014-09-30 08:18:01+02;1539
2014-09-30 10:22:01+02;1519
2014-09-30 12:06:01+02;1499
2014-09-30 15:14:01+02;1489
2014-09-30 19:10:01+02;1519
2014-10-01 07:10:01+02;1559
2014-10-01 08:14:01+02;1549
2014-10-01 09:54:01+02;1529
2014-10-01 11:26:01+02;1509
2014-10-01 13:58:01+02;1499
2014-10-01 19:26:01+02;1559
2014-10-01 19:46:01+02;1529
2014-10-02 10:06:01+02;1509
2014-10-02 13:22:01+02;1479
2014-10-02 19:14:01+02;1509
2014-10-04 08:38:01+02;1579
2014-10-04 10:10:01+02;1559
2014-10-04 10:58:01+02;1549
2014-10-04 12:50:01+02;1529
2014-10-04 15:50:01+02;1509
2014-10-06 07:14:01+02;1569
2014-10-06 08:30:01+02;1549
2014-10-06 10:30:01+02;1529
2014-10-06 12:58:01+02;1489
2014-10-06 16:38:01+02;1479
2014-10-06 19:18:01+02;1509
2014-10-07 07:14:01+02;1559
2014-10-07 09:22:01+02;1529
2014-10-07 10:18:01+02;1519
2014-10-07 11:18:01+02;1509
2014-10-07 14:26:01+02;1489
2014-10-07 19:18:01+02;1519
2014-10-08 07:10:01+02;1579
2014-10-08 09:30:02+02;1559
2014-10-08 10:46:01+02;1549
2014-10-08 11:46:01+02;1539
2014-10-08 13:38:01+02;1529
2014-10-08 14:30:01+02;1519
2014-10-08 16:46:01+02;1489
2014-10-08 19:50:02+02;1519
2014-10-09 07:10:01+02;1559
2014-10-09 08:38:01+02;1539
2014-10-09 10:22:01+02;1519
2014-10-09 17:26:01+02;1489
2014-10-09 19:14:01+02;1519
2014-10-10 07:22:01+02;1529
2014-10-10 08:54:01+02;1519
2014-10-10 10:50:01+02;1499
2014-10-10 14:06:01+02;1489
2014-10-10 19:10:01+02;1519
2014-10-11 07:46:01+02;1539
2014-10-11 09:38:01+02;1519
2014-10-11 11:10:01+02;1509
2014-10-11 13:30:01+02;1489
2014-10-11 13:54:01+02;1479
2014-10-11 15:18:01+02;1479
2014-10-11 16:06:01+02;1479
2014-10-13 07:18:01+02;1539
2014-10-13 08:34:01+02;1519
2014-10-13 10:38:01+02;1499
2014-10-13 12:58:01+02;1479
2014-10-13 13:50:01+02;1469
2014-10-13 19:10:01+02;1499
2014-10-14 07:18:01+02;1529
2014-10-14 08:42:01+02;1509
2014-10-14 12:10:01+02;1489
2014-10-14 12:38:01+02;1469
2014-10-15 07:10:02+02;1509
2014-10-15 08:38:01+02;1489
2014-10-15 10:42:01+02;1459
2014-10-15 15:30:01+02;1449
2014-10-15 16:42:01+02;1439
2014-10-15 19:02:01+02;1469
2014-10-16 07:14:01+02;1469
2014-10-16 09:50:01+02;1449
2014-10-16 13:38:01+02;1429
2014-10-16 19:14:01+02;1459
2014-10-17 07:22:01+02;1479
2014-10-17 11:02:01+02;1469
2014-10-17 12:02:01+02;1449
2014-10-17 13:34:01+02;1439
2014-10-17 17:06:01+02;1429
2014-10-17 19:18:01+02;1459
2014-10-18 07:30:01+02;1469
2014-10-18 12:18:01+02;1449
2014-10-18 16:26:01+02;1429
2014-10-20 07:18:01+02;1449
2014-10-20 09:10:01+02;1429
2014-10-20 11:38:01+02;1409
2014-10-20 15:10:01+02;1419
2014-10-20 19:14:01+02;1449
2014-10-21 07:38:01+02;1479
2014-10-21 12:50:01+02;1449
2014-10-21 17:34:01+02;1429
2014-10-21 19:14:01+02;1459
2014-10-22 07:10:01+02;1479
2014-10-22 12:46:01+02;1449
2014-10-22 17:10:01+02;1429
2014-10-22 19:06:01+02;1459
2014-10-23 07:02:01+02;1479
2014-10-23 11:06:01+02;1449
2014-10-23 14:02:01+02;1419
2014-10-23 19:10:01+02;1449
2014-10-24 07:22:01+02;1469
2014-10-24 08:34:01+02;1449
2014-10-24 10:54:01+02;1429
2014-10-24 14:18:01+02;1409
2014-10-24 16:02:01+02;1399
2014-10-24 19:34:01+02;1429
2014-10-25 07:26:01+02;1479
2014-10-25 10:58:01+02;1469
2014-10-25 12:18:01+02;1459
2014-10-25 15:30:01+02;1429
2014-10-25 16:10:01+02;1419
2014-10-27 07:22:01+01;1479
2014-10-27 08:54:01+01;1459
2014-10-27 10:30:01+01;1439
2014-10-27 11:58:01+01;1419
2014-10-27 14:06:01+01;1409
2014-10-27 19:02:01+01;1439
2014-10-28 07:22:01+01;1459
2014-10-28 09:26:01+01;1439
2014-10-28 11:02:01+01;1429
2014-10-28 15:54:01+01;1409
2014-10-28 19:02:01+01;1439
2014-10-29 07:14:02+01;1459
2014-10-29 08:30:01+01;1439
2014-10-29 10:38:01+01;1429
2014-10-29 11:58:01+01;1409
2014-10-29 19:10:01+01;1439
2014-10-30 07:14:01+01;1459
2014-10-30 09:38:01+01;1429
2014-10-30 13:22:01+01;1409
2014-10-30 19:14:01+01;1439
2014-10-31 07:54:01+01;1479
2014-10-31 09:14:01+01;1459
2014-10-31 11:06:01+01;1429
2014-10-31 15:34:01+01;1419
2014-10-31 19:18:01+01;1449
2014-11-01 07:26:01+01;1489
2014-11-01 10:06:01+01;1469
2014-11-01 12:42:01+01;1459
2014-11-01 18:02:01+01;1489
2014-11-03 06:22:01+01;1469
2014-11-03 07:34:01+01;1449
2014-11-03 13:34:01+01;1409
2014-11-03 15:26:01+01;1399
2014-11-03 18:14:01+01;1429
2014-11-03 21:17:00+01;1429
2014-11-04 06:53:00+01;1479
2014-11-04 08:09:00+01;1469
2014-11-04 11:13:00+01;1459
2014-11-04 13:21:00+01;1439
2014-11-04 15:21:00+01;1429
2014-11-04 18:09:00+01;1419
2014-11-04 19:09:00+01;1449
2014-11-05 07:17:00+01;1479
2014-11-05 09:33:00+01;1459
2014-11-05 13:37:00+01;1439
2014-11-05 14:57:00+01;1439
2014-11-05 19:21:00+01;1469
2014-11-06 09:41:00+01;1439
2014-11-06 12:41:00+01;1429
2014-11-06 19:05:00+01;1459
2014-11-07 07:21:00+01;1459
2014-11-07 09:01:00+01;1439
2014-11-07 11:45:00+01;1429
2014-11-07 18:37:00+01;1459
2014-11-08 07:05:00+01;1489
2014-11-08 10:21:00+01;1459
2014-11-08 12:17:00+01;1439
2014-11-08 16:37:00+01;1419
2014-11-09 10:13:00+01;1479
2014-11-10 07:13:00+01;1499
2014-11-10 09:21:00+01;1479
2014-11-10 12:13:00+01;1459
2014-11-10 14:09:00+01;1439
2014-11-10 15:57:00+01;1419
2014-11-10 19:21:00+01;1449
2014-11-11 09:13:00+01;1479
2014-11-11 12:13:00+01;1439
2014-11-11 15:21:00+01;1439
2014-11-11 16:49:00+01;1419
2014-11-11 19:21:00+01;1449
2014-11-12 07:09:00+01;1489
2014-11-12 10:13:00+01;1469
2014-11-12 12:05:00+01;1449
2014-11-12 15:25:00+01;1429
2014-11-12 17:53:00+01;1419
2014-11-12 19:17:00+01;1449
2014-11-13 06:57:00+01;1499
2014-11-13 13:09:00+01;1439
2014-11-13 19:21:00+01;1469
2014-11-13 19:29:00+01;1439
2014-11-14 07:25:00+01;1489
2014-11-14 10:17:00+01;1469
2014-11-14 12:41:00+01;1439
2014-11-14 15:21:00+01;1419
2014-11-14 16:05:00+01;1419
2014-11-14 16:25:00+01;1419
2014-11-14 19:20:00+01;1439
2014-11-15 07:41:00+01;1499
2014-11-15 11:33:00+01;1479
2014-11-15 13:09:00+01;1459
2014-11-17 06:49:00+01;1499
2014-11-17 08:41:00+01;1479
2014-11-17 11:21:00+01;1449
2014-11-17 12:57:00+01;1429
2014-11-17 15:37:00+01;1409
2014-11-17 19:09:00+01;1439
2014-11-18 06:53:00+01;1499
2014-11-18 08:37:00+01;1479
2014-11-18 10:01:00+01;1459
2014-11-18 12:49:00+01;1429
2014-11-18 14:57:00+01;1419
2014-11-18 18:25:00+01;1409
2014-11-18 19:09:00+01;1439
2014-11-19 07:13:00+01;1479
2014-11-19 10:01:00+01;1459
2014-11-19 11:25:00+01;1439
2014-11-19 12:49:00+01;1429
2014-11-19 14:01:00+01;1419
2014-11-19 15:33:00+01;1409
2014-11-19 16:45:00+01;1399
2014-11-19 19:17:00+01;1429
2014-11-20 07:33:00+01;1479
2014-11-20 12:01:00+01;1459
2014-11-20 13:17:00+01;1419
2014-11-20 18:57:00+01;1449
2014-11-21 07:29:00+01;1459
2014-11-21 09:17:00+01;1439
2014-11-21 10:41:00+01;1419
2014-11-21 13:33:00+01;1399
2014-11-21 14:57:00+01;1399
2014-11-21 19:09:00+01;1429
2014-11-22 07:21:00+01;1489
2014-11-22 11:57:00+01;1449
2014-11-22 15:13:00+01;1409
2014-11-24 07:49:00+01;1489
2014-11-24 10:01:00+01;1469
2014-11-24 12:29:00+01;1449
2014-11-24 15:01:00+01;1419
2014-11-24 16:29:00+01;1409
2014-11-24 17:13:00+01;1389
2014-11-24 18:53:00+01;1419
2014-11-25 06:49:00+01;1459
2014-11-25 08:53:00+01;1429
2014-11-25 11:01:00+01;1409
2014-11-25 15:17:00+01;1399
2014-11-25 19:01:00+01;1429
2014-11-26 07:09:00+01;1459
2014-11-26 08:49:00+01;1439
2014-11-26 11:53:00+01;1419
2014-11-26 13:13:00+01;1409
2014-11-26 16:09:00+01;1399
2014-11-26 19:21:00+01;1429
2014-11-27 07:09:00+01;1459
2014-11-27 09:33:00+01;1419
2014-11-27 16:37:00+01;1399
2014-11-27 19:21:00+01;1429
2014-11-28 07:13:00+01;1439
2014-11-28 08:45:00+01;1419
2014-11-28 12:49:00+01;1409
2014-11-28 15:21:00+01;1399
2014-11-28 19:05:00+01;1429
2014-11-29 07:41:00+01;1419
2014-11-29 12:05:00+01;1399
2014-11-29 13:13:00+01;1389
2014-11-30 10:53:00+01;1399
2014-12-01 10:37:00+01;1379
2014-12-01 12:29:00+01;1369
2014-12-01 16:53:00+01;1359
2014-12-01 19:14:00+01;1389
2014-12-02 07:17:00+01;1419
2014-12-02 10:13:00+01;1409
2014-12-02 11:14:00+01;1399
2014-12-02 12:45:00+01;1379
2014-12-02 15:33:00+01;1369
2014-12-02 17:29:00+01;1359
2014-12-02 19:05:00+01;1389
2014-12-03 07:09:00+01;1389
2014-12-03 09:09:00+01;1369
2014-12-03 11:17:00+01;1369
2014-12-03 12:45:00+01;1359
2014-12-03 14:29:00+01;1349
2014-12-03 19:17:00+01;1379
2014-12-04 07:13:00+01;1389
2014-12-04 09:37:00+01;1359
2014-12-04 12:13:00+01;1349
2014-12-04 19:05:00+01;1379
2014-12-05 07:21:00+01;1379
2014-12-05 08:49:00+01;1359
2014-12-05 10:29:00+01;1349
2014-12-05 12:13:00+01;1349
2014-12-05 19:21:00+01;1379
2014-12-06 07:33:00+01;1389
2014-12-06 12:05:00+01;1369
2014-12-06 14:01:00+01;1349
2014-12-08 07:13:00+01;1379
2014-12-08 09:05:00+01;1359
2014-12-08 11:09:00+01;1339
2014-12-08 12:53:00+01;1329
2014-12-08 15:01:00+01;1329
2014-12-08 19:05:00+01;1359
2014-12-09 07:09:00+01;1389
2014-12-09 09:21:00+01;1359
2014-12-09 11:53:00+01;1349
2014-12-09 12:41:00+01;1339
2014-12-09 16:33:00+01;1339
2014-12-10 07:21:00+01;1359
2014-12-10 09:01:00+01;1339
2014-12-10 11:21:00+01;1339
2014-12-10 15:29:00+01;1339
2014-12-11 07:01:00+01;1359
2014-12-11 08:49:00+01;1339
2014-12-11 12:49:00+01;1299
2014-12-11 15:25:00+01;1299
2014-12-12 07:09:00+01;1339
2014-12-12 08:49:00+01;1329
2014-12-13 07:01:00+01;1359
2014-12-13 08:01:00+01;1339
2014-12-13 10:05:00+01;1319
2014-12-13 13:53:00+01;1299
2014-12-14 16:30:01+01;1299
2014-12-15 07:34:01+01;1329
2014-12-15 10:02:01+01;1319
2014-12-15 12:42:01+01;1309
2014-12-15 14:56:13+01;1289
2014-12-16 07:02:01+01;1329
2014-12-16 09:42:01+01;1299
2014-12-16 11:30:01+01;1299
2014-12-16 14:26:01+01;1299
2014-12-16 15:38:01+01;1309
2014-12-17 07:02:01+01;1329
2014-12-17 09:14:01+01;1309
2014-12-18 07:10:01+01;1299
2014-12-18 11:30:01+01;1289
2014-12-18 13:06:01+01;1269
2014-12-18 16:10:01+01;1259
2014-12-19 07:54:01+01;1249
2014-12-19 19:06:01+01;1279
2014-12-20 08:14:01+01;1329
2014-12-20 09:14:01+01;1319
2014-12-20 13:26:01+01;1299
2014-12-20 15:54:01+01;1269
2014-12-22 07:10:01+01;1319
2014-12-22 09:42:01+01;1289
2014-12-22 13:38:01+01;1279
2014-12-22 16:18:01+01;1269
2014-12-23 07:06:01+01;1319
2014-12-23 11:02:01+01;1319
2014-12-24 11:34:01+01;1299
2014-12-24 13:54:01+01;1259
2014-12-26 13:30:01+01;1289
2014-12-27 07:10:01+01;1319
2014-12-27 10:30:01+01;1289
2014-12-27 14:46:01+01;1269
2014-12-29 07:10:02+01;1309
2014-12-29 09:14:01+01;1279
2014-12-29 12:26:01+01;1269
2014-12-29 14:50:02+01;1269
2014-12-30 07:02:01+01;1309
2014-12-30 10:30:01+01;1279
2014-12-30 15:50:01+01;1279
2014-12-31 07:22:01+01;1309
2014-12-31 12:46:01+01;1259
2015-01-02 09:22:01+01;1299
2015-01-02 14:34:01+01;1249
2015-01-02 17:06:01+01;1249
2015-01-03 07:58:01+01;1289
2015-01-03 08:38:01+01;1309
2015-01-03 12:54:01+01;1269
2015-01-03 16:10:01+01;1299
2015-01-04 16:54:01+01;1269
2015-01-05 07:26:01+01;1309
2015-01-05 12:02:01+01;1279
2015-01-05 14:46:02+01;1249
2015-01-06 07:06:01+01;1309
2015-01-06 10:50:01+01;1279
2015-01-06 14:10:01+01;1259
2015-01-06 15:50:01+01;1249
2015-01-07 07:06:01+01;1299
2015-01-07 10:02:01+01;1279
2015-01-07 12:50:01+01;1259
2015-01-07 14:50:01+01;1239
2015-01-08 07:10:01+01;1299
2015-01-08 12:18:01+01;1239
2015-01-08 15:30:02+01;1229
2015-01-08 19:02:01+01;1229
2015-01-09 09:50:01+01;1309
2015-01-09 10:22:01+01;1309
2015-01-09 11:10:01+01;1299
2015-01-09 12:54:01+01;1279
2015-01-09 14:26:01+01;1259
2015-01-09 18:54:01+01;1239
2015-01-10 07:30:01+01;1319
2015-01-10 09:54:01+01;1299
2015-01-12 09:46:01+01;1279
2015-01-12 12:38:01+01;1259
2015-01-12 14:02:01+01;1239
2015-01-12 16:26:01+01;1229
2015-01-13 06:58:01+01;1309
2015-01-13 09:42:01+01;1269
2015-01-13 14:10:01+01;1249
2015-01-13 15:38:01+01;1229
2015-01-13 16:06:01+01;1219
2015-01-14 07:06:01+01;1289
2015-01-14 10:50:01+01;1239
2015-01-14 12:46:01+01;1219
2015-01-14 15:42:02+01;1219
2015-01-14 17:10:01+01;1209
2015-01-15 07:02:01+01;1279
2015-01-15 09:50:01+01;1249
2015-01-15 14:54:01+01;1209
2015-01-16 07:10:01+01;1259
2015-01-16 09:50:01+01;1199
2015-01-17 07:26:01+01;1289
2015-01-17 12:14:01+01;1259
2015-01-17 15:54:01+01;1239
2015-01-19 09:54:02+01;1259
2015-01-19 11:34:01+01;1259
2015-01-19 14:54:01+01;1239
2015-01-20 07:10:01+01;1289
2015-01-20 09:46:01+01;1269
2015-01-20 11:06:01+01;1249
2015-01-20 16:26:01+01;1239
2015-01-21 07:22:01+01;1289
2015-01-21 09:50:01+01;1269
2015-01-21 10:46:02+01;1259
2015-01-21 13:54:01+01;1249
2015-01-21 15:38:01+01;1229
2015-01-22 07:10:01+01;1289
2015-01-22 10:06:01+01;1219
2015-01-23 07:58:01+01;1269
2015-01-23 09:46:01+01;1249
2015-01-23 12:02:01+01;1229
2015-01-23 16:46:01+01;1219
2015-01-24 07:30:01+01;1269
2015-01-24 12:02:01+01;1249
2015-01-24 14:30:01+01;1229
2015-01-26 07:18:01+01;1289
2015-01-26 08:10:01+01;1279
2015-01-26 09:46:01+01;1259
2015-01-26 12:38:01+01;1239
2015-01-27 07:06:01+01;1279
2015-01-27 11:58:01+01;1259
2015-01-27 14:10:01+01;1239
2015-01-27 17:02:01+01;1229
2015-01-28 07:14:01+01;1289
2015-01-28 08:38:01+01;1269
2015-01-28 12:42:01+01;1249
2015-01-28 14:30:01+01;1229
2015-01-29 07:18:01+01;1279
2015-01-29 09:30:01+01;1259
2015-01-29 13:06:01+01;1239
2015-01-29 17:14:01+01;1229
2015-01-30 07:46:01+01;1289
2015-01-30 09:26:01+01;1269
2015-01-30 11:22:01+01;1249
2015-01-30 16:34:01+01;1239
2015-01-31 08:50:01+01;1279
2015-01-31 10:42:01+01;1239
2015-01-31 18:30:01+01;1229
2015-02-02 07:10:01+01;1289
2015-02-02 09:06:01+01;1269
2015-02-02 13:10:01+01;1249
2015-02-02 14:46:01+01;1239
2015-02-03 07:06:01+01;1289
2015-02-03 10:18:01+01;1279
2015-02-04 07:02:01+01;1309
2015-02-04 09:42:01+01;1289
2015-02-04 12:38:01+01;1269
2015-02-05 06:54:01+01;1319
2015-02-05 08:50:01+01;1299
2015-02-05 13:06:01+01;1269
2015-02-06 07:06:01+01;1309
2015-02-06 09:18:01+01;1289
2015-02-06 12:46:01+01;1249
2015-02-07 07:26:01+01;1349
2015-02-07 11:10:01+01;1309
2015-02-07 13:50:01+01;1279
2015-02-07 15:54:01+01;1269
2015-02-09 07:10:01+01;1349
2015-02-09 09:26:01+01;1329
2015-02-09 13:46:01+01;1299
2015-02-09 16:26:01+01;1279
2015-02-10 07:02:01+01;1359
2015-02-10 09:30:01+01;1289
2015-02-10 10:34:01+01;1279
2015-02-11 07:06:01+01;1359
2015-02-11 08:22:01+01;1339
2015-02-11 09:50:01+01;1319
2015-02-11 12:42:01+01;1309
2015-02-11 14:14:01+01;1289
2015-02-12 07:10:01+01;1359
2015-02-12 09:22:01+01;1339
2015-02-12 13:26:01+01;1319
2015-02-12 16:46:01+01;1289
2015-02-13 08:58:01+01;1329
2015-02-13 12:38:01+01;1299
2015-02-13 16:42:01+01;1289
2015-02-14 07:14:01+01;1369
2015-02-14 08:38:01+01;1359
2015-02-14 14:38:01+01;1309
2015-02-16 07:06:01+01;1369
2015-02-16 08:42:01+01;1349
2015-02-16 11:02:01+01;1329
2015-02-16 12:46:01+01;1319
2015-02-16 15:10:01+01;1299
2015-02-17 07:10:01+01;1369
2015-02-17 09:02:01+01;1349
2015-02-17 11:18:01+01;1329
2015-02-17 13:54:01+01;1309
2015-02-18 07:06:01+01;1369
2015-02-18 08:34:01+01;1359
2015-02-18 10:54:01+01;1339
2015-02-18 13:58:01+01;1319
2015-02-18 17:06:01+01;1299
2015-02-19 07:10:01+01;1379
2015-02-19 08:58:01+01;1359
2015-02-19 12:46:01+01;1329
2015-02-19 14:18:01+01;1309
2015-02-19 18:22:01+01;1299
2015-02-19 19:30:01+01;1289
2015-02-20 07:06:01+01;1389
2015-02-20 11:10:01+01;1349
2015-02-20 14:42:01+01;1299
2015-02-21 07:22:01+01;1339
2015-02-21 12:14:01+01;1299
2015-02-21 14:02:01+01;1299
2015-02-23 07:10:01+01;1369
2015-02-23 08:54:01+01;1349
2015-02-23 10:22:02+01;1329
2015-02-23 11:54:01+01;1309
2015-02-23 14:30:01+01;1299
2015-02-23 16:02:01+01;1289
2015-02-24 06:58:01+01;1369
2015-02-24 09:30:01+01;1339
2015-02-24 12:18:01+01;1319
2015-02-24 14:26:01+01;1319
2015-02-24 18:22:01+01;1299
2015-02-25 01:26:01+01;1299
2015-02-25 07:22:01+01;1369
2015-02-25 12:46:01+01;1319
2015-02-25 15:42:01+01;1299
2015-02-26 07:10:01+01;1369
2015-02-26 09:10:01+01;1349
2015-02-26 10:58:01+01;1329
2015-02-26 14:06:01+01;1309
2015-02-27 07:34:01+01;1359
2015-02-27 09:06:01+01;1349
2015-02-27 11:06:01+01;1329
2015-02-27 15:14:01+01;1329
2015-02-28 07:38:01+01;1389
2015-02-28 12:34:01+01;1359
2015-02-28 13:30:01+01;1329
2015-03-02 07:06:01+01;1389
2015-03-02 09:22:01+01;1379
2015-03-02 10:14:01+01;1369
2015-03-02 12:38:01+01;1349
2015-03-02 14:26:01+01;1339
2015-03-02 16:14:01+01;1339
2015-03-03 07:02:01+01;1409
2015-03-03 08:30:01+01;1379
2015-03-03 12:06:01+01;1349
2015-03-03 13:58:01+01;1339
2015-03-04 07:10:01+01;1389
2015-03-04 09:02:01+01;1369
2015-03-04 10:58:01+01;1349
2015-03-04 13:18:01+01;1339
2015-03-04 15:18:01+01;1329
2015-03-05 08:58:01+01;1379
2015-03-05 11:06:01+01;1349
2015-03-05 14:30:01+01;1339
2015-03-06 07:06:01+01;1399
2015-03-06 08:42:01+01;1379
2015-03-06 10:06:01+01;1369
2015-03-06 12:02:01+01;1349
2015-03-07 07:22:01+01;1419
2015-03-07 13:26:01+01;1379
2015-03-07 16:02:01+01;1369
2015-03-09 07:10:01+01;1409
2015-03-09 08:38:01+01;1389
2015-03-09 10:06:01+01;1369
2015-03-09 15:02:01+01;1349
2015-03-10 07:10:02+01;1419
2015-03-10 08:30:01+01;1399
2015-03-10 09:46:01+01;1379
2015-03-10 13:10:01+01;1359
2015-03-11 07:14:01+01;1419
2015-03-11 09:38:01+01;1389
2015-03-11 12:38:01+01;1369
2015-03-11 14:34:01+01;1369
2015-03-12 07:10:01+01;1409
2015-03-12 09:10:01+01;1379
2015-03-12 13:38:01+01;1359
2015-03-12 15:22:01+01;1359
2015-03-13 07:46:01+01;1389
2015-03-13 10:30:01+01;1389
2015-03-13 12:34:01+01;1369
2015-03-14 07:30:01+01;1419
2015-03-14 10:54:01+01;1389
2015-03-16 07:06:01+01;1419
2015-03-16 09:38:01+01;1389
2015-03-16 13:02:01+01;1379
2015-03-16 14:58:01+01;1369
2015-03-17 07:14:01+01;1439
2015-03-17 08:46:01+01;1389
2015-03-17 12:22:01+01;1379
2015-03-17 15:26:01+01;1359
2015-03-18 07:06:01+01;1409
2015-03-18 11:02:01+01;1389
2015-03-18 14:18:01+01;1369
2015-03-18 16:34:01+01;1349
2015-03-18 18:46:01+01;1349
2015-03-19 07:18:01+01;1399
2015-03-19 09:14:01+01;1379
2015-03-19 13:34:01+01;1359
2015-03-19 16:18:01+01;1349
2015-03-20 07:10:01+01;1409
2015-03-20 08:58:01+01;1389
2015-03-20 10:54:01+01;1379
2015-03-20 16:54:01+01;1339
2015-03-21 07:14:01+01;1409
2015-03-21 10:10:01+01;1399
2015-03-21 14:18:01+01;1359
2015-03-22 10:18:01+01;1399
2015-03-22 13:06:01+01;1369
2015-03-23 07:18:01+01;1419
2015-03-23 08:58:01+01;1389
2015-03-23 13:06:01+01;1379
2015-03-23 14:58:01+01;1359
2015-03-23 18:54:01+01;1349
2015-03-24 07:54:01+01;1409
2015-03-24 10:22:01+01;1379
2015-03-24 14:02:01+01;1369
2015-03-24 15:02:01+01;1349
2015-03-25 07:10:01+01;1409
2015-03-25 09:14:01+01;1389
2015-03-25 11:06:01+01;1369
2015-03-25 14:02:01+01;1359
2015-03-25 15:46:01+01;1359
2015-03-26 07:06:01+01;1419
2015-03-26 08:58:01+01;1389
2015-03-26 12:10:01+01;1369
2015-03-26 16:22:01+01;1359
2015-03-26 16:54:01+01;1359
2015-03-27 07:10:01+01;1419
2015-03-27 09:30:01+01;1399
2015-03-27 11:46:01+01;1399
2015-03-27 13:06:01+01;1379
2015-03-28 07:30:01+01;1419
2015-03-28 13:54:01+01;1370
2015-03-29 09:50:01+02;1369
2015-03-31 08:14:01+02;1419
2015-03-31 09:54:01+02;1399
2015-03-31 11:14:01+02;1389
2015-03-31 13:02:01+02;1379
2015-03-31 15:30:01+02;1369
2015-03-31 17:06:01+02;1369
2015-03-31 18:22:01+02;1359
2015-04-01 07:06:01+02;1419
2015-04-01 10:02:01+02;1389
2015-04-01 12:50:01+02;1379
2015-04-01 16:22:01+02;1379
2015-04-02 07:06:01+02;1439
2015-04-02 08:50:01+02;1409
2015-04-02 12:30:01+02;1399
2015-04-03 09:22:01+02;1459
2015-04-03 11:34:01+02;1449
2015-04-03 16:34:01+02;1409
2015-04-04 08:06:01+02;1449
2015-04-04 10:18:01+02;1429
2015-04-04 12:06:01+02;1409
2015-04-05 10:02:01+02;1439
2015-04-07 07:10:01+02;1449
2015-04-07 09:22:01+02;1439
2015-04-07 12:38:01+02;1409
2015-04-07 14:22:01+02;1399
2015-04-07 16:10:01+02;1389
2015-04-08 07:14:01+02;1459
2015-04-08 11:54:01+02;1399
2015-04-08 14:18:01+02;1379
2015-04-08 17:34:01+02;1369
2015-04-09 07:06:01+02;1439
2015-04-09 08:30:01+02;1419
2015-04-09 10:46:01+02;1399
2015-04-09 13:22:01+02;1379
2015-04-10 06:18:01+02;1459
2015-04-10 10:26:01+02;1409
2015-04-10 12:50:01+02;1399
2015-04-10 14:26:01+02;1379
2015-04-11 07:18:01+02;1439
2015-04-11 12:26:01+02;1389
2015-04-12 09:46:01+02;1449
2015-04-12 10:54:01+02;1439
2015-04-12 12:50:01+02;1389
2015-04-13 07:22:01+02;1439
2015-04-13 08:34:01+02;1419
2015-04-13 10:34:01+02;1399
2015-04-13 12:54:01+02;1379
2015-04-13 15:34:01+02;1369
2015-04-14 09:22:01+02;1409
2015-04-14 16:22:01+02;1389
2015-04-15 07:10:01+02;1459
2015-04-15 09:06:01+02;1439
2015-04-15 11:46:01+02;1419
2015-04-15 17:22:01+02;1389
2015-04-16 07:02:01+02;1459
2015-04-16 08:42:01+02;1439
2015-04-16 12:54:01+02;1409
2015-04-17 07:14:01+02;1469
2015-04-17 08:34:01+02;1449
2015-04-17 10:46:02+02;1429
2015-04-17 15:14:01+02;1399
2015-04-18 11:10:01+02;1439
2015-04-18 13:22:01+02;1409
2015-04-20 07:14:01+02;1469
2015-04-20 11:34:01+02;1449
2015-04-20 16:38:01+02;1409
2015-04-21 11:02:01+02;1439
2015-04-21 13:30:01+02;1419
2015-04-21 15:38:01+02;1419
2015-04-21 16:34:01+02;1419
2015-04-22 07:30:01+02;1479
2015-04-22 10:30:01+02;1449
2015-04-22 11:54:01+02;1429
2015-04-22 14:22:01+02;1409
2015-04-23 07:14:01+02;1469
2015-04-23 08:54:01+02;1449
2015-04-23 11:18:01+02;1429
2015-04-23 14:42:01+02;1409
2015-04-23 16:30:01+02;1399
2015-04-24 07:34:01+02;1479
2015-04-24 09:22:01+02;1449
2015-04-24 12:10:01+02;1429
2015-04-24 14:06:01+02;1409
2015-04-25 07:22:01+02;1479
2015-04-25 10:02:01+02;1459
2015-04-25 11:46:01+02;1419
2015-04-26 10:42:01+02;1439
2015-04-27 07:10:01+02;1479
2015-04-27 09:10:01+02;1449
2015-04-27 12:14:01+02;1429
2015-04-27 14:50:01+02;1419
2015-04-27 16:30:01+02;1419
2015-04-27 17:42:01+02;1419
2015-04-28 07:30:01+02;1479
2015-04-28 08:58:01+02;1459
2015-04-28 14:50:01+02;1429
2015-04-28 18:22:01+02;1419
2015-04-29 07:10:01+02;1489
2015-04-29 08:42:01+02;1469
2015-04-29 11:06:01+02;1449
2015-04-29 13:46:01+02;1429
2015-04-29 14:42:01+02;1419
2015-04-29 15:54:01+02;1419
2015-04-30 07:34:01+02;1469
2015-04-30 09:34:01+02;1449
2015-04-30 13:14:01+02;1429
2015-04-30 15:54:01+02;1419
2015-05-02 07:18:01+02;1489
2015-05-02 08:50:01+02;1469
2015-05-02 10:46:01+02;1459
2015-05-02 12:54:01+02;1439
2015-05-04 07:02:01+02;1489
2015-05-04 08:38:01+02;1429
2015-05-04 13:58:01+02;1419
2015-05-05 08:42:01+02;1409
2015-05-05 13:34:01+02;1409
2015-05-06 07:10:01+02;1479
2015-05-06 08:54:01+02;1449
2015-05-06 12:50:01+02;1419
2015-05-07 07:10:01+02;1489
2015-05-07 08:30:01+02;1469
2015-05-07 11:26:01+02;1449
2015-05-07 13:10:01+02;1429
2015-05-07 18:38:01+02;1429
2015-05-08 05:54:01+02;1509
2015-05-08 09:42:01+02;1459
2015-05-08 13:10:01+02;1429
2015-05-08 16:10:01+02;1409
2015-05-09 07:26:01+02;1479
2015-05-09 11:02:01+02;1439
2015-05-09 13:38:01+02;1429
2015-05-11 07:06:01+02;1469
2015-05-11 09:02:01+02;1449
2015-05-11 13:06:01+02;1429
2015-05-11 15:42:01+02;1409
2015-05-12 07:10:01+02;1469
2015-05-12 09:06:01+02;1449
2015-05-12 12:46:01+02;1429
2015-05-12 15:46:01+02;1409
2015-05-13 07:10:01+02;1459
2015-05-13 08:30:01+02;1439
2015-05-13 10:10:01+02;1419
2015-05-13 14:22:01+02;1409
2015-05-13 16:34:01+02;1409
2015-05-15 06:02:01+02;1489
2015-05-15 09:34:01+02;1469
2015-05-15 10:58:01+02;1449
2015-05-15 13:50:01+02;1429
2015-05-15 17:58:01+02;1419
2015-05-16 07:02:01+02;1479
2015-05-16 09:26:01+02;1459
2015-05-16 13:02:01+02;1449
2015-05-18 07:10:01+02;1469
2015-05-18 09:06:01+02;1449
2015-05-18 15:58:01+02;1409
2015-05-19 07:42:01+02;1459
2015-05-19 10:06:01+02;1439
2015-05-19 11:50:01+02;1429
2015-05-19 12:42:01+02;1419
2015-05-19 14:14:01+02;1399
2015-05-19 16:58:01+02;1399
2015-05-20 07:14:01+02;1469
2015-05-20 08:42:01+02;1449
2015-05-20 10:18:01+02;1429
2015-05-20 12:42:01+02;1409
2015-05-20 16:22:01+02;1409
2015-05-21 07:06:01+02;1469
2015-05-21 08:34:01+02;1449
2015-05-21 11:18:01+02;1429
2015-05-22 07:42:01+02;1479
2015-05-22 09:14:01+02;1459
2015-05-22 12:06:01+02;1439
2015-05-22 14:38:01+02;1419
2015-05-22 15:46:01+02;1419
2015-05-23 07:06:01+02;1509
2015-05-23 09:46:01+02;1479
2015-05-23 11:30:01+02;1469
2015-05-23 13:22:01+02;1449
2015-05-26 06:46:01+02;1509
2015-05-26 09:58:01+02;1499
2015-05-26 12:54:01+02;1489
2015-05-26 13:54:01+02;1479
2015-05-26 15:10:01+02;1469
2015-05-26 18:14:01+02;1429
2015-05-26 19:30:01+02;1449
2015-05-27 06:02:01+02;1469
2015-05-27 09:18:01+02;1439
2015-05-27 14:14:01+02;1409
2015-05-28 06:50:01+02;1459
2015-05-28 09:58:01+02;1439
2015-05-28 15:46:01+02;1399
2015-05-29 06:50:01+02;1459
2015-05-29 08:50:01+02;1449
2015-05-29 11:54:01+02;1439
2015-05-29 15:46:01+02;1409
2015-05-30 07:18:01+02;1469
2015-05-30 12:34:01+02;1429
2015-05-30 12:38:01+02;1409
2015-05-30 14:18:01+02;1409
2015-05-31 12:42:01+02;1419
2015-06-01 07:30:01+02;1469
2015-06-01 09:38:01+02;1449
2015-06-01 11:34:01+02;1429
2015-06-01 14:06:01+02;1419
2015-06-01 15:26:01+02;1419
2015-06-02 06:46:01+02;1489
2015-06-02 08:46:01+02;1469
2015-06-02 10:34:01+02;1459
2015-06-02 11:22:01+02;1449
2015-06-02 12:34:01+02;1439
2015-06-02 16:42:01+02;1429
2015-06-03 07:06:01+02;1489
2015-06-03 08:30:01+02;1469
2015-06-03 12:06:01+02;1449
2015-06-03 14:26:01+02;1429
2015-06-04 07:06:01+02;1489
2015-06-04 08:54:01+02;1469
2015-06-04 10:30:01+02;1449
2015-06-04 15:50:01+02;1409
2015-06-04 17:26:01+02;1409
2015-06-05 10:22:01+02;1409
2015-06-06 07:22:01+02;1489
2015-06-06 10:42:01+02;1459
2015-06-06 12:46:01+02;1439
2015-06-06 16:42:01+02;1419
2015-06-08 07:22:01+02;1489
2015-06-08 09:26:01+02;1469
2015-06-08 10:42:01+02;1459
2015-06-08 13:22:01+02;1439
2015-06-08 15:38:01+02;1419
2015-06-09 07:46:01+02;1459
2015-06-09 13:38:01+02;1419
2015-06-09 19:10:01+02;1439
2015-06-10 07:14:01+02;1469
2015-06-10 08:42:01+02;1449
2015-06-10 10:50:01+02;1439
2015-06-10 15:38:01+02;1409
2015-06-11 07:22:02+02;1469
2015-06-11 09:06:01+02;1439
2015-06-11 11:26:01+02;1419
2015-06-12 06:06:01+02;1509
2015-06-12 09:26:01+02;1489
2015-06-12 12:58:01+02;1439
2015-06-12 18:10:01+02;1429
2015-06-13 07:18:01+02;1519
2015-06-13 10:46:01+02;1469
2015-06-13 15:22:01+02;1449
2015-06-15 07:10:01+02;1479
2015-06-15 09:38:01+02;1449
2015-06-15 15:30:01+02;1439
2015-06-16 07:06:01+02;1489
2015-06-16 08:34:01+02;1479
2015-06-16 09:50:01+02;1469
2015-06-16 12:18:01+02;1449
2015-06-16 15:34:01+02;1439
2015-06-17 07:10:01+02;1479
2015-06-17 10:42:01+02;1459
2015-06-17 12:38:01+02;1439
2015-06-18 07:54:01+02;1489
2015-06-18 17:58:01+02;1469
2015-06-19 07:26:01+02;1499
2015-06-19 17:06:01+02;1479
2015-06-20 07:26:01+02;1529
2015-06-20 13:22:01+02;1479
2015-06-22 07:06:01+02;1509
2015-06-22 12:22:01+02;1499
2015-06-22 17:38:01+02;1479
2015-06-23 07:14:01+02;1519
2015-06-23 09:38:01+02;1509
2015-06-23 15:26:01+02;1499
2015-06-23 17:18:01+02;1479
2015-06-24 07:06:01+02;1509
2015-06-24 11:54:01+02;1489
2015-06-24 17:14:01+02;1469
2015-06-25 07:10:01+02;1509
2015-06-25 11:30:01+02;1499
2015-06-25 14:54:01+02;1479
2015-06-26 07:22:01+02;1529
2015-06-26 11:02:01+02;1499
2015-06-26 15:02:01+02;1489
2015-06-26 18:10:01+02;1479
2015-06-27 07:18:01+02;1519
2015-06-27 15:06:01+02;1469
2015-06-29 07:06:01+02;1519
2015-06-29 12:38:01+02;1499
2015-06-29 15:38:01+02;1489
2015-06-29 18:38:01+02;1479
2015-06-30 07:18:01+02;1509
2015-06-30 10:38:01+02;1479
2015-06-30 12:02:01+02;1469
2015-06-30 17:10:01+02;1469
2015-07-01 06:38:01+02;1509
2015-07-01 11:58:01+02;1479
2015-07-01 18:26:01+02;1469
2015-07-02 07:46:01+02;1519
2015-07-02 13:42:02+02;1489
2015-07-02 16:10:01+02;1479
2015-07-02 17:38:01+02;1449
2015-07-03 07:30:01+02;1519
2015-07-03 10:22:01+02;1509
2015-07-03 11:14:01+02;1479
2015-07-04 07:34:01+02;1529
2015-07-04 13:58:01+02;1499
2015-07-06 07:06:01+02;1559
2015-07-06 09:30:01+02;1539
2015-07-06 10:42:01+02;1529
2015-07-06 13:10:01+02;1499
2015-07-06 15:30:01+02;1499
2015-07-06 18:46:01+02;1469
2015-07-07 07:18:01+02;1529
2015-07-07 10:30:01+02;1489
2015-07-07 19:18:01+02;1479
2015-07-08 07:10:01+02;1539
2015-07-08 10:18:01+02;1539
2015-07-08 11:06:01+02;1489
2015-07-09 07:02:01+02;1539
2015-07-09 09:42:01+02;1539
2015-07-09 12:54:01+02;1529
2015-07-09 17:14:01+02;1469
2015-07-10 06:54:01+02;1509
2015-07-10 14:10:01+02;1519
2015-07-10 15:10:01+02;1509
2015-07-10 15:46:01+02;1489
2015-07-10 18:30:01+02;1479
2015-07-11 07:14:01+02;1509
2015-07-11 12:02:01+02;1499
2015-07-11 14:18:01+02;1529
2015-07-11 16:10:01+02;1519
2015-07-13 07:02:01+02;1519
2015-07-13 12:50:01+02;1539
2015-07-13 15:34:01+02;1529
2015-07-13 16:46:01+02;1509
2015-07-14 07:06:01+02;1529
2015-07-14 11:50:01+02;1509
2015-07-14 16:34:01+02;1489
2015-07-15 06:58:01+02;1529
2015-07-15 11:02:01+02;1509
2015-07-15 12:34:01+02;1499
2015-07-15 14:18:01+02;1529
2015-07-15 15:06:01+02;1519
2015-07-15 15:26:01+02;1489
2015-07-16 07:02:01+02;1499
2015-07-16 11:46:01+02;1469
2015-07-16 14:02:01+02;1489
2015-07-16 17:30:02+02;1459
2015-07-17 07:02:01+02;1479
2015-07-17 12:38:01+02;1469
2015-07-17 15:58:01+02;1439
2015-07-18 07:18:01+02;1479
2015-07-20 07:02:01+02;1489
2015-07-20 11:30:01+02;1459
2015-07-20 14:26:01+02;1469
2015-07-20 15:46:01+02;1439
2015-07-20 16:38:02+02;1429
2015-07-20 18:10:01+02;1419
2015-07-21 07:10:01+02;1469
2015-07-21 16:26:01+02;1449
2015-07-22 07:14:01+02;1489
2015-07-22 08:42:01+02;1479
2015-07-22 11:14:01+02;1469
2015-07-22 14:14:01+02;1499
2015-07-22 15:06:01+02;1479
2015-07-22 16:38:01+02;1469
2015-07-22 17:30:01+02;1459
2015-07-23 07:10:01+02;1499
2015-07-23 11:54:01+02;1499
2015-07-23 13:22:01+02;1499
2015-07-23 17:22:01+02;1479
2015-07-24 07:02:01+02;1489
2015-07-24 11:34:01+02;1479
2015-07-24 16:30:01+02;1449
2015-07-24 19:10:01+02;1439
2015-07-25 07:10:01+02;1479
2015-07-25 11:38:01+02;1449
2015-07-25 12:42:01+02;1479
2015-07-27 11:34:01+02;1479
2015-07-27 14:58:01+02;1459
2015-07-27 18:46:01+02;1429
2015-07-28 07:18:01+02;1469
2015-07-28 11:54:01+02;1439
2015-07-28 15:10:01+02;1469
2015-07-28 16:38:01+02;1439
2015-07-28 17:54:01+02;1429
2015-07-29 07:02:01+02;1459
2015-07-29 11:22:01+02;1459
2015-07-29 15:50:01+02;1409
2015-07-30 07:02:01+02;1459
2015-07-30 11:14:01+02;1439
2015-07-30 16:06:01+02;1429
2015-07-30 17:46:01+02;1419
2015-07-31 07:34:01+02;1469
2015-07-31 10:38:01+02;1449
2015-07-31 11:30:01+02;1429
2015-07-31 14:34:01+02;1449
2015-07-31 16:14:01+02;1429
2015-07-31 19:10:01+02;1419
2015-08-01 07:14:01+02;1469
2015-08-01 15:34:01+02;1429
2015-08-03 07:06:01+02;1469
2015-08-03 12:58:01+02;1479
2015-08-03 16:22:01+02;1439
2015-08-03 19:06:01+02;1429
2015-08-04 07:10:01+02;1459
2015-08-04 12:10:01+02;1449
2015-08-04 12:54:01+02;1479
2015-08-04 16:38:01+02;1439
2015-08-04 18:18:01+02;1419
2015-08-05 07:10:01+02;1449
2015-08-05 12:42:01+02;1469
2015-08-05 15:10:01+02;1449
2015-08-05 16:46:01+02;1439
2015-08-06 07:14:01+02;1459
2015-08-06 12:38:01+02;1449
2015-08-06 15:58:01+02;1439
2015-08-06 17:14:01+02;1429
2015-08-06 18:54:01+02;1419
2015-08-07 07:06:01+02;1459
2015-08-07 09:30:01+02;1449
2015-08-07 10:26:01+02;1439
2015-08-07 12:50:01+02;1429
2015-08-07 14:42:01+02;1419
2015-08-07 16:22:01+02;1409
2015-08-08 06:58:01+02;1439
2015-08-08 07:50:01+02;1439
2015-08-08 10:50:01+02;1429
2015-08-10 07:06:01+02;1449
2015-08-10 10:58:01+02;1439
2015-08-10 11:34:01+02;1429
2015-08-10 12:54:01+02;1419
2015-08-10 16:18:01+02;1459
2015-08-10 17:06:01+02;1409
2015-08-10 19:06:01+02;1409
2015-08-11 07:18:01+02;1449
2015-08-11 07:50:01+02;1439
2015-08-11 08:54:01+02;1429
2015-08-11 11:38:01+02;1419
2015-08-11 17:58:01+02;1389
2015-08-12 07:46:01+02;1439
2015-08-12 08:14:01+02;1419
2015-08-12 08:46:01+02;1429
2015-08-12 11:02:01+02;1429
2015-08-12 11:30:01+02;1419
2015-08-12 12:10:01+02;1409
2015-08-12 12:46:01+02;1399
2015-08-13 07:34:01+02;1429
2015-08-13 08:02:01+02;1419
2015-08-13 10:38:01+02;1409
2015-08-13 16:50:01+02;1399
2015-08-14 06:42:01+02;1419
2015-08-14 08:34:01+02;1409
2015-08-14 16:34:01+02;1399
2015-08-14 19:26:01+02;1389
2015-08-15 06:50:01+02;1419
2015-08-15 07:46:01+02;1419
2015-08-15 11:42:01+02;1409
2015-08-15 20:38:01+02;1359
2015-08-16 10:50:01+02;1399
2015-08-16 12:06:01+02;1359
2015-08-16 15:30:01+02;1359
2015-08-16 17:26:01+02;1359
2015-08-17 07:18:01+02;1419
2015-08-17 07:26:01+02;1409
2015-08-17 09:42:01+02;1369
2015-08-17 10:18:01+02;1359
2015-08-17 12:54:01+02;1359
2015-08-17 14:02:01+02;1389
2015-08-17 14:58:01+02;1379
2015-08-17 16:30:01+02;1369
2015-08-17 18:14:01+02;1359
2015-08-17 19:18:01+02;1349
2015-08-18 08:06:01+02;1389
2015-08-18 11:30:01+02;1379
2015-08-18 12:10:01+02;1369
2015-08-18 14:26:01+02;1379
2015-08-18 15:22:01+02;1379
2015-08-18 16:34:01+02;1369
2015-08-18 18:50:01+02;1359
2015-08-18 19:14:01+02;1349
2015-08-19 07:18:01+02;1359
2015-08-19 07:50:01+02;1399
2015-08-19 09:30:01+02;1389
2015-08-19 11:14:01+02;1389
2015-08-19 11:46:01+02;1379
2015-08-19 13:18:01+02;1409
2015-08-19 14:34:02+02;1379
2015-08-19 15:26:01+02;1379
2015-08-19 17:22:01+02;1349
2015-08-19 19:54:01+02;1339
2015-08-20 07:34:01+02;1389
2015-08-20 08:14:01+02;1379
2015-08-20 09:26:01+02;1379
2015-08-20 12:14:01+02;1369
2015-08-20 14:06:01+02;1359
2015-08-20 16:50:01+02;1339
2015-08-20 17:42:01+02;1339
2015-08-21 07:18:01+02;1389
2015-08-21 08:26:01+02;1379
2015-08-21 09:22:01+02;1369
2015-08-21 13:42:01+02;1379
2015-08-21 14:34:01+02;1379
2015-08-21 17:06:01+02;1359
2015-08-21 19:22:01+02;1349
2015-08-22 07:58:01+02;1389
2015-08-22 10:10:01+02;1369
2015-08-22 11:26:01+02;1359
2015-08-22 13:58:01+02;1369
2015-08-22 16:46:01+02;1359
2015-08-22 19:02:01+02;1329
2015-08-22 20:14:01+02;1339
2015-08-23 09:14:01+02;1349
2015-08-23 13:46:01+02;1349
2015-08-23 16:38:01+02;1339
2015-08-23 18:18:01+02;1329
2015-08-24 07:10:01+02;1379
2015-08-24 08:02:01+02;1359
2015-08-24 09:34:01+02;1339
2015-08-24 11:42:01+02;1329
2015-08-24 14:26:01+02;1359
2015-08-24 15:10:01+02;1349
2015-08-24 19:22:01+02;1349
2015-08-24 19:42:01+02;1329
2015-08-25 07:14:01+02;1379
2015-08-25 07:38:01+02;1359
2015-08-25 09:14:01+02;1349
2015-08-25 13:26:01+02;1359
2015-08-25 14:10:01+02;1349
2015-08-25 15:54:01+02;1339
2015-08-25 16:34:01+02;1349
2015-08-25 16:46:01+02;1329
2015-08-26 00:26:01+02;1329
2015-08-26 00:42:01+02;1329
2015-08-26 07:26:01+02;1359
2015-08-26 09:50:01+02;1349
2015-08-26 10:34:01+02;1339
2015-08-26 13:10:01+02;1319
2015-08-26 14:22:01+02;1309
2015-08-26 15:34:01+02;1299
2015-08-26 16:18:01+02;1319
2015-08-26 17:46:02+02;1319
2015-08-26 17:58:01+02;1319
2015-08-27 07:34:01+02;1349
2015-08-27 07:54:01+02;1329
2015-08-27 09:42:01+02;1329
2015-08-27 16:06:02+02;1319
2015-08-27 21:10:01+02;1309
2015-08-28 06:14:01+02;1339
2015-08-28 08:58:01+02;1319
2015-08-28 09:34:01+02;1319
2015-08-28 10:54:01+02;1309
2015-08-28 11:38:01+02;1299
2015-08-28 13:30:01+02;1319
2015-08-28 14:18:01+02;1309
2015-08-28 16:06:01+02;1299
2015-08-28 16:54:01+02;1289
2015-08-29 07:26:01+02;1349
2015-08-29 07:54:01+02;1339
2015-08-29 10:02:01+02;1309
2015-08-31 08:02:01+02;1359
2015-08-31 09:10:01+02;1339
2015-08-31 09:14:01+02;1329
2015-08-31 10:46:01+02;1319
2015-08-31 11:34:01+02;1299
2015-08-31 11:58:01+02;1279
2015-08-31 12:42:01+02;1279
2015-08-31 14:02:01+02;1339
2015-08-31 14:46:01+02;1299
2015-08-31 15:14:01+02;1289
2015-08-31 19:26:01+02;1279
2015-09-01 06:50:02+02;1359
2015-09-01 09:02:01+02;1349
2015-09-01 10:38:01+02;1339
2015-09-01 12:54:01+02;1329
2015-09-01 17:46:01+02;1309
2015-09-02 07:10:01+02;1379
2015-09-02 08:10:02+02;1349
2015-09-02 09:38:01+02;1339
2015-09-02 12:42:01+02;1329
2015-09-02 15:06:01+02;1319
2015-09-02 16:50:01+02;1309
2015-09-02 18:10:01+02;1299
2015-09-03 07:22:01+02;1359
2015-09-03 09:02:01+02;1349
2015-09-03 09:50:01+02;1339
2015-09-03 11:42:02+02;1329
2015-09-03 12:58:01+02;1309
2015-09-03 13:34:01+02;1299
2015-09-03 13:50:01+02;1289
2015-09-03 13:58:01+02;1349
2015-09-03 14:50:02+02;1339
2015-09-03 15:26:01+02;1329
2015-09-03 16:06:01+02;1319
2015-09-04 06:06:01+02;1339
2015-09-04 07:30:01+02;1289
2015-09-04 09:38:01+02;1289
2015-09-04 09:58:01+02;1289
2015-09-04 10:50:01+02;1289
2015-09-04 11:10:01+02;1289
2015-09-04 11:30:01+02;1289
2015-09-04 11:50:01+02;1289
2015-09-04 13:42:01+02;1349
2015-09-05 19:46:01+02;1309
2015-09-06 09:42:01+02;1309
2015-09-06 15:42:01+02;1309
2015-09-07 10:58:01+02;1309
2015-09-08 09:30:01+02;1339
2015-09-08 11:54:01+02;1329
2015-09-08 12:34:01+02;1309
2015-09-08 19:02:01+02;1309
2015-09-08 20:50:01+02;1299
2015-09-09 14:02:01+02;1289
2015-09-10 09:06:01+02;1329
2015-09-10 14:02:01+02;1349
2015-09-10 14:38:01+02;1319
2015-09-11 08:46:01+02;1359
2015-09-11 11:46:01+02;1349
2015-09-11 12:18:01+02;1329
2015-09-11 13:50:01+02;1319
2015-09-11 14:46:01+02;1319
2015-09-11 16:30:01+02;1309
2015-09-12 10:02:01+02;1339
2015-09-12 11:34:01+02;1319
2015-09-12 14:06:01+02;1309
2015-09-14 10:18:01+02;1339
2015-09-14 11:46:01+02;1329
2015-09-14 15:50:01+02;1299
2015-09-15 08:58:01+02;1329
2015-09-15 10:14:01+02;1319
2015-09-15 11:46:01+02;1309
2015-09-15 14:06:01+02;1329
2015-09-15 16:30:01+02;1309
2015-09-16 08:30:01+02;1339
2015-09-16 10:06:01+02;1329
2015-09-16 16:46:01+02;1309
2015-09-16 16:50:01+02;1279
2015-09-17 07:38:01+02;1339
2015-09-17 08:06:01+02;1319
2015-09-17 08:54:01+02;1299
2015-09-17 10:34:01+02;1279
2015-09-18 07:02:01+02;1349
2015-09-18 08:30:01+02;1329
2015-09-18 13:14:01+02;1319
2015-09-18 17:34:01+02;1309
2015-09-18 19:42:01+02;1289
2015-09-20 12:26:01+02;1329
2015-09-21 07:14:01+02;1349
2015-09-21 08:22:01+02;1319
2015-09-21 09:02:01+02;1309
2015-09-21 14:06:01+02;1299
2015-09-21 19:18:01+02;1289
2015-09-22 07:22:01+02;1349
2015-09-22 08:54:01+02;1329
2015-09-22 09:10:01+02;1319
2015-09-22 11:30:01+02;1309
2015-09-22 16:06:01+02;1289
2015-09-23 08:06:01+02;1339
2015-09-23 08:50:01+02;1329
2015-09-23 12:26:01+02;1309
2015-09-23 15:18:01+02;1299
2015-09-23 17:46:01+02;1299
2015-09-24 07:54:01+02;1359
2015-09-24 08:22:01+02;1339
2015-09-24 13:18:01+02;1339
2015-09-24 14:38:01+02;1319
2015-09-24 17:58:01+02;1299
2015-09-25 07:06:01+02;1359
2015-09-25 08:46:01+02;1329
2015-09-25 09:54:01+02;1329
2015-09-25 12:30:01+02;1309
2015-09-25 12:42:01+02;1289
2015-09-25 13:30:01+02;1329
2015-09-25 14:30:01+02;1309
2015-09-25 15:10:01+02;1289
2015-09-25 18:02:01+02;1289
2015-09-26 09:26:01+02;1319
2015-09-26 11:06:01+02;1279
2015-09-27 09:38:01+02;1309
2015-09-28 07:18:01+02;1329
2015-09-28 10:02:01+02;1319
2015-09-28 11:02:01+02;1299
2015-09-28 11:54:01+02;1299
2015-09-28 17:22:01+02;1289
2015-09-28 18:46:01+02;1279
2015-09-29 07:26:01+02;1339
2015-09-29 10:26:01+02;1319
2015-09-29 12:38:01+02;1299
2015-09-29 15:58:01+02;1299
2015-09-29 18:54:01+02;1289
2015-09-30 07:42:01+02;1339
2015-09-30 07:46:01+02;1339
2015-09-30 09:58:01+02;1319
2015-09-30 12:22:01+02;1279
2015-10-01 06:58:01+02;1339
2015-10-01 08:58:01+02;1309
2015-10-01 14:54:01+02;1269
2015-10-02 05:50:01+02;1339
2015-10-02 08:38:01+02;1319
2015-10-02 11:50:01+02;1299
2015-10-02 16:34:01+02;1299
2015-10-02 18:38:01+02;1279
2015-10-05 06:38:01+02;1329
2015-10-05 11:30:01+02;1279
2015-10-06 07:02:01+02;1339
2015-10-06 07:58:01+02;1329
2015-10-06 08:58:01+02;1309
2015-10-06 12:38:01+02;1269
2015-10-06 13:50:01+02;1259
2015-10-07 07:06:01+02;1339
2015-10-07 08:34:01+02;1309
2015-10-07 09:10:01+02;1289
2015-10-07 10:06:01+02;1279
2015-10-07 14:02:01+02;1319
2015-10-07 15:22:01+02;1269
2015-10-08 07:26:01+02;1339
2015-10-08 09:02:01+02;1329
2015-10-08 12:18:01+02;1299
2015-10-08 17:02:01+02;1269
2015-10-09 06:06:01+02;1339
2015-10-09 07:14:01+02;1319
2015-10-09 08:58:01+02;1299
2015-10-09 10:06:01+02;1289
2015-10-10 07:22:01+02;1329
2015-10-10 09:26:01+02;1309
2015-10-10 11:18:01+02;1289
2015-10-10 12:14:01+02;1279
2015-10-12 08:14:01+02;1339
2015-10-12 09:10:01+02;1329
2015-10-12 11:06:01+02;1299
2015-10-12 11:58:01+02;1279
2015-10-13 10:10:01+02;1319
2015-10-13 11:42:01+02;1299
2015-10-13 16:26:01+02;1269
2015-10-14 06:58:01+02;1279
2015-10-14 09:10:01+02;1309
2015-10-14 09:50:01+02;1309
2015-10-14 12:58:01+02;1299
2015-10-14 15:02:01+02;1299
2015-10-14 17:50:01+02;1279
2015-10-15 06:58:01+02;1339
2015-10-15 08:42:01+02;1329
2015-10-15 09:22:01+02;1309
2015-10-15 11:46:01+02;1299
2015-10-15 13:22:01+02;1279
2015-10-16 07:06:01+02;1339
2015-10-16 08:46:02+02;1299
2015-10-16 12:30:01+02;1279
2015-10-16 13:46:01+02;1299
2015-10-16 14:34:01+02;1289
2015-10-16 16:22:01+02;1269
2015-10-17 07:54:01+02;1319
2015-10-17 09:34:01+02;1299
2015-10-17 11:18:01+02;1249
2015-10-19 06:58:01+02;1329
2015-10-19 09:06:01+02;1249
2015-10-20 08:34:01+02;1309
2015-10-20 08:58:01+02;1249
2015-10-21 07:10:01+02;1319
2015-10-21 09:02:01+02;1279
2015-10-21 16:34:01+02;1259
2015-10-22 07:10:01+02;1309
2015-10-22 08:18:01+02;1289
2015-10-22 11:26:01+02;1269
2015-10-22 12:14:01+02;1259
2015-10-23 06:58:01+02;1319
2015-10-23 08:30:01+02;1279
2015-10-23 11:38:01+02;1259
2015-10-23 16:06:01+02;1249
2015-10-24 07:02:01+02;1299
2015-10-24 09:26:01+02;1279
2015-10-24 10:42:01+02;1269
2015-10-24 11:22:01+02;1259
2015-10-26 06:58:01+01;1319
2015-10-26 09:22:01+01;1289
2015-10-26 11:02:01+01;1259
2015-10-26 17:26:01+01;1259
2015-10-27 07:34:01+01;1319
2015-10-27 08:38:01+01;1299
2015-10-27 09:18:02+01;1259
2015-10-27 10:50:01+01;1239
2015-10-28 13:46:01+01;1289
2015-10-28 14:30:01+01;1239
2015-10-29 07:02:01+01;1309
2015-10-29 07:06:01+01;1309
2015-10-29 10:18:01+01;1289
2015-10-29 11:06:01+01;1279
2015-10-30 06:38:01+01;1319
2015-10-30 10:42:01+01;1279
2015-10-30 11:58:01+01;1259
2015-10-30 12:30:01+01;1239
2015-10-31 07:26:01+01;1329
2015-10-31 09:50:01+01;1319
2015-10-31 11:10:01+01;1269
2015-11-03 07:02:01+01;1329
2015-11-03 11:58:01+01;1299
2015-11-03 12:22:01+01;1269
2015-11-04 08:42:01+01;1269
2015-11-05 07:02:01+01;1329
2015-11-05 11:06:01+01;1309
2015-11-05 11:58:01+01;1299
2015-11-05 12:34:01+01;1289
2015-11-05 18:18:01+01;1269
2015-11-06 06:02:01+01;1339
2015-11-06 09:26:01+01;1329
2015-11-06 16:14:01+01;1309
2015-11-06 18:38:01+01;1299
2015-11-10 07:14:01+01;1349
2015-11-10 08:22:01+01;1339
2015-11-10 10:46:01+01;1319
2015-11-10 11:54:01+01;1309
2015-11-11 07:30:01+01;1359
2015-11-11 09:10:01+01;1349
2015-11-11 12:34:01+01;1329
2015-11-11 13:38:01+01;1319
2015-11-12 06:50:01+01;1349
2015-11-12 11:26:01+01;1329
2015-11-12 15:14:01+01;1309
2015-11-12 19:06:01+01;1299
2015-11-13 07:22:01+01;1359
2015-11-13 09:22:01+01;1289
2015-11-16 07:06:01+01;1329
2015-11-16 08:54:01+01;1319
2015-11-16 10:46:01+01;1309
2015-11-16 12:02:01+01;1289
2015-11-16 12:06:01+01;1279
2015-11-18 06:58:01+01;1339
2015-11-18 16:06:01+01;1259
2015-11-19 07:02:01+01;1339
2015-11-19 09:58:01+01;1309
2015-11-19 15:54:01+01;1299
2015-11-19 16:30:01+01;1269
2015-11-20 06:50:01+01;1319
2015-11-20 11:26:01+01;1309
2015-11-20 12:30:01+01;1279
2015-11-20 17:54:01+01;1259
2015-11-23 06:58:01+01;1329
2015-11-23 08:06:01+01;1319
2015-11-23 12:30:01+01;1289
2015-11-23 18:54:01+01;1279
2015-11-24 07:02:01+01;1329
2015-11-24 08:34:01+01;1319
2015-11-24 11:22:01+01;1279
2015-11-24 19:14:01+01;1279
2015-11-25 07:02:01+01;1329
2015-11-25 10:06:01+01;1319
2015-11-25 11:50:01+01;1309
2015-11-25 15:02:01+01;1289
2015-11-26 06:58:01+01;1329
2015-11-26 14:18:01+01;1309
2015-11-26 14:46:01+01;1289
2015-11-26 18:46:01+01;1279
2015-11-27 07:18:01+01;1329
2015-11-27 11:30:01+01;1290
2015-11-27 17:54:01+01;1269
2015-11-28 07:14:01+01;1329
2015-11-28 10:50:01+01;1249
2015-11-28 11:14:01+01;1249
2015-11-28 11:30:01+01;1249
2015-11-30 06:54:02+01;1329
2015-11-30 08:34:01+01;1309
2015-11-30 11:38:01+01;1249
2015-12-01 00:42:01+01;1249
2015-12-01 08:26:01+01;1309
2015-12-01 11:10:01+01;1289
2015-12-01 18:54:01+01;1279
2015-12-01 21:06:01+01;1269
2015-12-02 06:58:01+01;1329
2015-12-02 10:18:01+01;1319
2015-12-02 11:06:01+01;1309
2015-12-02 16:18:01+01;1289
2015-12-02 18:14:01+01;1279
2015-12-03 06:58:01+01;1329
2015-12-03 08:30:01+01;1319
2015-12-03 11:22:01+01;1279
2015-12-03 18:26:01+01;1269
2015-12-07 07:02:01+01;1299
2015-12-07 10:42:01+01;1279
2015-12-07 11:58:01+01;1269
2015-12-07 16:30:01+01;1249
2015-12-07 16:34:01+01;1259
2015-12-08 07:06:01+01;1299
2015-12-08 09:14:01+01;1279
2015-12-08 09:54:01+01;1269
2015-12-08 10:02:01+01;1249
2015-12-09 07:10:01+01;1299
2015-12-09 09:18:01+01;1279
2015-12-09 09:50:01+01;1269
2015-12-09 15:30:01+01;1259
2015-12-09 15:50:01+01;1239
2015-12-09 17:06:01+01;1259
2015-12-09 17:50:01+01;1239
2015-12-10 07:02:01+01;1289
2015-12-10 11:34:01+01;1269
2015-12-10 12:26:01+01;1239
2015-12-10 17:38:01+01;1229
2015-12-11 05:50:01+01;1289
2015-12-11 08:10:01+01;1279
2015-12-11 08:54:01+01;1269
2015-12-11 09:30:01+01;1269
2015-12-11 10:42:01+01;1249
2015-12-11 16:06:01+01;1229
2015-12-14 07:06:01+01;1239
2015-12-14 08:30:01+01;1219
2015-12-14 13:50:01+01;1199
2015-12-14 14:34:01+01;1219
2015-12-15 07:02:01+01;1279
2015-12-15 10:34:01+01;1279
2015-12-15 10:38:01+01;1259
2015-12-15 12:46:01+01;1249
2015-12-16 06:54:01+01;1289
2015-12-16 08:54:01+01;1289
2015-12-16 10:06:01+01;1269
2015-12-16 11:02:01+01;1249
2015-12-16 14:10:01+01;1249
2015-12-17 07:38:01+01;1279
2015-12-17 08:14:01+01;1249
2015-12-17 15:54:01+01;1249
2015-12-17 15:58:01+01;1239
2015-12-18 14:58:02+01;1239
2015-12-22 07:02:01+01;1279
2015-12-22 08:42:01+01;1259
2015-12-23 07:54:01+01;1279
2015-12-23 09:18:01+01;1269
2015-12-23 11:18:01+01;1229
2015-12-24 06:50:01+01;1259
2015-12-24 11:06:01+01;1239
2015-12-26 20:22:01+01;1239
2015-12-27 13:34:01+01;1229
2015-12-28 07:06:01+01;1269
2015-12-28 09:14:01+01;1259
2015-12-28 11:18:01+01;1229
2015-12-28 21:38:01+01;1229
2015-12-29 06:50:01+01;1269
2015-12-29 09:26:01+01;1259
2015-12-29 11:54:01+01;1229
2015-12-30 06:58:01+01;1269
2015-12-30 09:06:01+01;1259
2015-12-30 11:54:01+01;1229
2015-12-30 18:02:01+01;1219
2015-12-31 06:46:01+01;1269
2015-12-31 10:38:01+01;1249
2015-12-31 11:54:02+01;1229
2016-01-01 11:18:01+01;1219
2016-01-04 07:02:01+01;1259
2016-01-04 09:38:01+01;1259
2016-01-04 11:18:01+01;1229
2016-01-04 12:06:01+01;1229
2016-01-05 07:02:01+01;1289
2016-01-05 09:14:01+01;1279
2016-01-05 09:58:01+01;1259
2016-01-05 17:22:01+01;1249
2016-01-06 07:06:01+01;1259
2016-01-06 07:50:01+01;1289
2016-01-06 09:26:01+01;1259
2016-01-06 09:38:01+01;1249
2016-01-06 12:54:01+01;1239
2016-01-06 17:06:01+01;1229
2016-01-07 06:54:01+01;1269
2016-01-07 12:38:01+01;1249
2016-01-07 17:22:01+01;1249
2016-01-07 18:26:01+01;1229
2016-01-08 05:42:01+01;1279
2016-01-08 08:30:02+01;1249
2016-01-08 10:38:01+01;1229
2016-01-08 11:06:01+01;1239
2016-01-08 13:30:01+01;1239
2016-01-08 18:10:01+01;1229
2016-01-11 15:34:01+01;1219
2016-01-12 06:30:01+01;1249
2016-01-12 14:06:01+01;1229
2016-01-13 10:58:01+01;1209
2016-01-13 13:38:01+01;1189
2016-01-13 16:22:01+01;1189
2016-01-13 17:26:01+01;1179
2016-01-13 18:06:01+01;1169
2016-01-14 06:50:01+01;1239
2016-01-14 08:54:01+01;1210
2016-01-14 16:58:01+01;1199
2016-01-14 18:18:01+01;1179
2016-01-15 05:50:02+01;1249
2016-01-15 08:58:01+01;1229
2016-01-15 11:26:01+01;1229
2016-01-15 16:06:01+01;1189
2016-01-15 16:50:03+01;1169
2016-01-16 07:14:01+01;1229
2016-01-16 11:02:01+01;1219
2016-01-18 07:30:02+01;1199
2016-01-18 08:30:02+01;1189
2016-01-18 11:02:01+01;1169
2016-01-18 13:10:01+01;1159
2016-01-18 13:42:01+01;1169
2016-01-19 06:50:01+01;1219
2016-01-19 08:02:01+01;1199
2016-01-19 12:30:02+01;1189
2016-01-19 13:46:01+01;1179
2016-01-19 16:46:01+01;1159
2016-01-20 07:34:01+01;1199
2016-01-20 12:42:01+01;1179
2016-01-20 15:02:01+01;1169
2016-01-21 06:58:01+01;1229
2016-01-21 09:34:01+01;1219
2016-01-21 10:46:01+01;1209
2016-01-21 11:50:02+01;1189
2016-01-21 15:26:01+01;1169
2016-01-22 05:46:01+01;1209
2016-01-22 09:38:01+01;1199
2016-01-22 10:42:01+01;1199
2016-01-22 14:54:01+01;1179
2016-01-23 07:22:01+01;1229
2016-01-23 08:34:01+01;1219
2016-01-23 10:02:01+01;1159
2016-01-23 11:10:03+01;1149
2016-01-25 07:06:01+01;1229
2016-01-25 08:42:01+01;1209
2016-01-25 12:46:01+01;1189
2016-01-25 16:18:01+01;1179
2016-01-26 06:58:01+01;1229
2016-01-26 09:02:01+01;1209
2016-01-26 14:50:01+01;1189
2016-01-26 16:46:01+01;1179
2016-01-27 07:10:01+01;1229
2016-01-27 10:02:01+01;1179
2016-01-27 10:34:01+01;1169
2016-01-28 06:42:01+01;1199
2016-01-28 10:18:01+01;1179
2016-01-29 06:42:01+01;1229
2016-01-29 09:58:01+01;1209
2016-01-29 16:58:01+01;1199
2016-01-29 17:38:01+01;1179
2016-01-30 08:06:01+01;1229
2016-01-30 15:54:01+01;1219
2016-01-30 16:30:01+01;1199
2016-02-01 07:06:01+01;1239
2016-02-01 09:02:01+01;1229
2016-02-01 11:30:02+01;1229
2016-02-01 12:02:01+01;1219
2016-02-01 13:06:01+01;1199
2016-02-01 14:30:01+01;1189
2016-02-01 14:46:01+01;1179
2016-02-02 06:54:01+01;1239
2016-02-02 09:34:01+01;1229
2016-02-02 13:02:01+01;1209
2016-02-02 16:14:01+01;1189
2016-02-02 19:50:01+01;1169
2016-02-03 06:50:01+01;1229
2016-02-03 09:30:01+01;1219
2016-02-03 11:46:01+01;1199
2016-02-03 18:18:01+01;1169
2016-02-04 06:50:01+01;1229
2016-02-04 08:42:01+01;1209
2016-02-04 11:26:01+01;1189
2016-02-04 17:10:01+01;1169
2016-02-05 06:50:01+01;1239
2016-02-05 09:02:01+01;1209
2016-02-06 09:18:01+01;1179
2016-02-06 17:14:01+01;1169
2016-02-07 10:02:01+01;1149
2016-02-08 07:02:01+01;1179
2016-02-08 08:38:01+01;1159
2016-02-08 13:42:01+01;1139
2016-02-08 13:58:01+01;1149
2016-02-09 11:06:01+01;1179
2016-02-09 15:02:01+01;1169
2016-02-09 16:34:01+01;1149
2016-02-10 06:42:01+01;1219
2016-02-10 09:38:01+01;1209
2016-02-10 11:46:01+01;1179
2016-02-10 14:38:01+01;1159
2016-02-11 06:50:01+01;1229
2016-02-11 07:06:01+01;1199
2016-02-11 11:14:01+01;1169
2016-02-11 15:02:01+01;1159
2016-02-11 17:14:01+01;1139
2016-02-12 06:58:01+01;1209
2016-02-12 08:22:01+01;1189
2016-02-12 10:14:01+01;1179
2016-02-12 12:06:01+01;1169
2016-02-12 14:38:02+01;1149
2016-02-12 17:22:01+01;1129
2016-02-13 16:34:01+01;1139
2016-02-15 07:02:01+01;1199
2016-02-15 10:18:01+01;1179
2016-02-15 12:34:01+01;1159
2016-02-15 16:34:01+01;1149
2016-02-15 18:22:01+01;1129
2016-02-16 06:42:01+01;1169
2016-02-16 09:02:01+01;1159
2016-02-16 09:50:01+01;1149
2016-02-16 11:34:01+01;1159
2016-02-16 11:38:01+01;1149
2016-02-16 15:42:01+01;1139
2016-02-17 06:50:01+01;1199
2016-02-17 08:46:01+01;1179
2016-02-17 09:26:01+01;1169
2016-02-17 11:46:01+01;1159
2016-02-17 13:22:01+01;1139
2016-02-18 06:46:01+01;1209
2016-02-18 11:58:01+01;1179
2016-02-19 10:14:01+01;1159
2016-02-19 11:38:01+01;1179
2016-02-22 09:18:02+01;1209
2016-02-22 09:46:01+01;1179
2016-02-22 11:26:01+01;1159
2016-02-22 15:34:01+01;1149
2016-02-23 07:10:01+01;1219
2016-02-23 09:02:01+01;1179
2016-02-23 09:58:01+01;1159
2016-02-23 15:18:01+01;1149
2016-02-23 17:18:01+01;1139
2016-02-24 06:26:01+01;1209
2016-02-24 09:42:01+01;1189
2016-02-24 11:18:01+01;1169
2016-02-24 13:34:01+01;1149
2016-02-24 15:54:01+01;1139
2016-02-25 06:30:01+01;1209
2016-02-25 09:38:01+01;1189
2016-02-25 12:02:01+01;1169
2016-02-25 16:06:01+01;1149
2016-02-25 17:26:01+01;1139
2016-02-26 06:46:01+01;1209
2016-02-26 09:38:01+01;1199
2016-02-26 10:18:01+01;1169
2016-02-26 11:54:01+01;1159
2016-02-26 16:50:01+01;1159
2016-02-29 07:02:01+01;1229
2016-02-29 08:44:01+01;1209
2016-02-29 10:34:01+01;1199
2016-02-29 12:04:01+01;1169
2016-02-29 13:19:01+01;1149
2016-02-29 15:21:01+01;1139
2016-03-01 06:55:01+01;1219
2016-03-01 08:40:01+01;1199
2016-03-01 08:59:01+01;1209
2016-03-01 11:20:01+01;1179
2016-03-01 16:04:01+01;1159
2016-03-01 18:45:01+01;1139
2016-03-02 06:40:01+01;1219
2016-03-02 08:39:01+01;1209
2016-03-02 09:50:01+01;1189
2016-03-02 11:50:01+01;1169
2016-03-02 12:40:01+01;1149
2016-03-02 13:31:01+01;1139
2016-03-02 15:30:01+01;1129
2016-03-02 16:07:01+01;1139
2016-03-03 07:02:01+01;1219
2016-03-03 10:12:01+01;1209
2016-03-03 11:08:01+01;1199
2016-03-03 11:51:01+01;1189
2016-03-03 14:58:01+01;1159
2016-03-03 18:24:01+01;1139
2016-03-04 07:03:01+01;1219
2016-03-04 09:08:01+01;1209
2016-03-04 09:12:01+01;1219
2016-03-04 10:38:01+01;1179
2016-03-04 15:02:01+01;1159
2016-03-05 07:21:01+01;1219
2016-03-05 09:41:01+01;1159
2016-03-07 14:39:01+01;1149
2016-03-07 14:51:01+01;1159
2016-03-07 15:00:01+01;1149
2016-03-08 07:10:01+01;1219
2016-03-08 08:40:01+01;1169
2016-03-09 07:13:01+01;1219
2016-03-09 17:21:01+01;1199
2016-03-10 07:04:01+01;1239
2016-03-10 07:19:01+01;1199
2016-03-10 09:53:01+01;1179
2016-03-10 18:21:01+01;1169
2016-03-11 06:54:02+01;1229
2016-03-11 09:31:01+01;1199
2016-03-11 16:23:01+01;1179
2016-03-14 07:05:01+01;1239
2016-03-14 08:31:01+01;1219
2016-03-14 13:05:01+01;1189
2016-03-14 15:37:01+01;1169
2016-03-14 16:08:01+01;1179
2016-03-15 07:01:01+01;1239
2016-03-15 08:49:01+01;1219
2016-03-15 09:31:01+01;1229
2016-03-15 10:56:01+01;1209
2016-03-15 13:46:01+01;1189
2016-03-15 14:05:01+01;1189
2016-03-15 14:44:01+01;1179
2016-03-16 06:58:01+01;1239
2016-03-16 10:20:01+01;1209
2016-03-16 12:37:01+01;1199
2016-03-16 13:38:01+01;1179
2016-03-16 14:46:01+01;1199
2016-03-16 15:59:01+01;1179
2016-03-17 07:13:01+01;1219
2016-03-17 11:46:01+01;1179
2016-03-17 17:12:01+01;1169
2016-03-18 07:07:01+01;1239
2016-03-18 08:21:01+01;1219
2016-03-18 10:29:01+01;1199
2016-03-18 10:38:01+01;1209
2016-03-18 13:22:01+01;1189
2016-03-18 17:18:02+01;1179
2016-03-19 07:15:01+01;1229
2016-03-19 09:22:01+01;1219
2016-03-19 12:13:01+01;1199
2016-03-21 06:59:01+01;1229
2016-03-21 09:27:01+01;1219
2016-03-21 10:52:01+01;1199
2016-03-21 16:11:01+01;1179
2016-03-22 06:49:01+01;1239
2016-03-22 09:26:01+01;1219
2016-03-22 12:12:02+01;1199
2016-03-22 17:52:01+01;1179
2016-03-23 07:05:01+01;1239
2016-03-23 10:11:01+01;1209
2016-03-23 11:47:01+01;1199
2016-03-23 16:42:01+01;1179
2016-03-24 06:51:01+01;1249
2016-03-24 11:11:01+01;1219
2016-03-24 16:58:01+01;1199
2016-03-24 17:59:01+01;1189
2016-03-30 06:57:01+02;1249
2016-03-30 09:16:01+02;1219
2016-03-30 13:57:01+02;1199
2016-03-30 14:57:01+02;1219
2016-03-30 15:17:01+02;1199
2016-03-31 06:27:01+02;1249
2016-03-31 15:31:01+02;1239
2016-03-31 16:07:01+02;1229
2016-04-01 06:17:01+02;1259
2016-04-01 11:59:01+02;1229
2016-04-01 12:56:01+02;1259
2016-04-01 15:22:01+02;1239
2016-04-01 19:16:01+02;1229
2016-04-02 08:15:01+02;1269
2016-04-02 11:39:01+02;1259
2016-04-02 12:47:01+02;1249
2016-04-02 16:25:01+02;1229
2016-04-04 06:41:01+02;1269
2016-04-04 10:51:01+02;1249
2016-04-04 11:30:01+02;1239
2016-04-04 16:27:01+02;1219
2016-04-05 06:37:01+02;1239
2016-04-05 08:44:01+02;1219
2016-04-05 10:23:01+02;1209
2016-04-06 07:06:01+02;1269
2016-04-06 08:15:01+02;1209
2016-04-06 09:25:01+02;1199
2016-04-06 11:12:01+02;1189
2016-04-06 11:41:01+02;1199
2016-04-06 13:04:01+02;1189
2016-04-07 06:56:01+02;1249
2016-04-07 08:02:01+02;1229
2016-04-07 08:30:01+02;1209
2016-04-07 09:29:01+02;1209
2016-04-07 14:54:01+02;1199
2016-04-08 06:50:01+02;1229
2016-04-08 07:26:01+02;1199
2016-04-11 06:50:01+02;1269
2016-04-11 11:39:01+02;1259
2016-04-11 12:03:01+02;1249
2016-04-11 13:19:01+02;1229
2016-04-11 16:10:01+02;1219
2016-04-11 16:33:01+02;1219
2016-04-12 06:51:01+02;1269
2016-04-12 09:30:01+02;1249
2016-04-12 11:27:01+02;1269
2016-04-12 15:17:01+02;1259
2016-04-12 16:24:01+02;1239
2016-04-13 09:42:01+02;1219
2016-04-13 12:48:01+02;1209
2016-04-13 14:33:01+02;1199
2016-04-14 06:51:01+02;1259
2016-04-14 08:36:01+02;1229
2016-04-14 09:33:01+02;1219
2016-04-14 14:13:01+02;1239
2016-04-15 06:53:01+02;1259
2016-04-15 08:26:01+02;1239
2016-04-15 09:44:01+02;1229
2016-04-15 10:35:01+02;1219
2016-04-15 13:22:01+02;1209
2016-04-18 06:49:01+02;1269
2016-04-18 08:35:01+02;1219
2016-04-18 10:10:01+02;1199
2016-04-18 13:13:01+02;1189
2016-04-18 13:59:01+02;1199
2016-04-18 14:21:01+02;1219
2016-04-19 06:54:01+02;1269
2016-04-19 08:46:01+02;1229
2016-04-19 09:00:01+02;1219
2016-04-20 06:58:01+02;1269
2016-04-20 09:10:01+02;1269
2016-04-20 12:55:01+02;1259
2016-04-20 13:53:01+02;1239
2016-04-20 17:11:01+02;1219
2016-04-21 06:53:01+02;1269
2016-04-21 08:19:01+02;1249
2016-04-21 10:52:01+02;1239
2016-04-21 13:00:01+02;1239
2016-04-21 16:01:01+02;1219
2016-04-22 07:04:01+02;1269
2016-04-22 10:53:01+02;1239
2016-04-22 11:17:01+02;1239
2016-04-22 14:43:01+02;1219
2016-04-23 07:19:01+02;1259
2016-04-23 15:52:01+02;1239
2016-04-24 21:46:01+02;1239
2016-04-25 06:38:01+02;1259
2016-04-25 13:27:02+02;1219
2016-04-25 15:00:01+02;1219
2016-04-26 06:17:01+02;1269
2016-04-26 08:35:01+02;1259
2016-04-26 09:22:01+02;1239
2016-04-26 09:32:01+02;1259
2016-04-26 10:16:01+02;1259
2016-04-26 10:34:01+02;1239
2016-04-26 11:49:01+02;1229
2016-04-26 12:47:01+02;1209
2016-04-26 14:48:01+02;1219
2016-04-27 10:16:01+02;1209
2016-04-27 11:06:01+02;1219
2016-04-27 11:09:01+02;1209
2016-04-27 13:10:01+02;1199
2016-04-27 13:42:01+02;1209
2016-04-27 13:48:01+02;1199
2016-04-28 06:35:01+02;1289
2016-04-28 14:04:01+02;1279
2016-04-28 14:55:01+02;1269
2016-04-28 17:07:01+02;1269
2016-04-28 17:59:01+02;1259
2016-04-29 09:29:01+02;1239
2016-04-29 11:24:02+02;1219
2016-05-01 21:26:06+02;1219
2016-05-02 14:25:01+02;1259
2016-05-02 14:37:01+02;1239
2016-05-02 14:41:01+02;1259
2016-05-03 06:44:01+02;1299
2016-05-03 14:37:01+02;1289
2016-05-03 15:43:01+02;1279
2016-05-03 19:01:01+02;1269
2016-05-04 07:00:01+02;1309
2016-05-04 08:11:01+02;1289
2016-05-04 10:32:01+02;1269
2016-05-04 12:57:01+02;1249
2016-05-04 14:17:01+02;1229
2016-05-04 15:23:01+02;1124
2016-05-04 17:15:01+02;1249
2016-05-06 08:27:01+02;1239
2016-05-06 09:01:01+02;1249
2016-05-07 11:10:01+02;1239
2016-05-07 11:16:01+02;1249
2016-05-10 06:37:01+02;1299
2016-05-10 11:52:01+02;1279
2016-05-10 13:46:01+02;1269
2016-05-10 14:53:01+02;1269
2016-05-11 06:46:01+02;1319
2016-05-11 09:13:01+02;1269
2016-05-11 15:00:02+02;1249
2016-05-11 15:27:01+02;1249
2016-05-12 06:43:01+02;1299
2016-05-12 10:14:01+02;1239
2016-05-12 15:44:01+02;1239
2016-05-13 06:58:01+02;1289
2016-05-13 08:32:01+02;1249
2016-05-13 14:02:01+02;1229
2016-05-13 14:22:01+02;1249
2016-05-13 14:24:01+02;1249
2016-05-13 15:36:01+02;1249
2016-05-13 15:51:01+02;1249
2016-05-17 06:41:01+02;1309
2016-05-17 10:47:01+02;1299
2016-05-17 12:36:01+02;1299
2016-05-17 15:08:01+02;1279
2016-05-18 07:13:01+02;1329
2016-05-18 09:09:01+02;1309
2016-05-18 09:42:01+02;1329
2016-05-18 10:02:01+02;1309
2016-05-18 12:24:01+02;1299
2016-05-18 13:49:01+02;1279
2016-05-18 14:19:01+02;1299
2016-05-18 15:35:01+02;1289
2016-05-18 16:18:01+02;1279
2016-05-18 16:34:01+02;1279
2016-05-19 07:09:01+02;1339
2016-05-19 09:19:01+02;1329
2016-05-19 10:42:01+02;1319
2016-05-19 14:59:01+02;1309
2016-05-19 15:37:01+02;1299
2016-05-19 16:37:01+02;1289
2016-05-20 06:55:01+02;1339
2016-05-20 09:39:01+02;1329
2016-05-20 10:16:01+02;1319
2016-05-20 10:44:01+02;1329
2016-05-20 11:58:01+02;1319
2016-05-20 12:27:01+02;1309
2016-05-20 16:31:01+02;1299
2016-05-21 06:58:01+02;1309
2016-05-21 09:17:01+02;1299
2016-05-21 09:37:01+02;1299
2016-05-21 14:02:01+02;1309
2016-05-23 06:51:01+02;1339
2016-05-23 11:00:01+02;1329
2016-05-23 12:51:01+02;1309
2016-05-23 16:45:01+02;1299
2016-05-24 07:02:01+02;1339
2016-05-24 09:32:01+02;1329
2016-05-24 11:49:01+02;1319
2016-05-24 14:55:01+02;1309
2016-05-25 15:18:01+02;1299
2016-05-25 17:25:01+02;1289
2016-05-26 07:05:01+02;1339
2016-05-26 09:25:01+02;1329
2016-05-26 12:21:01+02;1319
2016-05-26 16:27:01+02;1269
2016-05-27 07:03:01+02;1339
2016-05-27 10:34:01+02;1329
2016-05-27 11:28:01+02;1329
2016-05-27 16:13:01+02;1319
2016-05-30 06:46:01+02;1339
2016-05-30 08:30:01+02;1329
2016-05-30 10:45:02+02;1319
2016-05-30 12:34:01+02;1319
2016-05-30 15:20:01+02;1329
2016-05-30 16:38:02+02;1319
2016-05-30 19:05:01+02;1319
2016-05-31 06:49:01+02;1329
2016-05-31 10:04:01+02;1319
2016-06-01 10:14:01+02;1309
2016-06-07 06:51:01+02;1369
2016-06-07 09:38:01+02;1319
2016-06-07 18:29:01+02;1309
2016-06-08 06:49:01+02;1359
2016-06-08 10:59:01+02;1319
2016-06-08 12:51:01+02;1319
2016-06-08 15:49:01+02;1309
2016-06-09 06:58:01+02;1369
2016-06-09 11:09:01+02;1339
2016-06-09 11:55:01+02;1319
2016-06-09 13:29:01+02;1339
2016-06-09 15:50:01+02;1329
2016-06-09 16:40:01+02;1319
2016-06-09 17:04:01+02;1309
2016-06-10 06:43:01+02;1339
2016-06-10 15:01:01+02;1329
2016-06-10 19:19:01+02;1309
2016-06-11 08:04:01+02;1319
2016-06-13 06:58:01+02;1369
2016-06-13 11:06:01+02;1369
2016-06-13 12:19:01+02;1349
2016-06-13 14:10:01+02;1359
2016-06-13 14:31:01+02;1349
2016-06-13 15:27:01+02;1339
2016-06-13 17:00:01+02;1329
2016-06-14 09:21:01+02;1319
2016-06-14 12:40:01+02;1309
2016-06-14 13:52:01+02;1319
2016-06-14 14:35:01+02;1319
2016-06-14 17:20:01+02;1309
2016-06-15 07:19:01+02;1359
2016-06-15 10:17:01+02;1339
2016-06-15 12:01:01+02;1339
2016-06-15 15:29:01+02;1329
2016-06-16 06:51:01+02;1369
2016-06-16 11:02:01+02;1349
2016-06-16 11:53:01+02;1339
2016-06-16 16:33:01+02;1329
2016-06-16 18:13:01+02;1319
2016-06-17 07:06:01+02;1359
2016-06-17 09:12:01+02;1339
2016-06-17 15:36:01+02;1319
2016-06-17 16:40:01+02;1309
2016-06-18 07:49:01+02;1379
2016-06-18 07:51:01+02;1349
2016-06-18 10:49:01+02;1339
2016-06-18 13:06:02+02;1319
2016-06-20 06:54:01+02;1339
2016-06-20 08:35:02+02;1299
2016-06-20 15:37:01+02;1289
2016-06-21 06:58:01+02;1329
2016-06-21 08:18:01+02;1319
2016-06-21 10:11:01+02;1319
2016-06-21 10:13:01+02;1289
2016-06-22 07:09:01+02;1339
2016-06-22 09:22:01+02;1329
2016-06-22 09:39:01+02;1329
2016-06-22 11:05:01+02;1329
2016-06-22 16:08:01+02;1319
2016-06-22 18:54:01+02;1319
2016-06-23 06:58:01+02;1359
2016-06-23 09:51:01+02;1349
2016-06-23 11:31:01+02;1339
2016-06-23 17:22:01+02;1339
2016-06-24 07:50:02+02;1369
2016-06-24 08:37:01+02;1369
2016-06-24 09:48:01+02;1359
2016-06-24 11:31:01+02;1349
2016-06-24 15:02:01+02;1329
2016-06-24 16:59:01+02;1319
2016-06-24 19:07:01+02;1299
2016-06-27 07:00:01+02;1359
2016-06-27 10:30:01+02;1349
2016-06-27 11:13:01+02;1339
2016-06-27 12:19:01+02;1329
2016-06-27 14:00:01+02;1339
2016-06-27 15:28:01+02;1319
2016-06-27 15:59:01+02;1309
2016-06-28 06:55:01+02;1359
2016-06-28 09:56:01+02;1349
2016-06-28 10:56:01+02;1339
2016-06-28 13:47:01+02;1329
2016-06-28 14:19:01+02;1319
2016-06-28 17:09:01+02;1309
2016-06-28 19:23:01+02;1309
2016-06-29 17:14:01+02;1299
2016-07-02 07:11:01+02;1329
2016-07-02 08:35:01+02;1319
2016-07-02 11:44:01+02;1289
2016-07-04 06:59:01+02;1349
2016-07-04 07:53:01+02;1339
2016-07-04 09:51:01+02;1329
2016-07-04 15:56:01+02;1289
2016-07-04 15:58:01+02;1289
2016-07-05 06:57:01+02;1329
2016-07-05 10:57:01+02;1319
2016-07-05 14:40:01+02;1309
2016-07-05 15:47:01+02;1309
2016-07-05 16:41:01+02;1299
2016-07-06 06:58:01+02;1339
2016-07-06 11:44:01+02;1319
2016-07-06 11:56:01+02;1299
2016-07-07 07:06:01+02;1289
2016-07-07 12:17:01+02;1279
2016-07-07 16:41:01+02;1269
2016-07-08 07:04:01+02;1279
2016-07-08 08:24:01+02;1319
2016-07-08 12:11:01+02;1299
2016-07-08 16:17:01+02;1299
2016-07-08 16:48:01+02;1289
2016-07-08 18:39:01+02;1269
2016-07-11 06:57:01+02;1319
2016-07-11 12:26:01+02;1299
2016-07-11 15:26:01+02;1279
2016-07-11 17:01:01+02;1269
2016-07-13 06:59:01+02;1319
2016-07-13 09:28:01+02;1279
2016-07-13 13:05:02+02;1259
2016-07-13 14:32:01+02;1249
2016-07-13 14:57:02+02;1259
2016-07-13 15:30:01+02;1239
2016-07-13 18:59:01+02;1229
2016-07-14 15:25:01+02;1219
2016-07-15 11:03:01+02;1279
2016-07-15 14:27:01+02;1279
2016-07-15 14:59:01+02;1279
2016-07-15 16:43:01+02;1269
2016-07-15 19:19:01+02;1259
2016-07-18 07:55:01+02;1279
2016-07-18 13:48:01+02;1259
2016-07-18 13:55:01+02;1279
2016-07-18 19:11:01+02;1259
2016-07-19 16:49:01+02;1249
2016-07-21 07:05:01+02;1299
2016-07-21 09:50:01+02;1299
2016-07-21 12:52:01+02;1279
2016-07-21 15:16:01+02;1269
2016-07-21 17:31:01+02;1259
2016-07-23 07:21:01+02;1319
2016-07-23 10:55:01+02;1309
2016-07-23 11:37:01+02;1309
2016-07-23 11:39:01+02;1299
2016-07-23 16:14:01+02;1279
2016-07-23 19:32:01+02;1249
2016-07-25 07:51:01+02;1309
2016-07-25 11:44:01+02;1259
2016-07-25 11:49:01+02;1259
2016-07-25 15:04:01+02;1259
2016-07-25 15:30:01+02;1249
2016-07-25 15:36:01+02;1249
2016-07-25 17:02:01+02;1239
2016-07-26 14:17:01+02;1229
2016-07-27 14:53:01+02;1289
2016-07-27 15:26:01+02;1279
2016-07-29 09:39:01+02;1299
2016-07-29 11:39:01+02;1289
2016-07-29 12:06:01+02;1259
2016-07-29 18:56:01+02;1229
2016-08-01 06:51:01+02;1279
2016-08-01 11:55:01+02;1279
2016-08-01 18:59:01+02;1269
2016-08-03 06:55:01+02;1289
2016-08-03 15:31:02+02;1289
2016-08-03 20:19:02+02;1249
2016-08-05 08:15:01+02;1289
2016-08-05 15:31:01+02;1279
2016-08-05 22:02:01+02;1239
2016-08-05 22:04:01+02;1229
2016-08-08 07:06:01+02;1289
2016-08-08 13:04:01+02;1249
2016-08-08 13:21:01+02;1269
2016-08-08 14:04:01+02;1249
2016-08-08 14:19:01+02;1269
2016-08-08 14:53:01+02;1249
2016-08-09 15:27:01+02;1279
2016-08-09 17:27:01+02;1269
2016-08-09 17:29:01+02;1259
2016-08-09 19:55:01+02;1259
2016-08-11 07:03:01+02;1289
2016-08-11 18:55:01+02;1269
2016-08-12 18:00:01+02;1259
2016-08-12 18:25:01+02;1249
2016-08-12 20:27:02+02;1229
2016-08-15 06:49:01+02;1309
2016-08-15 13:15:01+02;1289
2016-08-15 14:23:01+02;1279
2016-08-15 16:03:01+02;1279
2016-08-15 18:51:01+02;1269
2016-08-15 20:03:01+02;1259
2016-08-16 19:06:02+02;1259
2016-08-17 17:27:01+02;1249
2016-08-17 19:53:01+02;1229
2016-08-19 07:13:01+02;1299
2016-08-19 08:36:02+02;1279
2016-08-19 18:59:01+02;1259
2016-08-22 12:03:01+02;1319
2016-08-22 15:59:01+02;1309
2016-08-22 17:53:01+02;1279
2016-08-22 20:08:01+02;1269
2016-08-24 07:02:01+02;1329
2016-08-24 09:29:01+02;1319
2016-08-24 12:02:01+02;1309
2016-08-24 15:36:01+02;1299
2016-08-24 18:19:01+02;1289
2016-08-25 21:19:01+02;1259
2016-08-27 07:31:01+02;1319
2016-08-27 10:35:01+02;1309
2016-08-27 11:32:01+02;1299
2016-08-27 15:53:01+02;1259
2016-08-29 07:01:02+02;1329
2016-08-29 07:59:01+02;1329
2016-08-29 11:35:01+02;1319
2016-08-29 11:57:01+02;1319
2016-08-29 17:19:01+02;1299
2016-08-29 19:17:01+02;1279
2016-08-31 07:21:01+02;1329
2016-08-31 13:10:01+02;1319
2016-08-31 15:53:01+02;1309
2016-08-31 16:37:01+02;1309
2016-08-31 17:17:01+02;1299
2016-08-31 19:36:01+02;1279
2016-09-02 07:03:01+02;1329
2016-09-02 09:53:01+02;1299
2016-09-02 16:53:01+02;1299
2016-09-02 18:18:01+02;1279
2016-09-02 22:17:01+02;1259
2016-09-04 18:59:01+02;1229
2016-09-06 07:07:01+02;1329
2016-09-06 07:44:01+02;1309
2016-09-06 11:04:01+02;1289
2016-09-06 12:01:01+02;1259
2016-09-06 15:49:01+02;1259
2016-09-06 19:08:01+02;1259
2016-09-08 07:04:31+02;1319
2016-09-08 07:25:31+02;1289
2016-09-08 12:22:31+02;1269
2016-09-08 19:11:31+02;1259
2016-09-10 07:17:31+02;1319
2016-09-10 10:38:31+02;1299
2016-09-10 12:18:31+02;1269
2016-09-12 09:30:31+02;1349
2016-09-12 09:46:31+02;1339
2016-09-12 10:30:31+02;1319
2016-09-12 11:01:31+02;1309
2016-09-12 13:27:31+02;1289
2016-09-12 13:52:31+02;1309
2016-09-12 14:02:31+02;1289
2016-09-12 19:15:31+02;1289
2016-09-13 19:11:31+02;1289
2016-09-13 20:43:31+02;1279
2016-09-14 13:31:31+02;1269
2016-09-14 13:50:31+02;1279
2016-09-14 14:01:31+02;1269
2016-09-14 17:57:32+02;1269
2016-09-15 13:48:31+02;1269
2016-09-15 15:17:31+02;1269
2016-09-15 16:35:31+02;1269
2016-09-15 17:50:31+02;1299
2016-09-15 19:05:31+02;1289
2016-09-15 19:45:31+02;1289
2016-09-15 20:29:31+02;1279
2016-09-16 10:45:31+02;1279
2016-09-17 07:19:31+02;1339
2016-09-17 09:16:31+02;1339
2016-09-17 11:04:31+02;1319
2016-09-17 17:01:31+02;1299
2016-09-18 14:54:31+02;1299
2016-09-18 16:15:31+02;1299
2016-09-18 17:32:31+02;1299
2016-09-18 18:44:31+02;1299
2016-09-18 19:30:31+02;1299
2016-09-19 07:04:31+02;1339
2016-09-19 10:16:31+02;1319
2016-09-19 10:53:31+02;1299
2016-09-19 11:24:31+02;1289
2016-09-19 20:16:31+02;1269
2016-09-21 06:46:31+02;1349
2016-09-21 07:43:31+02;1299
2016-09-21 11:30:31+02;1289
2016-09-21 18:01:32+02;1279
2016-09-22 18:40:31+02;1289
2016-09-22 20:12:31+02;1289
2016-09-23 10:08:31+02;1279
2016-09-24 12:01:31+02;1309
2016-09-24 18:51:31+02;1299
2016-09-27 06:48:31+02;1349
2016-09-27 08:06:31+02;1309
2016-09-27 11:54:31+02;1309
2016-09-27 14:33:31+02;1299
2016-09-27 16:33:31+02;1279
2016-09-27 17:34:31+02;1279
2016-09-27 20:45:31+02;1279
2016-09-29 06:58:31+02;1339
2016-09-29 10:17:31+02;1329
2016-09-29 11:39:32+02;1279
2016-09-29 19:01:31+02;1269
2016-10-01 07:15:31+02;1359
2016-10-01 09:24:31+02;1349
2016-10-01 13:00:31+02;1339
2016-10-01 16:30:31+02;1319
2016-10-01 22:26:31+02;1279
2016-10-04 06:58:31+02;1359
2016-10-04 09:17:31+02;1349
2016-10-04 11:25:31+02;1349
2016-10-04 14:12:31+02;1339
2016-10-04 14:28:31+02;1329
2016-10-04 15:15:31+02;1309
2016-10-04 16:36:31+02;1309
2016-10-04 18:17:31+02;1299
2016-10-04 18:58:31+02;1299
2016-10-05 10:18:31+02;1279
2016-10-05 10:53:31+02;1279
2016-10-05 18:41:31+02;1269
2016-10-06 19:09:31+02;1279
2016-10-08 07:19:31+02;1379
2016-10-08 09:07:31+02;1379
2016-10-08 10:23:31+02;1339
2016-10-08 11:57:31+02;1309
2016-10-08 16:16:31+02;1289
2016-10-10 06:53:32+02;1379
2016-10-10 08:04:31+02;1369
2016-10-10 10:14:31+02;1329
2016-10-10 11:51:31+02;1319
2016-10-10 17:11:31+02;1309
2016-10-12 06:58:31+02;1389
2016-10-12 09:04:31+02;1369
2016-10-12 09:57:31+02;1319
2016-10-12 12:01:31+02;1309
2016-10-13 12:44:31+02;1329
2016-10-13 17:59:31+02;1309
2016-10-15 15:50:07+02;1359
2016-10-15 18:34:31+02;1319
2016-10-16 14:20:31+02;1309
2016-10-16 16:59:31+02;1299
2016-10-18 06:51:31+02;1379
2016-10-18 07:42:31+02;1359
2016-10-18 12:18:31+02;1349
2016-10-18 15:05:31+02;1339
2016-10-18 16:46:31+02;1329
2016-10-18 18:13:32+02;1309
2016-10-19 08:51:31+02;1309
2016-10-19 11:32:31+02;1299
2016-10-19 17:27:31+02;1289
2016-10-20 18:49:31+02;1309
2016-10-20 20:20:31+02;1309
2016-10-22 07:38:31+02;1379
2016-10-22 11:41:31+02;1339
2016-10-22 11:44:31+02;1329
2016-10-22 16:18:31+02;1319
2016-10-23 14:51:31+02;1319
2016-10-23 16:51:31+02;1309
2016-10-24 13:13:31+02;1299
2016-10-24 13:44:31+02;1309
2016-10-24 14:00:31+02;1299
2016-10-25 14:50:31+02;1359
2016-10-25 15:27:31+02;1329
2016-10-25 19:13:31+02;1319
2016-10-27 07:08:31+02;1379
2016-10-27 10:36:31+02;1309
2016-10-28 08:22:31+02;1299
2016-10-29 10:28:31+02;1329
2016-10-29 11:32:31+02;1299
2016-10-31 06:56:31+01;1319
2016-10-31 10:18:31+01;1309
2016-11-01 10:55:31+01;1359
2016-11-01 12:48:31+01;1349
2016-11-01 17:56:31+01;1339
2016-11-01 19:07:31+01;1329
2016-11-01 19:37:31+01;1319
2016-11-02 16:39:31+01;1309
2016-11-02 18:19:32+01;1299
2016-11-02 19:08:31+01;1289
2016-11-03 12:00:31+01;1279
2016-11-04 08:34:31+01;1269
2016-11-04 08:58:31+01;1279
2016-11-04 09:17:31+01;1269
2016-11-05 09:34:31+01;1259
2016-11-05 09:46:31+01;1269
2016-11-05 10:01:31+01;1259
2016-11-07 07:02:31+01;1339
2016-11-07 09:58:31+01;1339
2016-11-07 10:55:31+01;1329
2016-11-07 16:02:31+01;1289
2016-11-07 19:00:31+01;1289
2016-11-07 20:27:31+01;1269
2016-11-09 07:08:31+01;1339
2016-11-09 09:38:31+01;1329
2016-11-09 15:39:31+01;1329
2016-11-09 16:39:31+01;1319
2016-11-09 17:40:31+01;1299
2016-11-09 18:46:31+01;1289
2016-11-09 19:12:31+01;1279
2016-11-09 22:04:31+01;1269
2016-11-11 06:48:31+01;1339
2016-11-11 09:39:31+01;1329
2016-11-11 10:49:31+01;1319
2016-11-11 15:33:31+01;1319
2016-11-11 18:51:31+01;1289
2016-11-12 16:23:31+01;1269
2016-11-14 06:50:31+01;1339
2016-11-14 08:51:31+01;1309
2016-11-14 10:32:31+01;1299
2016-11-14 12:23:31+01;1289
2016-11-14 17:14:31+01;1279
2016-11-16 06:59:31+01;1279
2016-11-16 10:34:31+01;1269
2016-11-16 16:31:31+01;1269
2016-11-16 18:32:31+01;1269
2016-11-18 06:53:31+01;1339
2016-11-18 11:18:31+01;1319
2016-11-18 17:07:31+01;1299
2016-11-18 18:04:31+01;1289
2016-11-18 19:07:31+01;1279
2016-11-21 06:56:31+01;1349
2016-11-21 09:33:32+01;1299
2016-11-21 10:22:31+01;1289
2016-11-21 10:59:31+01;1289
2016-11-21 11:44:31+01;1289
2016-11-21 12:05:31+01;1279
2016-11-21 16:49:31+01;1269
2016-11-22 17:44:31+01;1289
2016-11-22 19:59:31+01;1289
2016-11-23 10:39:31+01;1279
2016-11-23 11:52:31+01;1269
2016-11-24 13:48:31+01;1319
2016-11-24 16:35:32+01;1309
2016-11-24 19:15:31+01;1289
2016-11-25 18:45:31+01;1289
2016-11-28 07:00:31+01;1369
2016-11-28 08:56:31+01;1299
2016-11-28 11:39:31+01;1289
2016-11-29 13:09:31+01;1349
2016-11-29 13:26:31+01;1329
2016-11-29 16:51:31+01;1299
2016-11-29 17:44:31+01;1289
2016-11-30 18:23:31+01;1289
2016-12-01 19:09:31+01;1299
2016-12-03 07:38:31+01;1389
2016-12-03 08:32:31+01;1379
2016-12-03 10:52:31+01;1339
2016-12-03 16:22:31+01;1329
2016-12-05 07:02:31+01;1399
2016-12-05 08:38:31+01;1399
2016-12-05 09:25:31+01;1379
2016-12-05 10:54:31+01;1369
2016-12-05 12:04:31+01;1359
2016-12-05 18:59:31+01;1349
2016-12-05 20:16:31+01;1329
2016-12-06 16:55:31+01;1319
2016-12-06 17:23:31+01;1329
2016-12-06 17:46:31+01;1319
2016-12-08 06:51:31+01;1399
2016-12-08 09:08:31+01;1399
2016-12-08 11:34:31+01;1389
2016-12-08 12:02:31+01;1289
2016-12-08 14:14:31+01;1259
2016-12-09 14:54:31+01;1349
2016-12-09 15:44:31+01;1339
2016-12-09 16:42:31+01;1329
2016-12-12 07:20:31+01;1389
2016-12-12 09:05:31+01;1359
2016-12-12 09:33:31+01;1329
2016-12-12 11:59:31+01;1319
2016-12-12 16:03:31+01;1319
2016-12-12 16:48:31+01;1309
2016-12-14 06:52:31+01;1409
2016-12-14 08:01:31+01;1399
2016-12-14 11:26:31+01;1389
2016-12-14 12:40:31+01;1379
2016-12-14 13:41:31+01;1369
2016-12-14 14:48:31+01;1359
2016-12-14 16:31:31+01;1349
2016-12-15 12:47:31+01;1349
2016-12-15 14:22:31+01;1339
2016-12-15 16:47:31+01;1329
2016-12-17 07:12:31+01;1409
2016-12-17 10:02:31+01;1409
2016-12-17 11:19:31+01;1399
2016-12-17 16:09:31+01;1349
2016-12-18 14:19:31+01;1349
2016-12-19 06:46:31+01;1419
2016-12-19 07:41:32+01;1379
2016-12-19 16:50:31+01;1369
2016-12-19 17:19:31+01;1369
2016-12-19 18:26:31+01;1339
2016-12-20 18:45:31+01;1329
2016-12-22 06:56:31+01;1399
2016-12-22 09:41:31+01;1399
2016-12-22 11:50:31+01;1389
2016-12-22 16:28:31+01;1379
2016-12-22 17:28:31+01;1369
2016-12-22 17:31:31+01;1359
2016-12-22 18:55:31+01;1349
2016-12-23 17:13:31+01;1349
2016-12-27 07:03:31+01;1409
2016-12-27 10:25:31+01;1399
2016-12-27 14:39:31+01;1389
2016-12-27 16:31:31+01;1379
2016-12-27 16:48:31+01;1369
2016-12-28 18:57:31+01;1349
2016-12-28 20:26:31+01;1349
2016-12-29 18:22:31+01;1339
2016-12-31 07:36:31+01;1419
2016-12-31 10:12:31+01;1399
2017-01-01 17:29:31+01;1379
2017-01-02 12:16:31+01;1329
2017-01-03 14:50:31+01;1349
2017-01-03 17:42:32+01;1339
2017-01-05 07:02:31+01;1439
2017-01-05 09:24:31+01;1419
2017-01-05 10:06:31+01;1409
2017-01-05 10:42:31+01;1399
2017-01-05 13:04:31+01;1389
2017-01-05 15:32:31+01;1379
2017-01-05 17:03:31+01;1379
2017-01-05 18:19:31+01;1379
2017-01-05 19:13:31+01;1369
2017-01-06 06:54:31+01;1359
2017-01-07 09:57:31+01;1429
2017-01-07 10:18:31+01;1419
2017-01-07 10:49:31+01;1409
2017-01-07 15:42:31+01;1379
2017-01-07 17:16:32+01;1369
2017-01-09 07:03:31+01;1429
2017-01-09 09:01:31+01;1419
2017-01-09 09:40:31+01;1409
2017-01-09 11:32:31+01;1399
2017-01-09 15:39:31+01;1389
2017-01-09 18:30:31+01;1379
2017-01-10 08:23:31+01;1369
2017-01-10 12:13:31+01;1359
2017-01-10 12:27:31+01;1349
2017-01-11 10:45:31+01;1339
2017-01-11 11:05:31+01;1349
2017-01-11 11:31:31+01;1339
2017-01-12 14:24:31+01;1359
2017-01-12 18:41:31+01;1349
2017-01-13 08:33:31+01;1339
2017-01-14 09:19:31+01;1369
2017-01-16 06:59:31+01;1429
2017-01-16 09:10:31+01;1419
2017-01-16 09:57:31+01;1409
2017-01-16 10:54:31+01;1399
2017-01-16 15:15:31+01;1399
2017-01-16 16:47:31+01;1389
2017-01-16 17:31:31+01;1369
2017-01-16 18:32:31+01;1359
2017-01-17 19:08:31+01;1349
2017-01-19 06:50:31+01;1429
2017-01-19 07:30:31+01;1379
2017-01-19 09:20:31+01;1369
2017-01-19 12:54:31+01;1359
2017-01-20 17:19:31+01;1349
2017-01-23 06:56:31+01;1359
2017-01-23 10:01:31+01;1349
2017-01-27 07:20:31+01;1409
2017-01-27 09:39:31+01;1399
2017-01-27 15:22:32+01;1379
2017-01-27 16:44:31+01;1369
2017-01-28 07:22:31+01;1369
2017-01-28 11:20:31+01;1359
2017-01-28 16:36:31+01;1349
2017-01-29 14:02:31+01;1329
2017-01-29 17:35:31+01;1319
2017-01-30 06:53:31+01;1379
2017-01-30 11:07:31+01;1379
2017-01-30 12:39:31+01;1369
2017-01-30 18:53:31+01;1369
2017-01-31 07:04:31+01;1409
2017-01-31 09:46:31+01;1409
2017-01-31 10:46:31+01;1399
2017-01-31 11:55:31+01;1379
2017-01-31 14:57:31+01;1359
2017-01-31 17:54:31+01;1349
2017-02-01 07:23:31+01;1409
2017-02-01 08:29:31+01;1379
2017-02-01 09:20:31+01;1369
2017-02-01 15:03:31+01;1359
2017-02-02 08:38:31+01;1419
2017-02-02 09:27:31+01;1379
2017-02-02 11:14:31+01;1349
2017-02-02 16:49:31+01;1349
2017-02-02 19:01:31+01;1339
2017-02-03 09:03:31+01;1389
2017-02-03 10:22:31+01;1339
2017-02-03 10:24:31+01;1359
2017-02-03 11:21:31+01;1359
2017-02-03 15:22:31+01;1349
2017-02-03 16:33:32+01;1349
2017-02-03 18:06:31+01;1339
2017-02-06 07:08:31+01;1429
2017-02-06 08:36:31+01;1419
2017-02-06 09:10:31+01;1419
2017-02-06 09:53:31+01;1389
2017-02-06 10:32:31+01;1379
2017-02-06 11:33:31+01;1369
2017-02-06 18:49:31+01;1359
2017-02-07 07:32:31+01;1389
2017-02-07 09:32:31+01;1379
2017-02-07 10:24:31+01;1359
2017-02-07 13:37:31+01;1349
2017-02-07 13:54:31+01;1359
2017-02-07 14:02:31+01;1349
2017-02-08 09:02:32+01;1339
2017-02-08 09:09:31+01;1349
2017-02-08 09:26:31+01;1339
2017-02-09 10:02:31+01;1329
2017-02-09 10:27:31+01;1339
2017-02-10 07:01:31+01;1429
2017-02-10 07:31:31+01;1419
2017-02-10 09:50:31+01;1419
2017-02-10 12:05:31+01;1399
2017-02-10 16:03:31+01;1399
2017-02-10 16:38:31+01;1399
2017-02-10 18:13:31+01;1379
2017-02-11 10:43:31+01;1369
2017-02-11 12:19:31+01;1359
2017-02-11 16:19:31+01;1349
2017-02-13 06:57:31+01;1439
2017-02-13 09:53:31+01;1429
2017-02-13 11:11:31+01;1419
2017-02-13 15:59:31+01;1399
2017-02-13 17:48:31+01;1389
2017-02-14 09:44:31+01;1399
2017-02-14 11:53:31+01;1399
2017-02-14 12:35:31+01;1389
2017-02-14 16:49:31+01;1379
2017-02-15 14:24:31+01;1399
2017-02-15 16:46:31+01;1389
2017-02-15 17:13:31+01;1379
2017-02-15 19:09:31+01;1369
2017-02-16 06:56:31+01;1419
2017-02-16 10:20:32+01;1419
2017-02-16 11:00:31+01;1419
2017-02-16 15:34:31+01;1379
2017-02-17 06:57:31+01;1419
2017-02-17 09:44:31+01;1419
2017-02-17 09:54:31+01;1419
2017-02-17 10:50:31+01;1419
2017-02-17 16:41:31+01;1409
2017-02-17 18:07:31+01;1379
2017-02-17 18:57:31+01;1379
2017-02-18 07:08:31+01;1419
2017-02-18 09:16:31+01;1399
2017-02-18 09:28:31+01;1419
2017-02-18 09:40:31+01;1399
2017-02-18 19:16:31+01;1389
2017-02-18 20:45:31+01;1369
2017-02-19 16:37:31+01;1369
2017-02-20 06:55:32+01;1419
2017-02-20 09:34:31+01;1369
2017-02-20 17:59:31+01;1349
2017-02-21 06:58:31+01;1419
2017-02-21 09:40:31+01;1419
2017-02-21 11:02:31+01;1419
2017-02-21 11:52:31+01;1409
2017-02-21 14:51:31+01;1399
2017-02-21 15:33:31+01;1389
2017-02-21 16:06:31+01;1379
2017-02-21 18:20:32+01;1369
2017-02-22 07:08:31+01;1419
2017-02-22 09:06:31+01;1399
2017-02-22 09:16:31+01;1419
2017-02-22 09:28:31+01;1419
2017-02-22 09:39:31+01;1399
2017-02-22 16:05:31+01;1399
2017-02-22 17:42:31+01;1399
2017-02-22 18:23:31+01;1379
2017-02-23 07:07:31+01;1419
2017-02-23 10:48:31+01;1409
2017-02-23 11:51:31+01;1409
2017-02-23 14:16:31+01;1399
2017-02-23 16:09:31+01;1389
2017-02-23 17:15:31+01;1379
2017-02-24 07:02:31+01;1419
2017-02-24 08:33:31+01;1399
2017-02-24 08:51:31+01;1419
2017-02-24 08:53:31+01;1399
2017-02-24 10:48:31+01;1399
2017-02-24 11:39:31+01;1399
2017-02-24 15:03:31+01;1389
2017-02-24 16:42:31+01;1389
2017-02-24 18:47:31+01;1369
2017-02-25 07:16:31+01;1419
2017-02-25 11:10:32+01;1389
2017-02-26 19:36:31+01;1359
2017-02-27 06:52:31+01;1419
2017-02-27 09:39:31+01;1409
2017-02-27 11:04:31+01;1399
2017-02-27 12:02:31+01;1399
2017-02-27 14:48:31+01;1379
2017-02-27 15:32:31+01;1369
2017-02-27 16:54:31+01;1369
2017-02-27 19:01:31+01;1359
2017-02-28 06:53:31+01;1419
2017-02-28 09:59:31+01;1409
2017-02-28 10:39:31+01;1409
2017-02-28 11:44:31+01;1399
2017-02-28 15:11:31+01;1379
2017-02-28 18:25:31+01;1369
2017-03-01 11:27:31+01;1359
2017-03-02 07:02:31+01;1419
2017-03-02 10:23:31+01;1369
2017-03-02 14:59:31+01;1369
2017-03-02 16:05:31+01;1369
2017-03-03 06:51:31+01;1419
2017-03-03 09:39:31+01;1409
2017-03-03 11:23:31+01;1399
2017-03-03 11:52:31+01;1389
2017-03-03 15:21:31+01;1369
2017-03-03 15:37:31+01;1369
2017-03-04 07:19:31+01;1419
2017-03-04 10:19:31+01;1419
2017-03-04 11:37:31+01;1399
2017-03-04 12:09:31+01;1389
2017-03-04 15:28:31+01;1369
2017-03-04 16:02:31+01;1359
2017-03-06 06:53:31+01;1419
2017-03-06 09:24:31+01;1419
2017-03-06 09:54:31+01;1409
2017-03-06 11:21:31+01;1399
2017-03-06 11:49:31+01;1389
2017-03-06 12:41:31+01;1379
2017-03-06 15:10:31+01;1369
2017-03-06 17:16:31+01;1359
2017-03-07 06:57:31+01;1419
2017-03-07 08:14:31+01;1359
2017-03-07 09:45:31+01;1349
2017-03-07 11:46:31+01;1339
2017-03-08 07:01:31+01;1419
2017-03-08 09:08:31+01;1409
2017-03-08 09:39:31+01;1369
2017-03-08 17:20:31+01;1369
2017-03-08 18:36:31+01;1359
2017-03-09 07:08:31+01;1419
2017-03-09 09:16:31+01;1409
2017-03-09 11:05:31+01;1399
2017-03-09 13:15:31+01;1399
2017-03-09 15:57:31+01;1399
2017-03-09 17:20:31+01;1379
2017-03-09 18:14:31+01;1359
2017-03-10 07:09:31+01;1419
2017-03-10 09:14:31+01;1409
2017-03-10 09:56:31+01;1389
2017-03-10 12:20:31+01;1359
2017-03-10 16:02:31+01;1359
2017-03-11 07:11:31+01;1409
2017-03-11 10:33:31+01;1399
2017-03-11 10:51:31+01;1389
2017-03-11 17:39:31+01;1379
2017-03-11 19:56:31+01;1359
2017-03-11 23:42:31+01;1329
2017-03-13 06:52:31+01;1409
2017-03-13 09:09:31+01;1399
2017-03-13 09:35:31+01;1389
2017-03-13 12:05:31+01;1379
2017-03-13 12:36:31+01;1369
2017-03-13 15:48:31+01;1359
2017-03-13 17:43:31+01;1349
2017-03-13 18:32:31+01;1339
2017-03-14 07:10:31+01;1399
2017-03-14 10:58:31+01;1379
2017-03-14 11:24:31+01;1369
2017-03-14 12:52:31+01;1359
2017-03-14 16:50:31+01;1349
2017-03-14 18:19:31+01;1339
2017-03-15 06:56:31+01;1399
2017-03-15 09:08:31+01;1389
2017-03-15 09:49:31+01;1379
2017-03-15 11:10:31+01;1369
2017-03-15 12:03:31+01;1369
2017-03-15 15:03:32+01;1349
2017-03-15 16:21:31+01;1339
2017-03-16 06:56:31+01;1389
2017-03-16 08:24:31+01;1349
2017-03-16 10:00:31+01;1339
2017-03-16 15:59:31+01;1329
2017-03-17 07:08:32+01;1389
2017-03-17 08:58:31+01;1339
2017-03-17 10:50:31+01;1329
2017-03-17 10:53:31+01;1319
2017-03-17 11:18:31+01;1329
2017-03-17 11:36:31+01;1319
2017-03-18 07:10:31+01;1389
2017-03-18 11:13:31+01;1379
2017-03-18 12:04:31+01;1369
2017-03-18 12:29:31+01;1359
2017-03-18 15:19:31+01;1349
2017-03-18 16:12:31+01;1339
2017-03-20 09:54:31+01;1329
2017-03-21 07:11:31+01;1349
2017-03-21 09:55:31+01;1349
2017-03-21 10:18:31+01;1339
2017-03-21 10:47:31+01;1329
2017-03-21 10:50:31+01;1339
2017-03-21 11:17:31+01;1329
2017-03-21 15:54:31+01;1329
2017-03-21 18:32:31+01;1319
2017-03-22 06:37:31+01;1389
2017-03-22 09:05:31+01;1389
2017-03-22 10:11:31+01;1369
2017-03-22 11:25:31+01;1359
2017-03-22 11:36:31+01;1359
2017-03-22 11:55:31+01;1349
2017-03-22 13:05:31+01;1339
2017-03-22 18:15:31+01;1319
2017-03-22 18:38:31+01;1319
2017-03-23 06:51:31+01;1389
2017-03-23 09:05:31+01;1379
2017-03-23 09:27:31+01;1369
2017-03-23 11:10:32+01;1369
2017-03-23 11:37:31+01;1359
2017-03-23 11:50:31+01;1349
2017-03-23 17:02:31+01;1329
2017-03-23 18:07:31+01;1319
2017-03-24 06:40:31+01;1379
2017-03-24 09:04:31+01;1379
2017-03-24 10:03:31+01;1369
2017-03-24 11:25:31+01;1349
2017-03-24 12:43:31+01;1339
2017-03-25 07:23:31+01;1389
2017-03-25 10:52:31+01;1379
2017-03-25 11:14:31+01;1369
2017-03-25 11:49:31+01;1359
2017-03-25 15:21:31+01;1349
2017-03-25 16:20:31+01;1339
2017-03-25 19:25:31+01;1329
2017-03-27 07:05:31+02;1389
2017-03-27 09:12:31+02;1379
2017-03-27 10:19:31+02;1349
2017-03-27 10:40:31+02;1329
2017-03-27 11:03:31+02;1319
2017-03-27 18:36:31+02;1319
2017-03-28 06:58:31+02;1389
2017-03-28 09:22:31+02;1379
2017-03-28 10:59:31+02;1369
2017-03-28 11:51:31+02;1359
2017-03-28 13:56:31+02;1349
2017-03-28 14:09:31+02;1359
2017-03-28 14:21:31+02;1349
2017-03-28 14:32:31+02;1339
2017-03-28 15:13:31+02;1329
2017-03-29 06:55:31+02;1389
2017-03-29 08:57:31+02;1379
2017-03-29 09:42:31+02;1359
2017-03-29 13:37:31+02;1339
2017-03-29 13:48:31+02;1359
2017-03-29 14:41:31+02;1349
2017-03-29 14:54:31+02;1339
2017-03-29 17:41:31+02;1329
2017-03-29 18:05:31+02;1319
2017-03-30 06:47:31+02;1399
2017-03-30 09:00:31+02;1389
2017-03-30 09:59:31+02;1359
2017-03-30 10:42:32+02;1339
2017-03-30 11:48:31+02;1329
2017-03-30 15:41:31+02;1319
2017-03-31 06:40:31+02;1409
2017-03-31 08:55:31+02;1389
2017-03-31 11:04:31+02;1379
2017-03-31 12:35:31+02;1369
2017-03-31 15:17:31+02;1369
2017-03-31 15:33:31+02;1359
2017-03-31 18:31:31+02;1339
2017-04-01 05:30:31+02;1339
2017-04-01 07:13:31+02;1409
2017-04-01 10:19:31+02;1399
2017-04-01 10:29:31+02;1399
2017-04-01 12:23:31+02;1379
2017-04-01 15:31:31+02;1369
2017-04-01 17:01:31+02;1359
2017-04-01 18:10:31+02;1349
2017-04-03 07:01:31+02;1409
2017-04-03 09:16:31+02;1409
2017-04-03 09:49:31+02;1399
2017-04-03 11:33:31+02;1389
2017-04-03 12:35:31+02;1369
2017-04-03 15:05:31+02;1369
2017-04-03 17:50:31+02;1359
2017-04-03 19:40:31+02;1359
2017-04-04 05:57:31+02;1419
2017-04-04 09:25:31+02;1409
2017-04-04 10:01:31+02;1399
2017-04-04 10:54:31+02;1389
2017-04-04 11:04:31+02;1379
2017-04-04 11:39:31+02;1369
2017-04-04 16:26:31+02;1369
2017-04-04 16:58:31+02;1359
2017-04-04 19:47:31+02;1349
2017-04-05 06:24:31+02;1409
2017-04-05 09:11:31+02;1409
2017-04-05 09:47:31+02;1399
2017-04-05 10:40:31+02;1389
2017-04-05 11:49:31+02;1359
2017-04-05 15:05:31+02;1339
2017-04-05 15:19:31+02;1359
2017-04-05 16:10:31+02;1339
2017-04-06 06:17:31+02;1419
2017-04-06 09:19:31+02;1419
2017-04-06 10:54:31+02;1409
2017-04-06 11:05:31+02;1409
2017-04-06 12:15:32+02;1409
2017-04-06 12:26:31+02;1379
2017-04-06 16:27:31+02;1369
2017-04-06 18:53:31+02;1359
2017-04-06 21:30:31+02;1349
2017-04-07 06:30:31+02;1419
2017-04-07 08:34:31+02;1419
2017-04-07 09:46:31+02;1419
2017-04-07 11:36:31+02;1399
2017-04-07 16:30:31+02;1389
2017-04-07 16:45:31+02;1359
2017-04-07 20:41:31+02;1359
2017-04-08 07:13:31+02;1419
2017-04-08 08:57:31+02;1419
2017-04-08 10:38:31+02;1409
2017-04-08 12:46:31+02;1379
2017-04-08 18:36:31+02;1369
2017-04-10 07:08:31+02;1419
2017-04-10 08:36:31+02;1419
2017-04-10 10:01:31+02;1419
2017-04-10 10:28:31+02;1419
2017-04-10 11:38:31+02;1399
2017-04-10 14:59:31+02;1379
2017-04-10 16:31:31+02;1369
2017-04-10 17:42:31+02;1359
2017-04-11 06:43:31+02;1419
2017-04-11 08:12:31+02;1419
2017-04-11 10:07:31+02;1409
2017-04-11 11:11:31+02;1399
2017-04-11 12:20:31+02;1389
2017-04-11 16:07:32+02;1389
2017-04-11 16:38:31+02;1379
2017-04-12 07:02:31+02;1419
2017-04-12 09:09:32+02;1419
2017-04-12 10:59:31+02;1409
2017-04-12 11:49:31+02;1399
2017-04-12 12:40:31+02;1389
2017-04-12 12:48:31+02;1389
2017-04-12 16:39:31+02;1379
2017-04-12 17:23:31+02;1379
2017-04-12 18:42:31+02;1369
2017-04-13 06:42:31+02;1419
2017-04-13 09:51:31+02;1419
2017-04-13 10:54:32+02;1409
2017-04-13 11:32:31+02;1399
2017-04-13 11:52:31+02;1399
2017-04-13 12:25:31+02;1389
2017-04-13 14:20:31+02;1389
2017-04-13 15:49:31+02;1389
2017-04-13 18:06:31+02;1379
2017-04-15 06:47:31+02;1419
2017-04-15 11:36:31+02;1419
2017-04-15 12:00:32+02;1419
2017-04-15 15:40:31+02;1389
2017-04-15 18:59:31+02;1369
2017-04-18 06:43:31+02;1419
2017-04-18 08:51:31+02;1419
2017-04-18 09:54:31+02;1419
2017-04-18 10:07:31+02;1419
2017-04-18 10:24:31+02;1419
2017-04-18 11:53:31+02;1409
2017-04-18 14:31:31+02;1399
2017-04-18 15:26:31+02;1399
2017-04-18 17:13:31+02;1389
2017-04-18 18:32:31+02;1379
2017-04-19 06:57:31+02;1419
2017-04-19 08:38:31+02;1419
2017-04-19 10:16:31+02;1409
2017-04-19 11:27:31+02;1409
2017-04-19 11:50:31+02;1399
2017-04-19 14:27:31+02;1389
2017-04-19 15:30:31+02;1379
2017-04-19 17:48:32+02;1359
2017-04-20 19:15:31+02;1349
2017-04-20 19:56:24+02;1349
2017-04-21 06:15:31+02;1419
2017-04-21 08:43:31+02;1419
2017-04-21 09:41:31+02;1409
2017-04-21 10:20:31+02;1409
2017-04-21 11:09:31+02;1399
2017-04-21 11:35:31+02;1389
2017-04-21 15:08:31+02;1379
2017-04-21 17:44:31+02;1369
2017-04-22 06:43:31+02;1419
2017-04-22 10:04:31+02;1419
2017-04-22 11:33:31+02;1399
2017-04-22 12:42:31+02;1389
2017-04-22 16:34:31+02;1369
2017-04-24 06:41:31+02;1419
2017-04-24 09:47:31+02;1409
2017-04-24 11:22:31+02;1399
2017-04-24 12:36:31+02;1389
2017-04-24 15:19:31+02;1389
2017-04-24 16:04:31+02;1379
2017-04-24 18:19:31+02;1369
2017-04-25 06:37:31+02;1419
2017-04-25 09:19:31+02;1409
2017-04-25 09:31:31+02;1419
2017-04-25 09:48:31+02;1409
2017-04-25 10:36:31+02;1399
2017-04-25 11:28:31+02;1399
2017-04-25 12:08:31+02;1389
2017-04-25 15:04:31+02;1379
2017-04-25 16:47:31+02;1359
2017-04-25 18:49:31+02;1349
2017-04-26 06:27:31+02;1419
2017-04-26 10:07:31+02;1369
2017-04-26 11:24:31+02;1359
2017-04-26 12:02:31+02;1349
2017-04-26 19:14:31+02;1349
2017-04-27 06:31:31+02;1409
2017-04-27 10:34:31+02;1389
2017-04-27 11:18:31+02;1379
2017-04-27 11:55:31+02;1379
2017-04-27 12:26:31+02;1369
2017-04-27 16:36:31+02;1349
2017-04-27 18:45:31+02;1349
2017-04-28 06:24:31+02;1409
2017-04-28 09:36:31+02;1389
2017-04-28 09:48:31+02;1379
2017-04-28 11:17:31+02;1369
2017-04-28 11:55:31+02;1359
2017-04-28 19:09:31+02;1339
2017-04-29 06:59:31+02;1399
2017-04-29 10:01:31+02;1389
2017-04-29 10:55:31+02;1379
2017-04-29 11:56:31+02;1369
2017-04-29 15:22:31+02;1369
2017-04-29 16:41:31+02;1359
2017-04-29 19:31:31+02;1339
2017-05-02 06:39:31+02;1399
2017-05-02 09:00:31+02;1389
2017-05-02 09:23:31+02;1389
2017-05-02 10:17:31+02;1379
2017-05-02 11:38:31+02;1369
2017-05-02 14:44:32+02;1349
2017-05-03 06:44:31+02;1399
2017-05-03 10:03:31+02;1389
2017-05-03 10:36:31+02;1369
2017-05-03 11:22:31+02;1359
2017-05-03 12:37:31+02;1349
2017-05-03 19:14:31+02;1339
2017-05-04 06:42:31+02;1389
2017-05-04 09:51:31+02;1379
2017-05-04 10:42:31+02;1379
2017-05-04 11:04:31+02;1369
2017-05-04 12:02:31+02;1369
2017-05-04 12:22:31+02;1359
2017-05-04 15:37:31+02;1349
2017-05-04 17:36:31+02;1339
2017-05-04 19:04:31+02;1329
2017-05-04 19:55:31+02;1329
2017-05-05 06:49:31+02;1389
2017-05-05 09:25:31+02;1379
2017-05-05 09:56:31+02;1369
2017-05-05 11:32:31+02;1359
2017-05-05 12:55:31+02;1349
2017-05-05 15:16:31+02;1339
2017-05-05 16:35:32+02;1329
2017-05-05 19:12:31+02;1319
2017-05-06 07:02:31+02;1379
2017-05-06 10:02:31+02;1359
2017-05-06 11:52:31+02;1329
2017-05-06 14:36:31+02;1319
2017-05-06 16:23:31+02;1309
2017-05-07 20:26:31+02;1299
2017-05-08 06:53:31+02;1379
2017-05-08 08:13:31+02;1359
2017-05-08 10:06:31+02;1329
2017-05-08 10:26:31+02;1329
2017-05-08 11:10:31+02;1329
2017-05-08 16:13:31+02;1319
2017-05-08 18:27:31+02;1309
2017-05-08 19:03:31+02;1299
2017-05-09 06:55:31+02;1379
2017-05-09 09:10:31+02;1369
2017-05-09 09:52:31+02;1369
2017-05-09 10:34:31+02;1359
2017-05-09 12:00:31+02;1339
2017-05-09 14:19:31+02;1329
2017-05-09 16:28:31+02;1319
2017-05-10 06:41:31+02;1379
2017-05-10 10:21:31+02;1359
2017-05-10 11:04:31+02;1349
2017-05-10 12:41:31+02;1329
2017-05-10 18:47:31+02;1319
2017-05-11 06:47:31+02;1379
2017-05-11 08:37:31+02;1329
2017-05-11 10:33:31+02;1319
2017-05-11 11:54:31+02;1309
2017-05-11 12:03:31+02;1309
2017-05-12 06:52:31+02;1389
2017-05-12 09:32:31+02;1379
2017-05-12 10:00:31+02;1369
2017-05-12 10:36:31+02;1359
2017-05-12 11:00:31+02;1359
2017-05-12 11:46:31+02;1349
2017-05-12 16:17:31+02;1339
2017-05-12 16:47:31+02;1329
2017-05-12 17:27:31+02;1319
2017-05-12 17:38:31+02;1329
2017-05-12 17:53:31+02;1319
2017-05-13 06:45:31+02;1389
2017-05-13 09:54:31+02;1379
2017-05-13 11:12:31+02;1369
2017-05-13 11:56:31+02;1359
2017-05-13 12:43:31+02;1359
2017-05-15 06:43:32+02;1389
2017-05-15 08:54:31+02;1379
2017-05-15 09:26:31+02;1379
2017-05-15 10:28:31+02;1369
2017-05-15 11:41:31+02;1359
2017-05-15 12:04:31+02;1349
2017-05-15 18:26:31+02;1329
2017-05-16 06:54:31+02;1389
2017-05-16 08:51:31+02;1379
2017-05-16 10:11:31+02;1369
2017-05-16 11:37:31+02;1359
2017-05-16 11:57:31+02;1349
2017-05-16 12:05:31+02;1349
2017-05-16 16:53:31+02;1339
2017-05-17 06:44:31+02;1399
2017-05-17 08:35:31+02;1349
2017-05-17 10:19:31+02;1339
2017-05-17 11:34:31+02;1329
2017-05-17 12:39:31+02;1319
2017-05-17 13:10:31+02;1309
2017-05-18 06:49:31+02;1329
2017-05-18 08:55:31+02;1309
2017-05-19 06:43:31+02;1399
2017-05-19 09:04:31+02;1379
2017-05-19 09:07:31+02;1369
2017-05-19 09:58:31+02;1349
2017-05-19 16:08:31+02;1339
2017-05-19 19:07:31+02;1319
2017-05-20 06:54:31+02;1399
2017-05-20 08:44:31+02;1369
2017-05-20 10:28:31+02;1339
2017-05-20 13:17:31+02;1339
2017-05-20 14:58:31+02;1339
2017-05-20 17:54:31+02;1319
2017-05-21 20:07:31+02;1309
2017-05-22 06:56:32+02;1399
2017-05-22 08:58:31+02;1389
2017-05-22 09:49:31+02;1379
2017-05-22 10:50:31+02;1379
2017-05-22 11:27:31+02;1369
2017-05-22 12:28:31+02;1359
2017-05-22 14:24:31+02;1349
2017-05-22 19:07:31+02;1339
2017-05-23 06:55:31+02;1409
2017-05-23 08:50:31+02;1399
2017-05-23 09:37:31+02;1389
2017-05-23 09:44:31+02;1389
2017-05-23 10:23:31+02;1379
2017-05-23 10:40:31+02;1369
2017-05-23 11:20:31+02;1359
2017-05-23 15:23:31+02;1349
2017-05-23 16:53:31+02;1339
2017-05-24 06:52:31+02;1409
2017-05-24 09:11:31+02;1389
2017-05-24 09:47:31+02;1379
2017-05-24 10:26:31+02;1369
2017-05-24 11:23:05+02;1359
2017-05-24 18:48:05+02;1349
2017-05-26 06:58:06+02;1409
2017-05-26 10:23:06+02;1359
2017-05-26 12:38:07+02;1339
2017-05-26 19:09:05+02;1329
2017-05-27 07:16:05+02;1409
2017-05-27 09:59:06+02;1399
2017-05-27 10:44:06+02;1379
2017-05-27 12:56:06+02;1369
2017-05-27 15:53:05+02;1349
2017-05-27 17:08:06+02;1329
2017-05-29 06:47:05+02;1419
2017-05-29 07:43:06+02;1409
2017-05-29 09:10:06+02;1399
2017-05-29 09:32:06+02;1389
2017-05-29 12:30:07+02;1379
2017-05-29 13:28:06+02;1359
2017-05-29 14:01:06+02;1369
2017-05-29 14:07:06+02;1359
2017-05-29 16:01:06+02;1349
2017-05-29 16:22:06+02;1349
2017-05-29 19:20:06+02;1329
2017-05-30 07:10:06+02;1419
2017-05-30 08:08:06+02;1389
2017-05-30 09:40:06+02;1379
2017-05-30 10:44:06+02;1369
2017-05-30 11:32:06+02;1359
2017-05-30 12:19:06+02;1349
2017-05-30 19:45:06+02;1339
2017-05-31 06:50:05+02;1419
2017-05-31 07:31:21+02;1389
2017-05-31 08:50:06+02;1389
2017-05-31 09:35:06+02;1379
2017-05-31 10:44:05+02;1369
2017-05-31 11:53:06+02;1359
2017-05-31 12:38:06+02;1349
2017-05-31 16:56:18+02;1339
2017-05-31 18:27:06+02;1329
2017-06-01 06:45:06+02;1419
2017-06-01 08:21:05+02;1389
2017-06-01 08:43:05+02;1379
2017-06-01 12:16:06+02;1349
2017-06-01 16:45:07+02;1339
2017-06-02 06:50:06+02;1419
2017-06-02 08:12:05+02;1389
2017-06-02 09:12:06+02;1389
2017-06-02 09:36:06+02;1379
2017-06-02 09:50:06+02;1379
2017-06-02 11:18:06+02;1369
2017-06-02 11:42:06+02;1359
2017-06-02 15:06:06+02;1349
2017-06-02 17:27:06+02;1339
2017-06-02 19:03:06+02;1329
2017-06-06 07:19:05+02;1399
2017-06-06 08:22:05+02;1369
2017-06-06 09:48:06+02;1359
2017-06-06 10:04:06+02;1349
2017-06-06 11:02:06+02;1339
2017-06-06 11:40:12+02;1329
2017-06-06 13:58:05+02;1329
2017-06-06 16:46:06+02;1319
2017-06-07 07:00:06+02;1419
2017-06-07 08:01:09+02;1379
2017-06-07 08:59:05+02;1369
2017-06-07 10:03:05+02;1359
2017-06-07 10:20:06+02;1359
2017-06-07 10:48:06+02;1349
2017-06-07 11:44:06+02;1339
2017-06-07 16:43:05+02;1329
2017-06-08 06:49:05+02;1419
2017-06-08 08:11:06+02;1379
2017-06-08 09:58:06+02;1359
2017-06-08 10:53:06+02;1349
2017-06-08 11:31:05+02;1349
2017-06-08 12:05:06+02;1339
2017-06-08 16:46:06+02;1329
2017-06-09 07:03:05+02;1419
2017-06-09 07:44:06+02;1379
2017-06-09 08:57:05+02;1369
2017-06-09 10:23:05+02;1359
2017-06-09 11:13:06+02;1359
2017-06-09 11:29:05+02;1349
2017-06-09 12:34:06+02;1339
2017-06-09 18:55:06+02;1319
2017-06-10 06:43:05+02;1419
2017-06-10 08:05:06+02;1389
2017-06-10 08:08:05+02;1389
2017-06-10 09:10:06+02;1379
2017-06-10 11:54:06+02;1349
2017-06-10 20:09:06+02;1309
2017-06-12 06:59:05+02;1419
2017-06-12 08:33:08+02;1379
2017-06-12 08:58:06+02;1369
2017-06-12 09:38:06+02;1359
2017-06-12 11:25:04+02;1359
2017-06-12 12:02:04+02;1359
2017-06-12 12:39:04+02;1359
2017-06-12 12:42:08+02;1349
2017-06-12 13:41:06+02;1349
2017-06-12 14:57:06+02;1339
2017-06-12 16:42:06+02;1329
2017-06-13 06:51:06+02;1419
2017-06-13 08:14:06+02;1379
2017-06-13 09:13:06+02;1369
2017-06-13 09:58:06+02;1359
2017-06-13 10:41:22+02;1349
2017-06-13 12:07:06+02;1339
2017-06-13 15:58:05+02;1329
2017-06-13 16:39:06+02;1319
2017-06-14 07:01:05+02;1419
2017-06-14 08:38:05+02;1379
2017-06-14 09:24:06+02;1369
2017-06-14 09:52:08+02;1359
2017-06-14 11:39:06+02;1339
2017-06-14 12:28:06+02;1329
2017-06-14 16:56:06+02;1329
2017-06-15 06:51:06+02;1419
2017-06-15 08:00:07+02;1379
2017-06-15 09:52:06+02;1359
2017-06-15 10:49:05+02;1349
2017-06-15 11:44:06+02;1339
2017-06-15 16:43:05+02;1319
2017-06-16 06:32:16+02;1419
2017-06-16 08:10:25+02;1379
2017-06-16 09:05:06+02;1369
2017-06-16 09:32:06+02;1369
2017-06-16 09:50:07+02;1349
2017-06-16 11:23:06+02;1309
2017-06-16 12:08:06+02;1269
2017-06-16 19:27:06+02;1269
2017-06-17 07:01:06+02;1379
2017-06-17 10:55:07+02;1339
2017-06-17 11:25:06+02;1269
2017-06-19 06:54:06+02;1399
2017-06-19 08:23:05+02;1379
2017-06-19 08:57:05+02;1369
2017-06-19 09:31:05+02;1359
2017-06-19 10:06:06+02;1349
2017-06-19 11:38:06+02;1339
2017-06-19 17:12:06+02;1309
2017-06-20 06:51:06+02;1419
2017-06-20 08:02:06+02;1379
2017-06-20 09:24:06+02;1359
2017-06-20 09:51:06+02;1349
2017-06-20 10:55:06+02;1339
2017-06-20 12:01:05+02;1329
2017-06-20 17:02:06+02;1309
2017-06-20 18:42:06+02;1289
2017-06-21 06:41:05+02;1399
2017-06-21 08:01:05+02;1369
2017-06-21 09:30:07+02;1369
2017-06-21 10:55:07+02;1339
2017-06-21 12:04:07+02;1329
2017-06-21 16:04:05+02;1329
2017-06-21 17:04:05+02;1319
2017-06-21 19:02:06+02;1309
2017-06-22 06:29:05+02;1419
2017-06-22 07:55:07+02;1369
2017-06-22 09:58:06+02;1349
2017-06-22 10:58:06+02;1339
2017-06-22 11:53:05+02;1329
2017-06-22 17:10:06+02;1319
2017-06-22 19:10:06+02;1309
2017-06-23 06:30:07+02;1369
2017-06-23 11:19:06+02;1339
2017-06-23 12:47:07+02;1319
2017-06-23 16:13:05+02;1299
2017-06-24 07:01:06+02;1369
2017-06-24 10:03:05+02;1359
2017-06-24 10:33:06+02;1349
2017-06-24 11:02:06+02;1339
2017-06-24 12:20:07+02;1329
2017-06-24 12:37:06+02;1329
2017-06-24 14:30:12+02;1309
2017-06-24 15:58:06+02;1309
2017-06-26 06:51:06+02;1369
2017-06-26 08:21:06+02;1359
2017-06-26 09:26:06+02;1349
2017-06-26 09:56:05+02;1349
2017-06-26 11:10:06+02;1339
2017-06-26 12:00:06+02;1329
2017-06-26 14:45:06+02;1319
2017-06-26 15:30:07+02;1319
2017-06-26 16:46:08+02;1309
2017-06-27 06:48:06+02;1369
2017-06-27 08:34:06+02;1369
2017-06-27 09:01:06+02;1349
2017-06-27 10:12:06+02;1339
2017-06-27 10:46:07+02;1329
2017-06-27 11:56:06+02;1329
2017-06-27 12:37:06+02;1319
2017-06-27 16:50:07+02;1309
2017-06-28 06:55:06+02;1369
2017-06-28 09:39:06+02;1349
2017-06-28 09:49:05+02;1339
2017-06-28 11:26:06+02;1329
2017-06-28 11:47:05+02;1319
2017-06-28 15:36:06+02;1309
2017-06-29 06:43:05+02;1369
2017-06-29 09:09:05+02;1349
2017-06-29 09:48:06+02;1339
2017-06-29 10:09:05+02;1329
2017-06-29 11:17:05+02;1319
2017-06-29 14:59:07+02;1309
2017-06-29 16:23:06+02;1309
2017-06-29 18:12:06+02;1309
2017-06-29 18:59:05+02;1299
2017-06-30 06:44:06+02;1369
2017-06-30 08:05:06+02;1359
2017-06-30 09:34:06+02;1349
2017-06-30 10:00:07+02;1349
2017-06-30 10:21:06+02;1339
2017-06-30 11:27:10+02;1329
2017-06-30 15:30:08+02;1319
2017-07-01 06:55:06+02;1369
2017-07-01 10:06:06+02;1359
2017-07-01 11:16:06+02;1349
2017-07-01 14:08:06+02;1329
2017-07-01 15:08:05+02;1299
2017-07-03 06:55:06+02;1369
2017-07-03 08:19:06+02;1359
2017-07-03 09:12:06+02;1349
2017-07-03 09:51:09+02;1349
2017-07-03 10:13:06+02;1339
2017-07-03 12:50:06+02;1329
2017-07-03 14:30:08+02;1319
2017-07-03 15:28:06+02;1309
2017-07-03 19:28:06+02;1299
2017-07-04 06:39:05+02;1369
2017-07-04 08:49:06+02;1349
2017-07-04 10:12:20+02;1339
2017-07-04 10:46:06+02;1329
2017-07-04 11:48:07+02;1329
2017-07-04 12:34:06+02;1319
2017-07-04 15:02:07+02;1299
2017-07-05 06:46:06+02;1369
2017-07-05 08:27:06+02;1359
2017-07-05 09:31:06+02;1349
2017-07-05 10:37:07+02;1339
2017-07-05 11:24:07+02;1329
2017-07-05 12:01:06+02;1319
2017-07-05 18:35:06+02;1309
2017-07-05 19:12:06+02;1299
2017-07-06 06:46:05+02;1369
2017-07-06 08:34:06+02;1369
2017-07-06 08:57:05+02;1349
2017-07-06 09:53:06+02;1339
2017-07-06 10:26:06+02;1329
2017-07-06 11:29:06+02;1309
2017-07-06 11:46:06+02;1309
2017-07-06 12:41:06+02;1299
2017-07-07 07:04:06+02;1379
2017-07-07 08:08:06+02;1369
2017-07-07 09:13:06+02;1359
2017-07-07 09:57:06+02;1359
2017-07-07 10:32:06+02;1329
2017-07-07 10:46:06+02;1319
2017-07-07 11:48:06+02;1319
2017-07-07 15:09:06+02;1309
2017-07-08 07:40:06+02;1379
2017-07-08 09:06:07+02;1309
2017-07-08 12:24:11+02;1299
2017-07-08 16:31:06+02;1279
2017-07-10 06:45:06+02;1379
2017-07-10 08:22:06+02;1369
2017-07-10 09:10:06+02;1349
2017-07-10 10:49:06+02;1339
2017-07-10 12:37:07+02;1319
2017-07-10 14:32:06+02;1309
2017-07-10 15:14:06+02;1299
2017-07-11 06:50:06+02;1369
2017-07-11 08:47:05+02;1359
2017-07-11 09:09:06+02;1349
2017-07-11 09:42:06+02;1339
2017-07-11 10:42:06+02;1329
2017-07-11 15:13:06+02;1319
2017-07-11 16:31:06+02;1309
2017-07-12 06:58:06+02;1369
2017-07-12 08:24:06+02;1359
2017-07-12 09:06:06+02;1349
2017-07-12 09:38:06+02;1339
2017-07-12 10:31:06+02;1329
2017-07-12 14:28:06+02;1309
2017-07-12 15:32:06+02;1299
2017-07-13 06:34:06+02;1369
2017-07-13 08:58:06+02;1359
2017-07-13 10:47:05+02;1329
2017-07-13 11:01:05+02;1329
2017-07-13 14:51:06+02;1319
2017-07-13 15:13:06+02;1309
2017-07-13 16:20:06+02;1299
2017-07-13 21:24:06+02;1289
2017-07-14 06:45:06+02;1369
2017-07-14 08:32:06+02;1359
2017-07-14 08:48:06+02;1349
2017-07-14 09:29:06+02;1339
2017-07-14 10:14:09+02;1329
2017-07-14 11:32:06+02;1309
2017-07-14 12:34:06+02;1299
2017-07-14 19:11:06+02;1299
2017-07-15 07:01:06+02;1349
2017-07-15 08:30:13+02;1329
2017-07-15 09:20:07+02;1309
2017-07-15 10:00:06+02;1289
2017-07-15 10:45:06+02;1269
2017-07-15 12:02:06+02;1249
2017-07-15 12:34:06+02;1239
2017-07-15 14:19:05+02;1259
2017-07-15 15:26:06+02;1259
2017-07-15 22:30:07+02;1249
2017-07-17 06:39:06+02;1369
2017-07-17 08:08:05+02;1359
2017-07-17 09:25:06+02;1349
2017-07-17 10:12:06+02;1339
2017-07-17 11:03:06+02;1339
2017-07-17 11:34:06+02;1339
2017-07-17 13:03:06+02;1309
2017-07-17 13:49:05+02;1299
2017-07-18 06:53:05+02;1359
2017-07-18 08:08:06+02;1349
2017-07-18 08:40:06+02;1339
2017-07-18 10:54:06+02;1309
2017-07-18 15:38:23+02;1299
2017-07-19 06:42:06+02;1369
2017-07-19 08:26:05+02;1359
2017-07-19 09:06:07+02;1359
2017-07-19 09:32:06+02;1319
2017-07-19 10:05:06+02;1309
2017-07-19 10:34:06+02;1299
2017-07-19 10:59:06+02;1299
2017-07-19 11:33:05+02;1299
2017-07-19 11:55:06+02;1289
2017-07-20 16:59:05+02;1279
2017-07-22 02:20:07+02;1279
2017-07-22 06:56:06+02;1359
2017-07-22 08:29:06+02;1339
2017-07-22 10:37:06+02;1329
2017-07-22 11:25:06+02;1319
2017-07-22 12:09:06+02;1289
2017-07-24 06:38:06+02;1359
2017-07-24 09:15:06+02;1349
2017-07-24 09:54:06+02;1339
2017-07-24 10:21:06+02;1329
2017-07-24 14:43:05+02;1309
2017-07-24 15:21:06+02;1299
2017-07-24 18:17:06+02;1289
2017-07-25 06:36:06+02;1359
2017-07-25 08:38:05+02;1359
2017-07-25 08:50:06+02;1359
2017-07-25 09:29:06+02;1349
2017-07-25 09:49:11+02;1309
2017-07-25 11:02:06+02;1299
2017-07-25 15:38:06+02;1289
2017-07-26 06:45:06+02;1359
2017-07-26 08:25:06+02;1359
2017-07-26 09:25:06+02;1339
2017-07-26 10:50:06+02;1329
2017-07-26 15:37:06+02;1329
2017-07-26 16:22:06+02;1319
2017-07-26 19:15:07+02;1289
2017-07-27 07:02:06+02;1359
2017-07-27 07:32:05+02;1329
2017-07-27 08:29:05+02;1289
2017-07-28 06:56:06+02;1359
2017-07-28 09:16:06+02;1289
2017-07-28 11:44:08+02;1289
2017-07-28 12:01:12+02;1289
2017-07-29 06:58:06+02;1359
2017-07-29 10:36:05+02;1339
2017-07-29 11:27:05+02;1329
2017-07-29 15:42:06+02;1319
2017-07-31 06:39:05+02;1359
2017-07-31 08:58:06+02;1359
2017-07-31 09:44:06+02;1349
2017-07-31 10:34:06+02;1339
2017-07-31 11:55:06+02;1339
2017-07-31 12:21:06+02;1339
2017-07-31 15:10:06+02;1339
2017-07-31 17:20:06+02;1309
2017-07-31 20:07:06+02;1299
2017-08-01 06:11:06+02;1359
2017-08-01 09:06:06+02;1359
2017-08-01 11:52:06+02;1339
2017-08-01 12:33:05+02;1339
2017-08-01 15:56:06+02;1319
2017-08-01 17:10:06+02;1319
2017-08-01 18:37:06+02;1289
2017-08-02 06:36:05+02;1359
2017-08-02 08:58:06+02;1359
2017-08-02 10:40:06+02;1339
2017-08-02 12:31:06+02;1329
2017-08-02 19:13:06+02;1319
2017-08-03 06:36:06+02;1359
2017-08-03 08:56:06+02;1359
2017-08-03 10:36:06+02;1349
2017-08-03 11:06:08+02;1339
2017-08-03 17:21:16+02;1309
2017-08-03 19:20:06+02;1299
2017-08-04 06:52:06+02;1359
2017-08-04 10:52:06+02;1329
2017-08-04 15:15:06+02;1319
2017-08-04 17:42:06+02;1309
2017-08-04 21:27:05+02;1269
2017-08-07 06:52:06+02;1359
2017-08-07 08:23:06+02;1359
2017-08-07 10:36:05+02;1349
2017-08-07 14:37:06+02;1339
2017-08-07 14:54:06+02;1319
2017-08-07 14:56:06+02;1339
2017-08-07 15:14:05+02;1329
2017-08-07 16:26:05+02;1309
2017-08-07 16:56:06+02;1289
2017-08-08 06:44:05+02;1359
2017-08-08 08:37:06+02;1349
2017-08-08 09:56:06+02;1339
2017-08-08 10:45:06+02;1329
2017-08-08 15:47:05+02;1319
2017-08-08 16:48:06+02;1319
2017-08-08 19:19:05+02;1309
2017-08-09 06:39:05+02;1359
2017-08-09 08:33:06+02;1359
2017-08-09 09:53:05+02;1339
2017-08-09 15:34:05+02;1329
2017-08-09 16:55:06+02;1299
2017-08-09 21:08:06+02;1269
2017-08-10 06:56:17+02;1359
2017-08-10 08:15:09+02;1269
2017-08-11 06:50:06+02;1359
2017-08-11 08:25:08+02;1359
2017-08-11 09:17:06+02;1359
2017-08-11 10:27:06+02;1349
2017-08-11 15:11:06+02;1349
2017-08-11 16:11:05+02;1319
2017-08-11 16:36:07+02;1319
2017-08-11 19:28:06+02;1289
2017-08-12 06:56:05+02;1359
2017-08-12 10:48:06+02;1339
2017-08-12 12:28:05+02;1279
2017-08-14 06:50:06+02;1359
2017-08-14 09:11:06+02;1359
2017-08-14 10:06:06+02;1349
2017-08-14 10:51:06+02;1349
2017-08-14 12:45:06+02;1339
2017-08-14 14:53:06+02;1339
2017-08-14 15:06:11+02;1329
2017-08-14 16:21:05+02;1299
2017-08-14 16:47:06+02;1299
2017-08-14 19:14:06+02;1299
2017-08-14 20:20:06+02;1269
2017-08-15 05:59:05+02;1359
2017-08-15 08:44:06+02;1349
2017-08-15 09:55:06+02;1339
2017-08-15 11:33:06+02;1329
2017-08-15 14:39:06+02;1329
2017-08-15 15:37:06+02;1319
2017-08-15 16:47:06+02;1319
2017-08-16 06:10:06+02;1359
2017-08-16 08:22:05+02;1359
2017-08-16 08:57:06+02;1349
2017-08-16 09:22:06+02;1319
2017-08-16 10:30:08+02;1309
2017-08-16 16:35:06+02;1299
2017-08-16 19:03:06+02;1289
2017-08-17 06:15:06+02;1359
2017-08-17 08:56:06+02;1349
2017-08-17 10:13:06+02;1339
2017-08-17 10:59:06+02;1329
2017-08-17 12:45:06+02;1329
2017-08-17 15:02:10+02;1319
2017-08-17 15:36:11+02;1319
2017-08-17 15:55:10+02;1309
2017-08-17 19:08:07+02;1289
2017-08-18 06:31:07+02;1359
2017-08-18 08:11:07+02;1349
2017-08-18 09:27:08+02;1339
2017-08-18 09:57:12+02;1339
2017-08-18 10:08:10+02;1329
2017-08-18 15:07:10+02;1319
2017-08-18 18:54:11+02;1309
2017-08-19 06:55:09+02;1359
2017-08-19 09:51:07+02;1359
2017-08-19 11:42:10+02;1359
2017-08-19 14:54:09+02;1319
2017-08-21 06:26:07+02;1359
2017-08-21 08:24:09+02;1359
2017-08-21 09:26:08+02;1329
2017-08-21 10:33:11+02;1319
2017-08-21 12:31:11+02;1309
2017-08-21 19:26:10+02;1279
2017-08-22 06:23:07+02;1359
2017-08-22 10:25:14+02;1339
2017-08-22 12:48:16+02;1319
2017-08-22 15:05:12+02;1319
2017-08-22 17:04:10+02;1309
2017-08-22 18:41:27+02;1299
2017-08-22 19:15:14+02;1279
2017-08-23 06:30:12+02;1359
2017-08-23 08:59:09+02;1349
2017-08-23 12:07:12+02;1329
2017-08-23 16:23:10+02;1329
2017-08-23 18:41:09+02;1289
2017-08-23 19:28:09+02;1279
2017-08-24 03:33:06+02;1279
2017-08-24 06:31:05+02;1359
2017-08-24 07:53:05+02;1319
2017-08-24 11:44:06+02;1299
2017-08-24 19:15:06+02;1279
2017-08-25 06:32:06+02;1359
2017-08-25 08:31:06+02;1349
2017-08-25 09:27:05+02;1339
2017-08-25 10:27:06+02;1329
2017-08-25 16:40:06+02;1309
2017-08-25 18:16:05+02;1299
2017-08-25 18:54:06+02;1279
2017-08-26 06:58:05+02;1359
2017-08-26 10:51:06+02;1329
2017-08-26 11:44:06+02;1319
2017-08-26 12:15:06+02;1319
2017-08-26 14:41:05+02;1299
2017-08-28 06:29:05+02;1359
2017-08-28 08:20:06+02;1359
2017-08-28 09:19:05+02;1359
2017-08-28 10:02:05+02;1359
2017-08-28 10:51:06+02;1329
2017-08-28 19:12:06+02;1309
2017-08-29 06:49:05+02;1359
2017-08-29 10:07:06+02;1329
2017-08-29 12:01:06+02;1319
2017-08-29 12:04:06+02;1309
2017-08-29 17:05:06+02;1299
2017-08-30 06:36:06+02;1359
2017-08-30 08:49:06+02;1359
2017-08-30 09:32:06+02;1359
2017-08-30 09:59:05+02;1359
2017-08-30 10:30:09+02;1349
2017-08-30 12:10:06+02;1339
2017-08-30 15:35:07+02;1329
2017-08-31 06:56:05+02;1359
2017-08-31 09:25:06+02;1359
2017-08-31 09:53:06+02;1359
2017-08-31 11:07:19+02;1349
2017-08-31 14:31:06+02;1339
2017-08-31 15:58:06+02;1339
2017-09-01 06:38:21+02;1359
2017-09-01 09:56:06+02;1359
2017-09-01 10:15:07+02;1359
2017-09-01 11:27:06+02;1349
2017-09-01 12:19:06+02;1339
2017-09-01 19:13:06+02;1339
2017-09-03 16:53:19+02;1319
2017-09-04 06:46:06+02;1359
2017-09-04 08:41:06+02;1359
2017-09-04 09:08:06+02;1359
2017-09-04 10:10:06+02;1359
2017-09-04 14:01:06+02;1349
2017-09-05 06:58:06+02;1359
2017-09-05 08:46:06+02;1359
2017-09-05 10:39:06+02;1349
2017-09-05 12:46:06+02;1339
2017-09-05 15:41:06+02;1339
2017-09-05 19:26:05+02;1339
2017-09-06 06:58:05+02;1359
2017-09-06 09:51:06+02;1359
2017-09-06 10:22:06+02;1359
2017-09-06 12:35:06+02;1349
2017-09-06 19:16:06+02;1349
2017-09-07 06:55:05+02;1359
2017-09-07 09:20:06+02;1359
2017-09-07 10:44:06+02;1359
2017-09-07 11:19:06+02;1359
2017-09-07 11:33:06+02;1349
2017-09-07 12:17:06+02;1349
2017-09-07 18:39:06+02;1329
2017-09-08 06:53:06+02;1359
2017-09-08 09:23:06+02;1359
2017-09-08 11:04:05+02;1359
2017-09-08 11:37:07+02;1349
2017-09-08 12:17:07+02;1349
2017-09-08 17:02:07+02;1339
2017-09-08 21:02:06+02;1319
2017-09-09 07:21:06+02;1359
2017-09-09 09:54:05+02;1359
2017-09-09 11:31:06+02;1359
2017-09-09 15:58:06+02;1349
2017-09-11 06:38:05+02;1359
2017-09-11 06:40:06+02;1359
2017-09-11 10:32:06+02;1359
2017-09-11 12:27:06+02;1349
2017-09-11 14:14:05+02;1339
2017-09-11 15:55:06+02;1339
2017-09-11 18:59:06+02;1339
2017-09-11 20:17:06+02;1319
2017-09-12 06:23:06+02;1359
2017-09-12 10:07:06+02;1359
2017-09-12 10:41:05+02;1359
2017-09-12 12:07:08+02;1349
2017-09-12 15:03:06+02;1339
2017-09-12 19:07:06+02;1329
2017-09-13 06:25:06+02;1359
2017-09-13 09:22:06+02;1339
2017-09-13 10:27:06+02;1339
2017-09-13 14:20:06+02;1339
2017-09-13 15:36:06+02;1339
2017-09-13 18:44:06+02;1319
2017-09-14 06:42:06+02;1359
2017-09-14 08:06:06+02;1339
2017-09-14 09:42:06+02;1309
2017-09-14 10:30:07+02;1299
2017-09-14 11:54:05+02;1299
2017-09-15 06:39:06+02;1359
2017-09-15 09:17:07+02;1359
2017-09-15 10:20:06+02;1359
2017-09-15 11:59:05+02;1339
2017-09-15 15:21:06+02;1329
2017-09-15 15:53:06+02;1319
2017-09-16 07:02:06+02;1359
2017-09-16 09:47:06+02;1359
2017-09-16 11:10:06+02;1349
2017-09-16 15:55:06+02;1329
2017-09-18 06:57:06+02;1359
2017-09-18 10:21:06+02;1359
2017-09-18 13:44:06+02;1349
2017-09-18 14:14:06+02;1329
2017-09-18 14:49:10+02;1329
2017-09-18 15:29:07+02;1329
2017-09-18 18:57:05+02;1319
2017-09-18 19:53:05+02;1289
2017-09-19 06:47:05+02;1359
2017-09-19 08:45:06+02;1319
2017-09-19 08:49:06+02;1309
2017-09-19 11:01:06+02;1299
2017-09-19 12:13:06+02;1289
2017-09-19 12:38:06+02;1289
2017-09-19 23:16:20+02;1289
2017-09-20 06:54:05+02;1359
2017-09-20 09:44:06+02;1359
2017-09-20 10:23:06+02;1349
2017-09-20 11:51:06+02;1339
2017-09-20 14:59:06+02;1319
2017-09-20 19:07:07+02;1309
2017-09-21 06:49:06+02;1299
2017-09-21 09:45:07+02;1289
2017-09-21 11:50:09+02;1279
