2014-06-08 09:50:01+02;1519
2014-06-09 00:02:01+02;1579
2014-06-09 02:54:01+02;1579
2014-06-09 03:14:01+02;1559
2014-06-09 07:02:01+02;1549
2014-06-09 07:38:01+02;1539
2014-06-09 08:34:01+02;1529
2014-06-09 09:26:01+02;1529
2014-06-09 17:06:01+02;1589
2014-06-10 00:58:01+02;1569
2014-06-10 04:14:01+02;1559
2014-06-10 04:42:01+02;1539
2014-06-10 06:38:01+02;1539
2014-06-10 07:42:01+02;1529
2014-06-10 12:22:01+02;1519
2014-06-10 17:06:01+02;1599
2014-06-11 01:30:01+02;1579
2014-06-11 02:30:01+02;1579
2014-06-11 04:46:01+02;1569
2014-06-11 06:06:01+02;1559
2014-06-11 07:42:01+02;1539
2014-06-11 12:22:01+02;1529
2014-06-11 17:06:01+02;1589
2014-06-12 01:38:01+02;1579
2014-06-12 04:02:01+02;1569
2014-06-12 05:18:01+02;1549
2014-06-12 10:22:01+02;1539
2014-06-12 12:02:01+02;1529
2014-06-12 17:06:01+02;1589
2014-06-13 02:38:01+02;1559
2014-06-13 09:26:01+02;1549
2014-06-13 10:58:01+02;1539
2014-06-13 11:42:01+02;1529
2014-06-13 17:06:01+02;1589
2014-06-14 02:38:01+02;1579
2014-06-14 03:50:01+02;1559
2014-06-14 05:02:01+02;1539
2014-06-14 06:22:01+02;1529
2014-06-14 09:50:01+02;1519
2014-06-14 17:06:01+02;1579
2014-06-15 04:26:01+02;1569
2014-06-15 06:14:01+02;1559
2014-06-15 10:14:01+02;1549
2014-06-15 17:06:01+02;1619
2014-06-16 00:58:01+02;1599
2014-06-16 02:26:01+02;1589
2014-06-16 04:50:01+02;1589
2014-06-16 05:50:01+02;1589
2014-06-16 07:50:01+02;1579
2014-06-16 08:34:01+02;1559
2014-06-16 17:06:01+02;1619
2014-06-17 01:02:01+02;1599
2014-06-17 02:02:01+02;1599
2014-06-17 03:42:01+02;1589
2014-06-17 05:42:01+02;1579
2014-06-17 07:54:01+02;1569
2014-06-17 09:30:01+02;1559
2014-06-17 09:34:01+02;1549
2014-06-17 12:02:01+02;1549
2014-06-17 16:06:01+02;1609
2014-06-18 01:06:01+02;1599
2014-06-18 02:22:01+02;1589
2014-06-18 04:06:01+02;1579
2014-06-18 05:14:02+02;1569
2014-06-18 06:14:01+02;1559
2014-06-18 09:18:01+02;1559
2014-06-18 12:38:01+02;1549
2014-06-18 13:26:01+02;1549
2014-06-18 17:06:01+02;1609
2014-06-19 02:54:01+02;1599
2014-06-19 04:06:01+02;1589
2014-06-19 06:26:01+02;1579
2014-06-19 07:22:01+02;1569
2014-06-19 08:26:01+02;1569
2014-06-19 09:50:01+02;1569
2014-06-19 10:38:01+02;1559
2014-06-19 17:06:01+02;1619
2014-06-20 01:06:01+02;1609
2014-06-20 02:14:01+02;1599
2014-06-20 03:42:01+02;1589
2014-06-20 06:50:01+02;1589
2014-06-20 08:02:02+02;1579
2014-06-20 09:22:01+02;1569
2014-06-20 17:06:01+02;1629
2014-06-21 01:54:01+02;1609
2014-06-21 02:02:01+02;1599
2014-06-21 02:58:01+02;1589
2014-06-21 03:58:01+02;1579
2014-06-21 04:38:01+02;1569
2014-06-21 05:34:01+02;1559
2014-06-21 17:06:01+02;1619
2014-06-22 02:58:01+02;1589
2014-06-22 03:34:01+02;1579
2014-06-22 05:30:01+02;1569
2014-06-22 06:14:01+02;1559
2014-06-22 07:02:01+02;1559
2014-06-22 09:18:02+02;1549
2014-06-22 17:06:01+02;1609
2014-06-23 03:18:01+02;1599
2014-06-23 04:18:01+02;1589
2014-06-23 07:34:01+02;1579
2014-06-23 08:10:01+02;1569
2014-06-23 13:50:01+02;1569
2014-06-23 17:06:01+02;1629
2014-06-24 01:06:01+02;1599
2014-06-24 02:38:01+02;1589
2014-06-24 02:58:01+02;1579
2014-06-24 08:18:01+02;1569
2014-06-24 09:38:01+02;1569
2014-06-24 09:50:01+02;1559
2014-06-24 17:06:01+02;1619
2014-06-25 00:54:01+02;1609
2014-06-25 01:22:01+02;1599
2014-06-25 01:50:01+02;1589
2014-06-25 02:58:01+02;1579
2014-06-25 03:38:01+02;1569
2014-06-25 07:38:01+02;1559
2014-06-25 09:26:01+02;1549
2014-06-25 17:06:01+02;1609
2014-06-26 03:34:01+02;1599
2014-06-26 05:02:01+02;1589
2014-06-26 07:26:01+02;1579
2014-06-26 09:14:01+02;1569
2014-06-26 10:58:01+02;1559
2014-06-26 14:26:01+02;1559
2014-06-26 17:06:01+02;1619
2014-06-27 00:58:01+02;1599
2014-06-27 05:14:01+02;1589
2014-06-27 06:58:01+02;1579
2014-06-27 09:02:01+02;1569
2014-06-27 10:58:01+02;1559
2014-06-27 12:22:01+02;1549
2014-06-27 13:22:01+02;1549
2014-06-27 17:06:01+02;1609
2014-06-28 01:38:01+02;1599
2014-06-28 04:02:01+02;1599
2014-06-28 04:58:01+02;1589
2014-06-28 06:18:01+02;1589
2014-06-28 07:22:01+02;1579
2014-06-28 07:38:01+02;1579
2014-06-28 08:58:01+02;1559
2014-06-28 10:38:01+02;1549
2014-06-28 12:34:01+02;1539
2014-06-28 17:06:01+02;1599
2014-06-29 03:26:01+02;1569
2014-06-29 07:30:01+02;1559
2014-06-29 07:50:01+02;1529
2014-06-29 16:06:02+02;1589
2014-06-30 03:38:01+02;1589
2014-06-30 04:50:01+02;1579
2014-06-30 07:38:01+02;1569
2014-06-30 09:14:01+02;1559
2014-06-30 09:58:01+02;1559
2014-06-30 13:22:01+02;1549
2014-06-30 17:06:01+02;1609
2014-07-01 01:50:01+02;1599
2014-07-01 03:42:01+02;1589
2014-07-01 05:50:01+02;1589
2014-07-01 07:26:01+02;1549
2014-07-01 10:10:01+02;1539
2014-07-01 17:06:01+02;1599
2014-07-02 06:06:01+02;1589
2014-07-02 07:46:01+02;1579
2014-07-02 09:14:01+02;1569
2014-07-02 10:30:01+02;1559
2014-07-02 12:14:01+02;1539
2014-07-02 15:22:01+02;1689
2014-07-03 00:38:01+02;1599
2014-07-03 02:30:01+02;1589
2014-07-03 03:46:01+02;1589
2014-07-03 05:46:01+02;1569
2014-07-03 07:06:01+02;1549
2014-07-03 09:38:01+02;1539
2014-07-03 11:50:01+02;1539
2014-07-03 17:06:01+02;1599
2014-07-04 02:26:01+02;1599
2014-07-04 03:26:01+02;1589
2014-07-04 05:14:01+02;1579
2014-07-04 07:26:01+02;1569
2014-07-04 08:46:01+02;1549
2014-07-04 09:50:01+02;1549
2014-07-04 11:38:01+02;1549
2014-07-04 13:54:01+02;1529
2014-07-04 17:22:01+02;1589
2014-07-05 02:54:01+02;1579
2014-07-05 04:02:01+02;1559
2014-07-05 04:14:01+02;1559
2014-07-05 05:38:01+02;1549
2014-07-05 06:50:01+02;1539
2014-07-05 08:02:01+02;1529
2014-07-05 17:06:01+02;1589
2014-07-06 02:50:01+02;1549
2014-07-06 04:58:01+02;1539
2014-07-06 08:30:01+02;1529
2014-07-06 09:42:01+02;1519
2014-07-06 17:06:01+02;1579
2014-07-07 03:14:01+02;1559
2014-07-07 06:02:01+02;1539
2014-07-07 08:26:01+02;1539
2014-07-07 17:06:01+02;1599
2014-07-08 00:50:01+02;1589
2014-07-08 05:02:01+02;1579
2014-07-08 07:30:01+02;1569
2014-07-08 09:46:01+02;1559
2014-07-08 13:02:01+02;1549
2014-07-08 17:06:01+02;1599
2014-07-09 01:02:01+02;1569
2014-07-09 05:14:01+02;1559
2014-07-09 07:26:01+02;1549
2014-07-09 09:14:01+02;1539
2014-07-09 17:06:01+02;1599
2014-07-10 00:54:01+02;1579
2014-07-10 05:02:01+02;1569
2014-07-10 07:50:01+02;1559
2014-07-10 09:42:01+02;1549
2014-07-10 12:30:01+02;1549
2014-07-10 13:26:01+02;1549
2014-07-10 14:14:01+02;1539
2014-07-10 17:06:01+02;1599
2014-07-11 01:02:01+02;1589
2014-07-11 04:42:01+02;1579
2014-07-11 07:18:01+02;1569
2014-07-11 08:30:01+02;1549
2014-07-11 09:22:01+02;1539
2014-07-11 11:22:01+02;1529
2014-07-11 17:06:01+02;1589
2014-07-12 03:46:01+02;1579
2014-07-12 05:06:01+02;1569
2014-07-12 06:30:01+02;1559
2014-07-12 08:42:01+02;1559
2014-07-12 09:38:01+02;1549
2014-07-12 17:06:01+02;1609
2014-07-13 02:58:01+02;1559
2014-07-13 03:22:01+02;1549
2014-07-13 05:58:01+02;1529
2014-07-13 17:06:01+02;1589
2014-07-14 01:02:01+02;1539
2014-07-14 09:10:01+02;1529
2014-07-14 09:46:01+02;1529
2014-07-14 10:38:01+02;1529
2014-07-14 17:06:01+02;1599
2014-07-15 00:54:01+02;1589
2014-07-15 03:50:01+02;1579
2014-07-15 04:58:01+02;1569
2014-07-15 05:46:01+02;1559
2014-07-15 06:30:01+02;1559
2014-07-15 07:30:01+02;1539
2014-07-15 09:50:01+02;1529
2014-07-15 11:02:01+02;1529
2014-07-15 17:06:01+02;1589
2014-07-16 01:58:01+02;1579
2014-07-16 03:46:01+02;1569
2014-07-16 05:46:01+02;1559
2014-07-16 07:30:01+02;1549
2014-07-16 09:14:01+02;1539
2014-07-16 10:02:01+02;1529
2014-07-16 17:06:01+02;1589
2014-07-17 01:38:01+02;1579
2014-07-17 03:50:01+02;1559
2014-07-17 05:22:01+02;1549
2014-07-17 07:58:01+02;1539
2014-07-17 09:50:01+02;1529
2014-07-17 11:22:01+02;1509
2014-07-17 17:06:01+02;1589
2014-07-18 00:50:01+02;1579
2014-07-18 03:14:01+02;1569
2014-07-18 05:22:01+02;1559
2014-07-18 06:02:01+02;1539
2014-07-18 07:22:01+02;1529
2014-07-18 08:26:01+02;1509
2014-07-18 10:06:01+02;1499
2014-07-18 17:06:01+02;1579
2014-07-19 02:06:01+02;1569
2014-07-19 03:10:01+02;1559
2014-07-19 03:38:01+02;1559
2014-07-19 05:06:01+02;1549
2014-07-19 05:34:01+02;1539
2014-07-19 07:38:01+02;1529
2014-07-19 09:42:01+02;1519
2014-07-19 17:06:01+02;1579
2014-07-20 03:14:01+02;1519
2014-07-20 07:54:01+02;1509
2014-07-20 10:14:01+02;1499
2014-07-20 17:06:01+02;1559
2014-07-21 06:02:01+02;1549
2014-07-21 07:14:01+02;1539
2014-07-21 09:26:01+02;1529
2014-07-21 11:38:01+02;1499
2014-07-21 17:06:01+02;1579
2014-07-22 00:58:01+02;1579
2014-07-22 04:34:01+02;1569
2014-07-22 05:26:01+02;1559
2014-07-22 07:46:01+02;1549
2014-07-22 10:34:01+02;1539
2014-07-22 10:38:01+02;1499
2014-07-22 13:14:01+02;1489
2014-07-23 00:46:01+02;1589
2014-07-23 01:26:01+02;1579
2014-07-23 03:38:01+02;1569
2014-07-23 04:46:01+02;1559
2014-07-23 07:10:01+02;1549
2014-07-23 07:46:02+02;1549
2014-07-23 09:18:01+02;1539
2014-07-23 09:58:01+02;1529
2014-07-23 10:30:01+02;1519
2014-07-23 12:10:01+02;1509
2014-07-24 00:02:01+02;1589
2014-07-24 01:30:01+02;1579
2014-07-24 04:02:01+02;1569
2014-07-24 04:18:01+02;1559
2014-07-24 06:14:01+02;1549
2014-07-24 07:38:01+02;1539
2014-07-24 08:30:01+02;1519
2014-07-24 10:10:01+02;1509
2014-07-24 11:34:01+02;1499
2014-07-25 00:02:01+02;1579
2014-07-25 01:14:01+02;1579
2014-07-25 03:30:01+02;1559
2014-07-25 05:14:01+02;1549
2014-07-25 07:14:01+02;1539
2014-07-25 09:38:01+02;1529
2014-07-25 10:46:02+02;1509
2014-07-25 17:06:01+02;1589
2014-07-26 01:34:01+02;1569
2014-07-26 04:58:01+02;1559
2014-07-26 05:54:01+02;1549
2014-07-26 07:38:01+02;1539
2014-07-26 09:42:01+02;1529
2014-07-26 11:58:01+02;1509
2014-07-26 15:06:01+02;1589
2014-07-27 03:30:01+02;1569
2014-07-27 05:18:01+02;1529
2014-07-27 07:42:01+02;1519
2014-07-27 09:34:01+02;1509
2014-07-27 11:34:01+02;1589
2014-07-28 00:46:01+02;1579
2014-07-28 02:22:01+02;1569
2014-07-28 03:22:01+02;1569
2014-07-28 05:14:01+02;1559
2014-07-28 07:14:01+02;1549
2014-07-28 09:18:01+02;1539
2014-07-28 09:50:01+02;1529
2014-07-28 11:42:01+02;1509
2014-07-28 17:06:01+02;1589
2014-07-29 00:54:01+02;1579
2014-07-29 04:18:01+02;1569
2014-07-29 05:02:01+02;1529
2014-07-29 06:54:01+02;1519
2014-07-29 09:58:01+02;1509
2014-07-29 12:38:01+02;1499
2014-07-29 15:34:01+02;1579
2014-07-30 01:02:01+02;1579
2014-07-30 03:42:01+02;1569
2014-07-30 04:54:01+02;1559
2014-07-30 07:02:01+02;1559
2014-07-30 07:50:01+02;1549
2014-07-30 09:34:01+02;1529
2014-07-30 13:34:01+02;1509
2014-07-30 13:38:01+02;1509
2014-07-30 15:34:01+02;1589
2014-07-31 01:14:01+02;1589
2014-07-31 02:26:01+02;1579
2014-07-31 03:38:01+02;1569
2014-07-31 05:26:01+02;1559
2014-07-31 06:06:01+02;1549
2014-07-31 08:10:01+02;1549
2014-07-31 08:50:01+02;1539
2014-07-31 09:50:01+02;1529
2014-07-31 10:30:01+02;1509
2014-07-31 17:06:01+02;1589
2014-08-01 02:42:01+02;1579
2014-08-01 04:02:01+02;1569
2014-08-01 04:46:01+02;1559
2014-08-01 07:26:01+02;1549
2014-08-01 09:02:01+02;1529
2014-08-01 11:18:01+02;1509
2014-08-01 13:06:01+02;1499
2014-08-01 17:06:01+02;1579
2014-08-02 02:34:01+02;1549
2014-08-02 03:42:01+02;1549
2014-08-02 04:58:01+02;1539
2014-08-02 06:06:01+02;1539
2014-08-02 07:06:01+02;1529
2014-08-02 08:38:01+02;1529
2014-08-02 09:50:01+02;1519
2014-08-02 10:54:01+02;1509
2014-08-02 17:06:01+02;1569
2014-08-03 03:34:01+02;1559
2014-08-03 05:42:01+02;1549
2014-08-03 07:34:01+02;1539
2014-08-03 09:02:01+02;1529
2014-08-03 17:06:01+02;1589
2014-08-04 00:54:01+02;1569
2014-08-04 03:18:01+02;1559
2014-08-04 04:54:01+02;1549
2014-08-04 07:18:01+02;1529
2014-08-04 08:50:02+02;1519
2014-08-04 10:42:01+02;1509
2014-08-04 11:10:01+02;1499
2014-08-04 12:38:01+02;1499
2014-08-04 13:38:01+02;1489
2014-08-04 17:06:01+02;1569
2014-08-05 07:38:01+02;1569
2014-08-05 10:14:01+02;1559
2014-08-05 11:18:01+02;1549
2014-08-05 12:38:01+02;1549
2014-08-05 13:38:01+02;1539
2014-08-05 15:26:01+02;1539
2014-08-05 15:30:01+02;1529
2014-08-05 16:06:01+02;1519
2014-08-05 16:50:01+02;1499
2014-08-05 19:38:01+02;1489
2014-08-05 23:06:01+02;1569
2014-08-06 06:50:01+02;1559
2014-08-06 09:02:01+02;1549
2014-08-06 10:46:01+02;1539
2014-08-06 11:02:01+02;1539
2014-08-06 12:26:01+02;1539
2014-08-06 13:46:01+02;1529
2014-08-06 15:26:01+02;1519
2014-08-06 16:06:01+02;1509
2014-08-06 16:58:01+02;1499
2014-08-06 23:06:01+02;1559
2014-08-07 06:58:01+02;1549
2014-08-07 08:54:01+02;1529
2014-08-07 10:38:01+02;1519
2014-08-07 14:10:01+02;1509
2014-08-07 16:02:01+02;1499
2014-08-07 18:02:01+02;1489
2014-08-07 22:06:01+02;1569
2014-08-08 06:50:01+02;1549
2014-08-08 08:50:01+02;1539
2014-08-08 10:58:01+02;1529
2014-08-08 12:42:01+02;1529
2014-08-08 14:02:01+02;1509
2014-08-08 14:10:01+02;1509
2014-08-08 15:30:01+02;1499
2014-08-08 16:42:01+02;1489
2014-08-09 01:06:01+02;1549
2014-08-09 10:34:01+02;1539
2014-08-09 11:02:01+02;1539
2014-08-09 11:34:01+02;1529
2014-08-09 14:06:01+02;1519
2014-08-09 15:34:01+02;1509
2014-08-09 23:06:01+02;1569
2014-08-10 08:58:01+02;1529
2014-08-10 13:42:01+02;1519
2014-08-10 15:42:01+02;1509
2014-08-10 23:06:01+02;1569
2014-08-11 09:46:01+02;1559
2014-08-11 10:46:01+02;1549
2014-08-11 13:18:01+02;1539
2014-08-11 15:14:01+02;1529
2014-08-11 15:38:01+02;1499
2014-08-11 23:10:01+02;1559
2014-08-12 08:54:01+02;1549
2014-08-12 10:18:01+02;1549
2014-08-12 11:26:01+02;1539
2014-08-12 13:30:01+02;1529
2014-08-12 14:38:01+02;1529
2014-08-12 15:38:01+02;1519
2014-08-12 16:18:01+02;1499
2014-08-12 23:06:01+02;1559
2014-08-13 09:54:01+02;1539
2014-08-13 11:02:01+02;1539
2014-08-13 13:30:01+02;1529
2014-08-13 13:50:01+02;1499
2014-08-13 15:34:01+02;1489
2014-08-13 19:42:01+02;1489
2014-08-13 23:06:01+02;1569
2014-08-14 06:42:01+02;1559
2014-08-14 09:50:01+02;1549
2014-08-14 11:14:01+02;1539
2014-08-14 11:42:01+02;1539
2014-08-14 13:06:01+02;1499
2014-08-14 14:58:01+02;1489
2014-08-14 23:06:01+02;1549
2014-08-15 10:06:01+02;1539
2014-08-15 10:42:01+02;1539
2014-08-15 10:50:01+02;1529
2014-08-15 12:10:01+02;1509
2014-08-15 12:58:01+02;1499
2014-08-15 13:22:01+02;1499
2014-08-15 16:02:01+02;1489
2014-08-15 18:14:01+02;1489
2014-08-15 23:06:01+02;1549
2014-08-16 09:42:01+02;1549
2014-08-16 11:22:01+02;1549
2014-08-16 13:26:01+02;1539
2014-08-16 16:18:01+02;1489
2014-08-16 23:06:01+02;1549
2014-08-17 08:50:01+02;1549
2014-08-17 10:06:01+02;1549
2014-08-17 11:22:01+02;1549
2014-08-17 13:18:01+02;1539
2014-08-17 14:34:01+02;1529
2014-08-17 15:46:01+02;1519
2014-08-17 23:06:01+02;1579
2014-08-18 06:38:01+02;1569
2014-08-18 11:18:01+02;1549
2014-08-18 11:42:01+02;1549
2014-08-18 13:06:01+02;1539
2014-08-18 13:30:01+02;1539
2014-08-18 15:14:01+02;1529
2014-08-18 17:54:01+02;1489
2014-08-18 23:06:01+02;1549
2014-08-19 10:18:01+02;1539
2014-08-19 11:14:01+02;1529
2014-08-19 13:34:01+02;1519
2014-08-19 15:18:01+02;1519
2014-08-19 15:42:01+02;1509
2014-08-19 17:18:01+02;1489
2014-08-19 23:06:01+02;1569
2014-08-20 06:58:01+02;1549
2014-08-20 09:30:01+02;1539
2014-08-20 10:58:01+02;1529
2014-08-20 13:34:01+02;1529
2014-08-20 13:42:01+02;1519
2014-08-20 15:34:01+02;1509
2014-08-20 16:50:01+02;1509
2014-08-20 17:26:01+02;1499
2014-08-20 21:34:01+02;1579
2014-08-21 06:54:01+02;1549
2014-08-21 09:34:01+02;1539
2014-08-21 11:14:01+02;1539
2014-08-21 11:30:01+02;1529
2014-08-21 13:42:01+02;1519
2014-08-21 15:26:01+02;1519
2014-08-21 16:10:01+02;1509
2014-08-21 16:46:01+02;1499
2014-08-21 17:42:01+02;1499
2014-08-21 23:06:01+02;1559
2014-08-22 06:50:01+02;1549
2014-08-22 09:10:01+02;1539
2014-08-22 13:34:01+02;1529
2014-08-22 15:18:01+02;1559
2014-08-22 16:26:01+02;1519
2014-08-22 18:46:01+02;1489
2014-08-22 23:06:01+02;1549
2014-08-23 09:34:01+02;1539
2014-08-23 13:34:01+02;1529
2014-08-23 15:42:01+02;1519
2014-08-23 23:06:01+02;1549
2014-08-24 09:34:01+02;1519
2014-08-24 11:06:01+02;1509
2014-08-24 13:42:01+02;1499
2014-08-24 16:02:01+02;1489
2014-08-24 23:06:01+02;1569
2014-08-25 06:50:01+02;1549
2014-08-25 09:14:01+02;1549
2014-08-25 11:10:01+02;1539
2014-08-25 14:02:01+02;1529
2014-08-25 15:18:01+02;1519
2014-08-25 18:54:01+02;1499
2014-08-26 05:58:01+02;1549
2014-08-26 09:58:01+02;1539
2014-08-26 11:18:01+02;1529
2014-08-26 12:02:01+02;1519
2014-08-26 13:46:01+02;1509
2014-08-26 23:10:01+02;1569
2014-08-27 07:46:01+02;1549
2014-08-27 08:34:01+02;1529
2014-08-27 11:46:01+02;1519
2014-08-27 12:34:01+02;1509
2014-08-27 13:34:01+02;1499
2014-08-27 13:54:01+02;1499
2014-08-27 15:38:01+02;1489
2014-08-27 21:26:01+02;1569
2014-08-28 07:30:01+02;1559
2014-08-28 10:50:01+02;1529
2014-08-28 12:18:01+02;1529
2014-08-28 13:34:01+02;1519
2014-08-28 15:38:01+02;1509
2014-08-28 19:26:01+02;1499
2014-08-28 21:26:01+02;1579
2014-08-28 23:06:01+02;1559
2014-08-29 10:26:01+02;1549
2014-08-29 10:50:01+02;1539
2014-08-29 11:22:01+02;1529
2014-08-29 14:10:01+02;1529
2014-08-29 15:06:01+02;1519
2014-08-29 15:18:01+02;1519
2014-08-29 17:10:01+02;1509
2014-08-29 18:46:01+02;1509
2014-08-29 23:06:01+02;1569
2014-08-30 07:38:01+02;1569
2014-08-30 11:18:01+02;1559
2014-08-30 11:54:01+02;1539
2014-08-30 13:34:01+02;1529
2014-08-30 14:18:01+02;1519
2014-08-30 14:22:01+02;1519
2014-08-30 16:22:01+02;1509
2014-08-30 23:06:01+02;1569
2014-08-31 10:34:01+02;1559
2014-08-31 11:50:01+02;1549
2014-08-31 13:14:02+02;1529
2014-08-31 14:02:01+02;1519
2014-08-31 16:22:01+02;1519
2014-08-31 23:06:01+02;1599
2014-09-01 06:50:01+02;1569
2014-09-01 10:26:01+02;1559
2014-09-01 11:18:01+02;1549
2014-09-01 12:06:01+02;1529
2014-09-01 13:02:01+02;1509
2014-09-01 16:22:01+02;1509
2014-09-01 19:18:01+02;1509
2014-09-01 23:06:01+02;1589
2014-09-02 06:54:01+02;1569
2014-09-02 10:58:01+02;1529
2014-09-02 13:02:01+02;1519
2014-09-02 15:42:01+02;1509
2014-09-02 23:06:01+02;1589
2014-09-03 06:58:01+02;1569
2014-09-03 08:50:01+02;1569
2014-09-03 09:46:01+02;1559
2014-09-03 10:38:01+02;1559
2014-09-03 10:46:01+02;1549
2014-09-03 11:54:01+02;1529
2014-09-03 13:30:01+02;1519
2014-09-03 15:22:01+02;1509
2014-09-03 17:34:01+02;1499
2014-09-03 23:10:02+02;1579
2014-09-04 06:50:01+02;1559
2014-09-04 09:34:01+02;1549
2014-09-04 11:18:01+02;1539
2014-09-04 14:06:01+02;1529
2014-09-04 15:42:01+02;1519
2014-09-04 19:30:01+02;1499
2014-09-04 23:06:01+02;1559
2014-09-05 09:46:01+02;1559
2014-09-05 10:10:01+02;1549
2014-09-05 10:46:01+02;1549
2014-09-05 12:42:01+02;1539
2014-09-05 13:26:01+02;1519
2014-09-05 14:38:02+02;1509
2014-09-05 16:54:01+02;1509
2014-09-05 20:42:01+02;1499
2014-09-05 23:06:01+02;1589
2014-09-06 07:54:01+02;1569
2014-09-06 08:54:01+02;1549
2014-09-06 09:42:01+02;1529
2014-09-06 10:42:01+02;1509
2014-09-06 23:06:01+02;1589
2014-09-07 08:54:01+02;1569
2014-09-07 09:14:01+02;1509
2014-09-07 23:06:01+02;1589
2014-09-08 06:54:01+02;1569
2014-09-08 10:06:01+02;1569
2014-09-08 10:54:01+02;1559
2014-09-08 11:38:01+02;1529
2014-09-08 12:46:01+02;1519
2014-09-08 16:26:01+02;1499
2014-09-08 23:06:01+02;1579
2014-09-09 07:10:01+02;1569
2014-09-09 11:34:01+02;1539
2014-09-09 13:54:01+02;1529
2014-09-09 15:58:01+02;1519
2014-09-09 17:34:01+02;1509
2014-09-09 19:06:01+02;1509
2014-09-09 23:10:01+02;1569
2014-09-10 09:34:01+02;1559
2014-09-10 10:38:01+02;1549
2014-09-10 12:18:01+02;1539
2014-09-10 13:18:01+02;1529
2014-09-10 15:18:01+02;1519
2014-09-10 17:34:01+02;1509
2014-09-10 23:10:01+02;1589
2014-09-11 08:38:01+02;1579
2014-09-11 09:26:01+02;1559
2014-09-11 12:42:01+02;1549
2014-09-11 13:30:01+02;1549
2014-09-11 15:54:01+02;1509
2014-09-11 19:30:01+02;1509
2014-09-11 23:14:01+02;1569
2014-09-12 10:02:01+02;1559
2014-09-12 11:14:01+02;1549
2014-09-12 14:22:01+02;1539
2014-09-12 14:58:01+02;1509
2014-09-12 18:54:01+02;1479
2014-09-12 19:18:01+02;1499
2014-09-12 23:10:01+02;1579
2014-09-13 07:58:01+02;1569
2014-09-13 09:14:01+02;1559
2014-09-13 11:54:01+02;1549
2014-09-13 13:34:01+02;1539
2014-09-13 15:30:01+02;1529
2014-09-13 19:22:01+02;1519
2014-09-13 23:10:01+02;1599
2014-09-14 13:42:01+02;1549
2014-09-14 14:42:01+02;1539
2014-09-14 23:06:01+02;1599
2014-09-15 06:54:01+02;1539
2014-09-15 09:06:01+02;1529
2014-09-15 14:14:01+02;1519
2014-09-15 15:34:01+02;1509
2014-09-15 19:38:01+02;1499
2014-09-15 23:06:01+02;1579
2014-09-16 06:58:01+02;1569
2014-09-16 10:02:01+02;1559
2014-09-16 10:10:02+02;1549
2014-09-16 11:50:01+02;1539
2014-09-16 12:42:01+02;1519
2014-09-16 14:02:01+02;1499
2014-09-16 19:50:01+02;1489
2014-09-16 23:06:01+02;1569
2014-09-17 09:02:01+02;1549
2014-09-17 10:54:01+02;1549
2014-09-17 11:02:01+02;1539
2014-09-17 13:30:01+02;1529
2014-09-17 15:22:01+02;1519
2014-09-17 16:26:01+02;1509
2014-09-17 18:22:01+02;1499
2014-09-17 23:06:01+02;1579
2014-09-18 06:58:01+02;1569
2014-09-18 09:34:01+02;1559
2014-09-18 11:18:01+02;1529
2014-09-18 14:38:01+02;1509
2014-09-18 16:14:01+02;1509
2014-09-18 19:30:01+02;1509
2014-09-18 23:10:02+02;1569
2014-09-19 07:50:01+02;1519
2014-09-19 08:14:01+02;1509
2014-09-19 16:02:01+02;1499
2014-09-19 23:14:01+02;1559
2014-09-20 12:38:01+02;1529
2014-09-20 13:34:01+02;1519
2014-09-20 15:46:01+02;1509
2014-09-20 16:46:01+02;1499
2014-09-20 18:10:01+02;1499
2014-09-20 23:06:01+02;1559
2014-09-21 09:02:01+02;1509
2014-09-21 10:34:01+02;1499
2014-09-21 12:34:01+02;1499
2014-09-21 23:10:01+02;1559
2014-09-22 09:54:01+02;1539
2014-09-22 10:54:01+02;1529
2014-09-22 12:02:01+02;1519
2014-09-22 13:10:01+02;1509
2014-09-22 15:34:01+02;1499
2014-09-22 17:06:01+02;1489
2014-09-22 23:06:01+02;1549
2014-09-23 09:46:01+02;1539
2014-09-23 11:18:01+02;1529
2014-09-23 13:34:01+02;1519
2014-09-23 14:02:01+02;1519
2014-09-23 14:58:01+02;1499
2014-09-23 16:14:01+02;1499
2014-09-23 23:06:01+02;1579
2014-09-24 07:06:01+02;1559
2014-09-24 09:26:01+02;1549
2014-09-24 09:46:01+02;1549
2014-09-24 10:42:01+02;1549
2014-09-24 11:42:01+02;1539
2014-09-24 13:54:01+02;1529
2014-09-24 14:22:01+02;1509
2014-09-24 15:50:01+02;1489
2014-09-24 16:02:01+02;1489
2014-09-24 19:02:01+02;1479
2014-09-24 23:10:01+02;1559
2014-09-25 06:54:01+02;1559
2014-09-25 08:14:01+02;1549
2014-09-25 11:06:01+02;1539
2014-09-25 12:46:01+02;1519
2014-09-25 13:42:01+02;1509
2014-09-25 15:42:01+02;1499
2014-09-25 23:10:01+02;1579
2014-09-26 06:58:01+02;1559
2014-09-26 08:58:01+02;1549
2014-09-26 10:46:01+02;1539
2014-09-26 11:50:01+02;1509
2014-09-26 13:14:01+02;1499
2014-09-26 15:02:01+02;1499
2014-09-26 15:42:01+02;1489
2014-09-26 23:10:01+02;1569
2014-09-27 08:06:01+02;1559
2014-09-27 08:42:01+02;1559
2014-09-27 10:18:02+02;1549
2014-09-27 11:06:01+02;1549
2014-09-27 12:14:01+02;1529
2014-09-27 13:34:01+02;1509
2014-09-27 15:34:01+02;1499
2014-09-27 23:06:01+02;1559
2014-09-28 09:22:01+02;1559
2014-09-28 09:26:01+02;1509
2014-09-28 12:10:01+02;1499
2014-09-28 13:02:01+02;1499
2014-09-28 14:06:01+02;1489
2014-09-29 06:54:01+02;1549
2014-09-29 09:46:01+02;1539
2014-09-29 11:18:01+02;1529
2014-09-29 13:30:01+02;1519
2014-09-29 14:18:01+02;1509
2014-09-29 15:46:01+02;1499
2014-09-29 23:10:01+02;1579
2014-09-30 06:58:01+02;1569
2014-09-30 08:22:01+02;1569
2014-09-30 08:30:01+02;1539
2014-09-30 10:18:01+02;1529
2014-09-30 11:34:01+02;1509
2014-09-30 13:38:01+02;1499
2014-09-30 15:54:01+02;1489
2014-09-30 23:10:01+02;1569
2014-10-01 06:46:01+02;1569
2014-10-01 09:42:01+02;1559
2014-10-01 11:06:01+02;1529
2014-10-01 13:38:01+02;1519
2014-10-01 13:50:01+02;1499
2014-10-01 15:54:01+02;1489
2014-10-01 23:10:01+02;1569
2014-10-02 08:34:01+02;1539
2014-10-02 09:34:01+02;1509
2014-10-02 13:06:01+02;1509
2014-10-02 14:26:01+02;1499
2014-10-02 16:06:01+02;1489
2014-10-02 23:10:01+02;1569
2014-10-03 08:58:01+02;1569
2014-10-03 10:22:01+02;1549
2014-10-03 11:02:01+02;1519
2014-10-03 13:18:01+02;1509
2014-10-03 14:50:01+02;1489
2014-10-03 15:18:01+02;1479
2014-10-03 23:06:01+02;1559
2014-10-04 09:18:01+02;1549
2014-10-04 10:34:01+02;1499
2014-10-04 12:14:01+02;1479
2014-10-04 23:06:01+02;1559
2014-10-05 08:54:01+02;1559
2014-10-05 09:54:01+02;1479
2014-10-05 23:10:01+02;1559
2014-10-06 07:02:01+02;1549
2014-10-06 09:54:01+02;1489
2014-10-06 15:22:01+02;1479
2014-10-06 23:06:01+02;1559
2014-10-07 06:54:01+02;1559
2014-10-07 09:46:01+02;1549
2014-10-07 12:14:01+02;1509
2014-10-07 13:38:01+02;1499
2014-10-07 15:38:01+02;1489
2014-10-07 16:58:01+02;1479
2014-10-07 23:06:01+02;1559
2014-10-08 06:50:01+02;1549
2014-10-08 08:54:01+02;1509
2014-10-08 12:34:01+02;1489
2014-10-08 23:06:01+02;1569
2014-10-09 06:50:01+02;1549
2014-10-09 08:30:01+02;1519
2014-10-09 11:38:01+02;1509
2014-10-09 13:38:01+02;1499
2014-10-09 15:38:01+02;1489
2014-10-09 23:06:01+02;1569
2014-10-10 07:06:01+02;1539
2014-10-10 10:06:01+02;1539
2014-10-10 10:46:01+02;1529
2014-10-10 13:30:01+02;1519
2014-10-10 14:30:01+02;1509
2014-10-10 17:18:01+02;1499
2014-10-10 18:50:01+02;1489
2014-10-10 23:06:01+02;1559
2014-10-11 08:02:01+02;1549
2014-10-11 08:54:01+02;1549
2014-10-11 09:42:01+02;1539
2014-10-11 10:18:01+02;1539
2014-10-11 11:10:01+02;1529
2014-10-11 13:38:01+02;1519
2014-10-11 14:14:01+02;1509
2014-10-11 14:34:01+02;1509
2014-10-11 15:22:01+02;1509
2014-10-11 15:38:01+02;1499
2014-10-11 16:06:01+02;1499
2014-10-11 17:26:01+02;1489
2014-10-11 23:06:01+02;1569
2014-10-12 08:26:01+02;1479
2014-10-12 13:22:01+02;1479
2014-10-12 15:02:01+02;1469
2014-10-12 23:06:01+02;1549
2014-10-13 06:54:01+02;1489
2014-10-13 14:50:01+02;1489
2014-10-13 15:42:01+02;1479
2014-10-13 17:50:02+02;1469
2014-10-13 19:54:01+02;1469
2014-10-13 23:06:01+02;1549
2014-10-14 07:50:01+02;1529
2014-10-14 11:14:01+02;1519
2014-10-14 12:42:01+02;1489
2014-10-14 13:18:01+02;1489
2014-10-14 13:42:01+02;1479
2014-10-14 15:34:01+02;1469
2014-10-14 17:06:01+02;1469
2014-10-14 23:06:01+02;1549
2014-10-15 07:34:01+02;1529
2014-10-15 08:22:01+02;1529
2014-10-15 09:26:01+02;1519
2014-10-15 10:46:01+02;1509
2014-10-15 11:30:01+02;1499
2014-10-15 13:30:01+02;1489
2014-10-15 15:22:01+02;1479
2014-10-15 18:38:01+02;1459
2014-10-15 23:06:01+02;1539
2014-10-16 07:02:01+02;1519
2014-10-16 08:10:01+02;1509
2014-10-16 11:10:01+02;1489
2014-10-16 13:30:01+02;1489
2014-10-16 14:22:01+02;1479
2014-10-16 15:18:01+02;1469
2014-10-16 17:42:01+02;1469
2014-10-16 18:02:01+02;1449
2014-10-16 22:06:01+02;1509
2014-10-17 06:58:01+02;1499
2014-10-17 08:46:01+02;1459
2014-10-17 11:06:01+02;1459
2014-10-17 14:50:01+02;1449
2014-10-17 16:26:01+02;1439
2014-10-17 23:06:01+02;1519
2014-10-18 07:50:01+02;1499
2014-10-18 08:54:01+02;1489
2014-10-18 11:06:01+02;1479
2014-10-18 12:54:01+02;1459
2014-10-18 13:38:01+02;1449
2014-10-18 15:42:01+02;1439
2014-10-18 23:06:01+02;1499
2014-10-19 09:50:01+02;1489
2014-10-19 11:34:01+02;1479
2014-10-19 13:02:01+02;1459
2014-10-19 16:14:01+02;1449
2014-10-19 21:06:01+02;1509
2014-10-19 23:30:01+02;1509
2014-10-19 23:34:01+02;1499
2014-10-20 07:26:01+02;1499
2014-10-20 09:34:01+02;1489
2014-10-20 10:42:01+02;1479
2014-10-20 11:42:01+02;1479
2014-10-20 12:46:01+02;1469
2014-10-20 14:18:01+02;1459
2014-10-20 14:50:01+02;1449
2014-10-20 19:02:01+02;1439
2014-10-20 23:06:01+02;1519
2014-10-21 06:38:01+02;1499
2014-10-21 10:18:01+02;1489
2014-10-21 10:50:01+02;1479
2014-10-21 11:22:01+02;1469
2014-10-21 11:54:01+02;1459
2014-10-21 12:22:01+02;1449
2014-10-21 12:50:01+02;1439
2014-10-21 13:54:01+02;1429
2014-10-21 15:26:01+02;1419
2014-10-21 16:42:01+02;1409
2014-10-21 17:14:01+02;1399
2014-10-21 23:06:01+02;1499
2014-10-22 06:22:01+02;1489
2014-10-22 06:54:01+02;1469
2014-10-22 08:58:02+02;1459
2014-10-22 10:14:01+02;1449
2014-10-22 11:34:01+02;1439
2014-10-22 12:30:01+02;1439
2014-10-22 13:02:01+02;1429
2014-10-22 15:18:01+02;1419
2014-10-22 23:06:01+02;1499
2014-10-23 06:30:01+02;1479
2014-10-23 07:10:01+02;1469
2014-10-23 07:38:01+02;1459
2014-10-23 08:06:01+02;1449
2014-10-23 09:06:01+02;1439
2014-10-23 09:34:01+02;1439
2014-10-23 10:02:01+02;1439
2014-10-23 13:50:01+02;1429
2014-10-23 17:02:01+02;1419
2014-10-23 23:06:01+02;1519
2014-10-24 06:14:01+02;1479
2014-10-24 08:30:01+02;1469
2014-10-24 09:18:01+02;1459
2014-10-24 10:14:01+02;1449
2014-10-24 10:42:01+02;1439
2014-10-24 12:22:01+02;1439
2014-10-24 12:50:01+02;1429
2014-10-24 15:26:01+02;1419
2014-10-24 19:38:01+02;1409
2014-10-24 20:14:01+02;1399
2014-10-24 23:34:01+02;1489
2014-10-25 07:02:01+02;1469
2014-10-25 07:38:01+02;1459
2014-10-25 08:10:01+02;1449
2014-10-25 08:30:01+02;1439
2014-10-25 09:22:01+02;1439
2014-10-25 11:10:01+02;1439
2014-10-25 11:42:01+02;1429
2014-10-25 13:38:01+02;1419
2014-10-25 16:10:01+02;1409
2014-10-25 20:46:01+02;1379
2014-10-25 21:06:01+02;1369
2014-10-25 21:26:01+02;1559
2014-10-25 23:06:01+02;1379
2014-10-26 05:46:01+01;1479
2014-10-26 07:50:01+01;1459
2014-10-26 09:02:01+01;1449
2014-10-26 09:18:01+01;1439
2014-10-26 11:54:01+01;1429
2014-10-26 13:26:01+01;1419
2014-10-26 14:06:01+01;1419
2014-10-26 15:30:01+01;1409
2014-10-26 22:06:01+01;1479
2014-10-27 06:26:01+01;1469
2014-10-27 07:22:01+01;1459
2014-10-27 07:58:01+01;1449
2014-10-27 08:58:01+01;1439
2014-10-27 09:38:01+01;1439
2014-10-27 14:10:01+01;1429
2014-10-27 15:42:01+01;1419
2014-10-27 23:06:01+01;1499
2014-10-28 06:26:01+01;1459
2014-10-28 07:30:01+01;1449
2014-10-28 08:22:01+01;1439
2014-10-28 09:30:01+01;1429
2014-10-28 13:06:01+01;1429
2014-10-28 13:42:01+01;1419
2014-10-28 15:50:01+01;1409
2014-10-28 23:10:01+01;1489
2014-10-29 06:18:01+01;1459
2014-10-29 07:14:02+01;1449
2014-10-29 08:10:01+01;1439
2014-10-29 08:58:01+01;1429
2014-10-29 13:14:01+01;1419
2014-10-29 15:14:01+01;1409
2014-10-29 23:06:01+01;1509
2014-10-30 07:02:01+01;1479
2014-10-30 07:14:01+01;1469
2014-10-30 08:26:02+01;1459
2014-10-30 08:46:01+01;1449
2014-10-30 09:10:01+01;1439
2014-10-30 10:46:01+01;1429
2014-10-30 11:38:01+01;1429
2014-10-30 15:22:01+01;1419
2014-10-30 23:06:01+01;1499
2014-10-31 06:30:01+01;1489
2014-10-31 08:34:01+01;1479
2014-10-31 09:22:01+01;1459
2014-10-31 09:54:01+01;1449
2014-10-31 10:14:01+01;1449
2014-10-31 11:50:01+01;1439
2014-10-31 16:18:01+01;1429
2014-10-31 20:30:01+01;1419
2014-10-31 23:06:01+01;1499
2014-11-01 08:18:01+01;1469
2014-11-01 08:46:01+01;1459
2014-11-01 09:14:01+01;1449
2014-11-01 10:18:01+01;1439
2014-11-01 13:42:01+01;1409
2014-11-01 18:30:01+01;1389
2014-11-02 05:06:01+01;1509
2014-11-02 07:34:01+01;1469
2014-11-02 08:06:01+01;1439
2014-11-02 08:22:01+01;1439
2014-11-02 09:26:01+01;1439
2014-11-02 10:10:01+01;1429
2014-11-02 10:14:01+01;1419
2014-11-02 12:38:01+01;1409
2014-11-02 14:50:01+01;1399
2014-11-02 16:54:01+01;1389
2014-11-03 04:06:01+01;1509
2014-11-03 05:22:01+01;1469
2014-11-03 06:30:01+01;1459
2014-11-03 07:06:01+01;1449
2014-11-03 09:02:01+01;1439
2014-11-03 12:34:01+01;1429
2014-11-03 15:14:01+01;1419
2014-11-03 19:38:01+01;1409
2014-11-03 21:17:00+01;1409
2014-11-04 05:21:00+01;1519
2014-11-04 06:33:00+01;1479
2014-11-04 08:05:00+01;1469
2014-11-04 08:49:00+01;1459
2014-11-04 09:53:00+01;1449
2014-11-04 11:57:00+01;1439
2014-11-04 14:25:00+01;1429
2014-11-04 16:25:00+01;1419
2014-11-04 23:05:00+01;1499
2014-11-05 06:57:00+01;1499
2014-11-05 07:13:00+01;1469
2014-11-05 09:01:00+01;1459
2014-11-05 09:41:00+01;1449
2014-11-05 11:41:00+01;1439
2014-11-05 13:41:00+01;1439
2014-11-05 16:09:00+01;1429
2014-11-05 17:57:00+01;1419
2014-11-05 23:05:00+01;1519
2014-11-06 06:53:00+01;1489
2014-11-06 08:29:00+01;1459
2014-11-06 09:13:00+01;1449
2014-11-06 11:05:00+01;1439
2014-11-06 12:01:00+01;1429
2014-11-06 13:49:00+01;1419
2014-11-06 15:41:00+01;1409
2014-11-06 22:17:00+01;1399
2014-11-07 05:33:00+01;1509
2014-11-07 07:21:00+01;1469
2014-11-07 09:29:00+01;1459
2014-11-07 10:53:00+01;1449
2014-11-07 11:45:00+01;1439
2014-11-07 13:17:00+01;1429
2014-11-07 15:25:00+01;1419
2014-11-08 05:33:00+01;1499
2014-11-08 07:53:00+01;1459
2014-11-08 08:29:00+01;1419
2014-11-08 11:01:00+01;1419
2014-11-08 11:45:00+01;1409
2014-11-08 13:37:00+01;1399
2014-11-09 05:33:00+01;1479
2014-11-09 08:57:00+01;1459
2014-11-09 09:25:00+01;1419
2014-11-09 09:41:00+01;1409
2014-11-09 10:05:00+01;1309
2014-11-09 10:13:00+01;1399
2014-11-09 20:21:00+01;1389
2014-11-10 05:37:00+01;1479
2014-11-10 06:29:00+01;1459
2014-11-10 08:25:00+01;1449
2014-11-10 09:13:00+01;1439
2014-11-10 10:09:00+01;1429
2014-11-10 13:41:00+01;1419
2014-11-10 15:53:00+01;1409
2014-11-10 17:45:00+01;1409
2014-11-10 23:05:00+01;1509
2014-11-11 06:49:00+01;1499
2014-11-11 07:37:00+01;1459
2014-11-11 08:45:00+01;1449
2014-11-11 11:05:00+01;1449
2014-11-11 12:01:00+01;1439
2014-11-11 14:45:00+01;1429
2014-11-11 16:05:00+01;1419
2014-11-11 23:05:00+01;1519
2014-11-12 06:49:00+01;1479
2014-11-12 08:45:00+01;1469
2014-11-12 10:01:00+01;1459
2014-11-12 10:57:00+01;1449
2014-11-12 12:17:00+01;1439
2014-11-12 14:41:00+01;1429
2014-11-12 16:25:00+01;1419
2014-11-12 16:29:00+01;1419
2014-11-12 22:05:00+01;1519
2014-11-13 07:01:00+01;1489
2014-11-13 07:45:00+01;1469
2014-11-13 08:57:00+01;1459
2014-11-13 10:29:00+01;1449
2014-11-13 12:01:00+01;1439
2014-11-13 13:21:00+01;1429
2014-11-13 15:57:00+01;1419
2014-11-13 17:53:00+01;1409
2014-11-14 05:33:00+01;1509
2014-11-14 06:49:00+01;1479
2014-11-14 08:45:00+01;1469
2014-11-14 09:25:00+01;1459
2014-11-14 10:45:00+01;1449
2014-11-14 12:09:00+01;1429
2014-11-14 13:01:00+01;1429
2014-11-14 15:25:00+01;1419
2014-11-14 18:09:00+01;1409
2014-11-14 22:21:00+01;1399
2014-11-15 05:33:00+01;1509
2014-11-15 07:41:00+01;1469
2014-11-15 09:33:00+01;1469
2014-11-15 09:41:00+01;1459
2014-11-15 10:49:00+01;1449
2014-11-15 11:53:00+01;1439
2014-11-15 12:09:00+01;1429
2014-11-15 13:29:00+01;1419
2014-11-15 16:09:00+01;1409
2014-11-15 16:37:00+01;1409
2014-11-15 21:05:00+01;1389
2014-11-16 06:05:00+01;1509
2014-11-16 09:17:00+01;1479
2014-11-16 09:25:00+01;1469
2014-11-16 10:57:00+01;1459
2014-11-16 13:21:00+01;1459
2014-11-16 13:37:00+01;1449
2014-11-16 14:41:00+01;1429
2014-11-16 15:33:00+01;1419
2014-11-16 18:13:00+01;1399
2014-11-16 19:53:00+01;1389
2014-11-17 06:05:00+01;1499
2014-11-17 06:41:00+01;1459
2014-11-17 08:05:00+01;1449
2014-11-17 10:33:00+01;1439
2014-11-17 11:53:00+01;1429
2014-11-17 15:45:00+01;1419
2014-11-17 19:49:00+01;1409
2014-11-17 23:05:00+01;1519
2014-11-18 06:37:00+01;1479
2014-11-18 08:33:00+01;1459
2014-11-18 09:21:00+01;1449
2014-11-18 11:29:00+01;1429
2014-11-18 13:49:00+01;1419
2014-11-18 15:33:00+01;1409
2014-11-18 21:33:00+01;1379
2014-11-19 06:05:00+01;1509
2014-11-19 06:57:00+01;1479
2014-11-19 08:25:00+01;1479
2014-11-19 09:17:00+01;1469
2014-11-19 10:41:00+01;1459
2014-11-19 13:09:00+01;1429
2014-11-19 15:25:00+01;1419
2014-11-19 19:37:00+01;1399
2014-11-19 21:33:00+01;1379
2014-11-20 06:05:00+01;1499
2014-11-20 06:41:00+01;1469
2014-11-20 07:25:00+01;1449
2014-11-20 08:33:00+01;1409
2014-11-20 11:29:00+01;1399
2014-11-20 14:09:00+01;1389
2014-11-20 18:57:00+01;1379
2014-11-20 23:05:00+01;1479
2014-11-21 06:53:00+01;1469
2014-11-21 07:37:00+01;1459
2014-11-21 07:53:00+01;1449
2014-11-21 09:13:00+01;1439
2014-11-21 11:29:00+01;1419
2014-11-21 13:13:00+01;1409
2014-11-21 16:05:00+01;1399
2014-11-21 17:37:00+01;1389
2014-11-21 23:05:00+01;1489
2014-11-22 08:05:00+01;1469
2014-11-22 09:37:00+01;1449
2014-11-22 09:45:00+01;1449
2014-11-22 10:57:00+01;1439
2014-11-22 12:41:00+01;1419
2014-11-22 13:13:00+01;1419
2014-11-22 14:29:00+01;1409
2014-11-22 15:53:00+01;1399
2014-11-22 17:29:00+01;1399
2014-11-22 23:05:00+01;1479
2014-11-23 08:49:00+01;1409
2014-11-23 12:57:00+01;1399
2014-11-23 13:41:00+01;1389
2014-11-23 15:37:00+01;1379
2014-11-23 21:05:00+01;1359
2014-11-23 23:05:00+01;1479
2014-11-24 06:25:00+01;1469
2014-11-24 07:21:00+01;1469
2014-11-24 08:37:00+01;1459
2014-11-24 09:17:00+01;1449
2014-11-24 10:37:00+01;1439
2014-11-24 11:41:00+01;1419
2014-11-24 13:21:00+01;1409
2014-11-24 15:45:00+01;1399
2014-11-24 23:05:00+01;1499
2014-11-25 06:33:00+01;1459
2014-11-25 08:05:00+01;1449
2014-11-25 11:05:00+01;1439
2014-11-25 11:21:00+01;1419
2014-11-25 13:41:00+01;1399
2014-11-25 14:25:00+01;1389
2014-11-25 21:33:00+01;1369
2014-11-26 05:33:00+01;1469
2014-11-26 07:01:00+01;1459
2014-11-26 09:13:00+01;1449
2014-11-26 10:49:00+01;1409
2014-11-26 12:49:00+01;1399
2014-11-26 13:49:00+01;1389
2014-11-26 16:17:00+01;1389
2014-11-26 18:29:00+01;1379
2014-11-26 23:05:00+01;1479
2014-11-27 06:57:00+01;1469
2014-11-27 08:53:00+01;1449
2014-11-27 11:13:00+01;1419
2014-11-27 14:01:00+01;1409
2014-11-27 15:09:00+01;1389
2014-11-27 16:05:00+01;1389
2014-11-28 05:33:00+01;1469
2014-11-28 06:49:00+01;1449
2014-11-28 10:45:00+01;1439
2014-11-28 12:17:00+01;1419
2014-11-28 13:13:00+01;1409
2014-11-28 15:29:00+01;1399
2014-11-28 16:01:00+01;1389
2014-11-28 19:16:00+01;1379
2014-11-28 23:05:00+01;1459
2014-11-29 07:52:00+01;1449
2014-11-29 08:33:00+01;1439
2014-11-29 08:49:00+01;1429
2014-11-29 09:33:00+01;1419
2014-11-29 12:37:00+01;1409
2014-11-29 14:17:00+01;1399
2014-11-29 15:53:00+01;1389
2014-11-29 19:09:00+01;1389
2014-11-29 23:05:00+01;1469
2014-11-30 07:53:00+01;1439
2014-11-30 09:32:00+01;1429
2014-11-30 10:41:00+01;1419
2014-11-30 12:33:00+01;1409
2014-11-30 12:53:00+01;1379
2014-11-30 14:05:00+01;1369
2014-11-30 23:09:00+01;1469
2014-12-01 06:29:00+01;1429
2014-12-01 09:22:00+01;1419
2014-12-01 10:12:00+01;1409
2014-12-01 11:33:00+01;1399
2014-12-01 13:57:00+01;1389
2014-12-01 15:05:00+01;1379
2014-12-01 16:53:00+01;1369
2014-12-01 23:05:00+01;1469
2014-12-02 06:53:00+01;1429
2014-12-02 08:25:00+01;1419
2014-12-02 09:44:00+01;1399
2014-12-02 09:57:00+01;1399
2014-12-02 10:41:00+01;1389
2014-12-02 11:45:00+01;1389
2014-12-02 12:53:00+01;1379
2014-12-02 16:17:00+01;1369
2014-12-02 23:05:00+01;1469
2014-12-03 06:33:00+01;1419
2014-12-03 08:33:00+01;1409
2014-12-03 09:33:00+01;1399
2014-12-03 10:17:00+01;1389
2014-12-03 11:25:00+01;1379
2014-12-03 12:37:00+01;1369
2014-12-03 13:53:00+01;1359
2014-12-03 15:17:00+01;1349
2014-12-03 18:05:00+01;1339
2014-12-03 23:05:00+01;1429
2014-12-04 06:49:00+01;1399
2014-12-04 09:37:00+01;1389
2014-12-04 10:13:00+01;1389
2014-12-04 11:21:00+01;1379
2014-12-04 13:53:00+01;1369
2014-12-04 15:33:00+01;1359
2014-12-04 19:09:00+01;1349
2014-12-04 23:05:00+01;1429
2014-12-05 06:37:00+01;1409
2014-12-05 08:29:00+01;1399
2014-12-05 09:21:00+01;1389
2014-12-05 11:57:00+01;1379
2014-12-05 12:57:00+01;1379
2014-12-05 14:57:00+01;1349
2014-12-05 15:29:00+01;1339
2014-12-05 23:05:00+01;1419
2014-12-06 07:41:00+01;1399
2014-12-06 09:29:00+01;1389
2014-12-06 09:33:00+01;1389
2014-12-06 10:37:00+01;1389
2014-12-06 11:13:00+01;1379
2014-12-06 12:09:00+01;1379
2014-12-06 13:01:00+01;1369
2014-12-06 13:49:00+01;1359
2014-12-06 16:45:00+01;1349
2014-12-06 19:21:00+01;1339
2014-12-06 23:05:00+01;1419
2014-12-07 08:29:00+01;1399
2014-12-07 09:01:00+01;1389
2014-12-07 09:53:00+01;1389
2014-12-07 10:53:00+01;1379
2014-12-07 12:57:00+01;1369
2014-12-07 13:09:00+01;1339
2014-12-07 16:25:00+01;1329
2014-12-08 05:33:00+01;1399
2014-12-08 06:29:00+01;1389
2014-12-08 08:25:00+01;1379
2014-12-08 11:01:00+01;1369
2014-12-08 11:21:00+01;1369
2014-12-08 11:53:00+01;1359
2014-12-08 13:33:00+01;1349
2014-12-08 15:41:00+01;1329
2014-12-08 23:09:00+01;1429
2014-12-09 07:13:00+01;1429
2014-12-09 07:17:00+01;1389
2014-12-09 08:21:00+01;1389
2014-12-09 09:05:00+01;1379
2014-12-09 11:05:00+01;1349
2014-12-09 12:01:00+01;1339
2014-12-09 13:33:00+01;1329
2014-12-09 15:21:00+01;1319
2014-12-09 23:05:00+01;1399
2014-12-10 07:01:00+01;1379
2014-12-10 07:53:00+01;1379
2014-12-10 08:21:00+01;1379
2014-12-10 09:05:00+01;1369
2014-12-10 10:33:00+01;1359
2014-12-10 11:29:00+01;1349
2014-12-10 12:57:00+01;1329
2014-12-10 14:57:00+01;1329
2014-12-10 16:41:00+01;1319
2014-12-10 17:37:00+01;1309
2014-12-10 19:33:00+01;1299
2014-12-10 23:05:00+01;1379
2014-12-11 08:49:00+01;1369
2014-12-11 11:13:00+01;1359
2014-12-11 11:41:00+01;1349
2014-12-11 11:49:00+01;1339
2014-12-11 12:41:00+01;1329
2014-12-11 13:29:00+01;1319
2014-12-11 14:25:00+01;1309
2014-12-11 16:01:00+01;1299
2014-12-11 23:05:00+01;1379
2014-12-12 07:01:00+01;1359
2014-12-12 08:41:00+01;1349
2014-12-12 10:37:00+01;1339
2014-12-12 11:01:00+01;1339
2014-12-12 11:37:00+01;1329
2014-12-12 12:41:00+01;1319
2014-12-12 13:37:00+01;1309
2014-12-12 17:53:00+01;1299
2014-12-12 22:09:00+01;1379
2014-12-13 10:13:00+01;1359
2014-12-13 11:25:00+01;1339
2014-12-13 11:45:00+01;1329
2014-12-13 12:45:00+01;1319
2014-12-13 14:13:00+01;1309
2014-12-13 15:45:00+01;1299
2014-12-13 17:25:00+01;1299
2014-12-13 21:05:00+01;1379
2014-12-14 09:37:00+01;1349
2014-12-14 09:53:00+01;1339
2014-12-14 11:53:00+01;1329
2014-12-14 13:29:00+01;1299
2014-12-14 15:58:01+01;1279
2014-12-14 16:30:01+01;1279
2014-12-14 17:14:02+01;1359
2014-12-15 06:58:01+01;1349
2014-12-15 08:22:02+01;1339
2014-12-15 09:10:02+01;1329
2014-12-15 11:02:01+01;1319
2014-12-15 12:06:01+01;1309
2014-12-15 13:02:01+01;1299
2014-12-15 15:26:01+01;1289
2014-12-15 23:10:01+01;1369
2014-12-16 07:06:01+01;1349
2014-12-16 08:02:01+01;1349
2014-12-16 10:18:01+01;1339
2014-12-16 10:42:01+01;1319
2014-12-16 11:26:01+01;1309
2014-12-16 13:14:01+01;1309
2014-12-16 13:34:01+01;1299
2014-12-16 15:42:01+01;1289
2014-12-17 00:54:01+01;1369
2014-12-17 06:58:01+01;1349
2014-12-17 08:06:01+01;1339
2014-12-17 09:22:01+01;1329
2014-12-17 09:50:01+01;1319
2014-12-17 10:34:01+01;1309
2014-12-17 11:06:01+01;1309
2014-12-17 11:46:01+01;1299
2014-12-17 13:18:01+01;1289
2014-12-17 15:22:01+01;1279
2014-12-17 19:10:01+01;1279
2014-12-17 23:06:01+01;1359
2014-12-18 07:02:01+01;1339
2014-12-18 07:54:01+01;1329
2014-12-18 08:58:01+01;1319
2014-12-18 10:14:01+01;1309
2014-12-18 11:30:01+01;1299
2014-12-18 12:46:01+01;1289
2014-12-18 14:06:01+01;1279
2014-12-18 16:06:01+01;1269
2014-12-18 23:06:01+01;1349
2014-12-19 06:46:01+01;1329
2014-12-19 08:06:01+01;1319
2014-12-19 08:38:01+01;1309
2014-12-19 10:22:01+01;1299
2014-12-19 11:26:01+01;1289
2014-12-19 11:46:01+01;1289
2014-12-19 13:54:01+01;1279
2014-12-19 15:22:01+01;1269
2014-12-19 20:06:01+01;1349
2014-12-19 20:10:01+01;1269
2014-12-19 23:10:01+01;1349
2014-12-20 08:14:01+01;1339
2014-12-20 08:18:01+01;1339
2014-12-20 09:30:01+01;1339
2014-12-20 10:14:01+01;1329
2014-12-20 11:02:01+01;1309
2014-12-20 11:26:01+01;1309
2014-12-20 12:30:01+01;1299
2014-12-20 13:10:01+01;1289
2014-12-20 13:50:01+01;1279
2014-12-20 17:22:01+01;1269
2014-12-20 23:10:01+01;1359
2014-12-21 08:54:01+01;1329
2014-12-21 09:50:01+01;1299
2014-12-21 10:58:01+01;1299
2014-12-21 11:54:01+01;1289
2014-12-21 12:18:01+01;1279
2014-12-21 13:34:01+01;1269
2014-12-21 16:10:01+01;1259
2014-12-21 18:34:01+01;1259
2014-12-21 23:06:01+01;1339
2014-12-22 06:50:01+01;1329
2014-12-22 07:58:01+01;1319
2014-12-22 11:06:02+01;1309
2014-12-22 12:02:01+01;1299
2014-12-22 12:50:01+01;1289
2014-12-22 13:46:01+01;1279
2014-12-22 14:38:01+01;1259
2014-12-22 15:42:01+01;1259
2014-12-22 23:10:01+01;1339
2014-12-23 06:54:01+01;1319
2014-12-23 08:50:01+01;1309
2014-12-23 09:42:01+01;1299
2014-12-23 12:06:01+01;1289
2014-12-23 12:10:01+01;1289
2014-12-23 12:58:01+01;1279
2014-12-23 14:58:01+01;1269
2014-12-23 16:18:01+01;1269
2014-12-23 19:18:01+01;1259
2014-12-23 21:50:01+01;1339
2014-12-24 07:54:01+01;1319
2014-12-24 08:54:01+01;1299
2014-12-24 11:10:01+01;1289
2014-12-24 12:18:01+01;1279
2014-12-24 16:06:01+01;1379
2014-12-26 23:46:01+01;1309
2014-12-27 09:42:01+01;1299
2014-12-27 11:42:01+01;1289
2014-12-27 12:42:01+01;1279
2014-12-27 13:10:01+01;1269
2014-12-27 13:58:01+01;1269
2014-12-27 14:58:01+01;1259
2014-12-27 23:06:01+01;1339
2014-12-28 08:46:01+01;1309
2014-12-28 10:22:01+01;1309
2014-12-28 11:18:01+01;1299
2014-12-28 12:46:01+01;1289
2014-12-28 13:38:01+01;1279
2014-12-28 14:18:01+01;1269
2014-12-28 15:30:01+01;1269
2014-12-28 15:42:01+01;1259
2014-12-28 23:06:01+01;1349
2014-12-29 06:26:01+01;1309
2014-12-29 08:18:01+01;1299
2014-12-29 09:02:01+01;1289
2014-12-29 10:34:01+01;1279
2014-12-29 11:18:01+01;1279
2014-12-29 12:54:01+01;1269
2014-12-29 14:18:01+01;1259
2014-12-29 16:54:01+01;1249
2014-12-29 23:10:01+01;1329
2014-12-30 06:46:01+01;1299
2014-12-30 07:46:01+01;1289
2014-12-30 09:42:01+01;1279
2014-12-30 11:02:01+01;1269
2014-12-30 11:30:01+01;1269
2014-12-30 13:30:01+01;1259
2014-12-30 18:38:01+01;1249
2014-12-30 23:10:01+01;1329
2014-12-31 08:10:01+01;1299
2014-12-31 09:10:01+01;1289
2014-12-31 10:42:01+01;1279
2014-12-31 11:30:01+01;1269
2014-12-31 12:14:01+01;1259
2014-12-31 13:06:01+01;1249
2014-12-31 16:06:01+01;1329
2015-01-02 06:26:01+01;1289
2015-01-02 07:34:01+01;1279
2015-01-02 08:54:01+01;1269
2015-01-02 10:42:01+01;1259
2015-01-02 11:34:01+01;1259
2015-01-02 13:34:01+01;1249
2015-01-02 15:22:01+01;1239
2015-01-02 23:10:01+01;1319
2015-01-03 07:46:01+01;1299
2015-01-03 09:46:01+01;1289
2015-01-03 10:30:01+01;1279
2015-01-03 13:42:01+01;1269
2015-01-03 15:42:01+01;1259
2015-01-03 16:46:01+01;1259
2015-01-03 18:22:01+01;1249
2015-01-03 23:06:01+01;1329
2015-01-03 23:34:01+01;1299
2015-01-04 10:18:01+01;1299
2015-01-04 10:26:01+01;1299
2015-01-04 10:50:01+01;1299
2015-01-04 11:10:01+01;1289
2015-01-04 11:54:01+01;1249
2015-01-04 13:10:01+01;1249
2015-01-04 13:42:01+01;1239
2015-01-04 15:42:01+01;1239
2015-01-04 23:06:01+01;1309
2015-01-05 06:14:01+01;1299
2015-01-05 08:42:01+01;1299
2015-01-05 10:50:01+01;1289
2015-01-05 11:10:01+01;1289
2015-01-05 11:22:01+01;1289
2015-01-05 13:22:01+01;1279
2015-01-05 15:18:01+01;1269
2015-01-05 23:06:01+01;1349
2015-01-06 06:38:01+01;1299
2015-01-06 07:46:01+01;1269
2015-01-06 11:14:01+01;1259
2015-01-06 13:46:01+01;1249
2015-01-06 15:42:01+01;1239
2015-01-06 23:06:01+01;1319
2015-01-07 07:02:01+01;1299
2015-01-07 07:06:01+01;1299
2015-01-07 09:26:01+01;1289
2015-01-07 10:50:01+01;1279
2015-01-07 13:10:01+01;1259
2015-01-07 15:22:01+01;1249
2015-01-07 16:26:01+01;1239
2015-01-07 16:30:01+01;1249
2015-01-07 17:50:01+01;1229
2015-01-07 19:26:01+01;1219
2015-01-07 23:06:01+01;1299
2015-01-08 06:46:01+01;1299
2015-01-08 08:30:01+01;1289
2015-01-08 11:06:01+01;1279
2015-01-08 11:10:01+01;1279
2015-01-08 13:46:01+01;1269
2015-01-08 15:34:01+01;1259
2015-01-08 23:06:01+01;1329
2015-01-09 09:50:01+01;1299
2015-01-09 09:58:01+01;1299
2015-01-09 10:50:01+01;1289
2015-01-09 13:14:01+01;1269
2015-01-09 14:22:01+01;1269
2015-01-09 15:58:01+01;1259
2015-01-09 16:54:01+01;1249
2015-01-09 23:06:02+01;1329
2015-01-10 07:50:01+01;1259
2015-01-10 11:42:01+01;1249
2015-01-10 12:22:01+01;1239
2015-01-10 13:34:01+01;1229
2015-01-10 16:02:01+01;1219
2015-01-10 23:06:01+01;1299
2015-01-11 08:58:01+01;1279
2015-01-11 11:06:01+01;1269
2015-01-11 13:02:01+01;1259
2015-01-11 13:54:01+01;1259
2015-01-11 15:38:01+01;1249
2015-01-11 23:10:01+01;1329
2015-01-12 06:58:01+01;1299
2015-01-12 08:02:01+01;1299
2015-01-12 09:06:01+01;1289
2015-01-12 10:18:01+01;1259
2015-01-12 11:14:01+01;1259
2015-01-12 13:26:01+01;1249
2015-01-12 15:22:01+01;1239
2015-01-12 18:18:01+01;1229
2015-01-12 23:10:01+01;1309
2015-01-13 07:06:01+01;1289
2015-01-13 08:22:01+01;1269
2015-01-13 10:10:01+01;1269
2015-01-13 10:46:01+01;1259
2015-01-13 11:54:01+01;1249
2015-01-13 13:42:01+01;1239
2015-01-13 15:38:01+01;1229
2015-01-13 23:10:01+01;1309
2015-01-14 07:18:01+01;1279
2015-01-14 09:14:01+01;1259
2015-01-14 09:54:01+01;1259
2015-01-14 10:18:01+01;1249
2015-01-14 10:50:01+01;1249
2015-01-14 13:26:01+01;1239
2015-01-14 15:18:01+01;1229
2015-01-14 17:10:01+01;1219
2015-01-14 23:06:01+01;1299
2015-01-15 06:58:01+01;1279
2015-01-15 07:14:02+01;1219
2015-01-15 08:30:01+01;1219
2015-01-15 10:42:01+01;1219
2015-01-15 12:42:01+01;1219
2015-01-15 13:34:01+01;1209
2015-01-15 15:38:01+01;1199
2015-01-15 16:38:01+01;1199
2015-01-15 23:06:01+01;1299
2015-01-16 06:46:01+01;1239
2015-01-16 07:30:01+01;1239
2015-01-16 09:18:01+01;1229
2015-01-16 10:50:01+01;1219
2015-01-16 12:18:01+01;1219
2015-01-16 13:26:01+01;1219
2015-01-16 14:06:01+01;1209
2015-01-16 15:26:01+01;1209
2015-01-16 23:06:01+01;1309
2015-01-17 08:10:01+01;1279
2015-01-17 10:14:01+01;1269
2015-01-17 11:46:01+01;1259
2015-01-17 12:30:01+01;1239
2015-01-17 15:18:01+01;1229
2015-01-17 15:42:01+01;1229
2015-01-17 16:26:01+01;1219
2015-01-17 18:10:01+01;1209
2015-01-17 23:06:01+01;1279
2015-01-18 10:26:01+01;1269
2015-01-18 11:38:01+01;1259
2015-01-18 13:06:01+01;1239
2015-01-18 14:26:01+01;1239
2015-01-18 15:10:02+01;1219
2015-01-18 16:26:01+01;1219
2015-01-18 16:58:01+01;1209
2015-01-18 17:30:01+01;1209
2015-01-18 22:06:01+01;1289
2015-01-19 06:50:01+01;1279
2015-01-19 09:26:01+01;1269
2015-01-19 10:26:01+01;1269
2015-01-19 10:46:01+01;1259
2015-01-19 11:54:01+01;1249
2015-01-19 12:38:01+01;1239
2015-01-19 15:14:01+01;1229
2015-01-19 17:38:01+01;1219
2015-01-19 17:58:01+01;1219
2015-01-19 23:06:01+01;1299
2015-01-20 06:50:01+01;1269
2015-01-20 09:38:01+01;1259
2015-01-20 11:10:01+01;1249
2015-01-20 13:38:01+01;1239
2015-01-20 14:26:01+01;1229
2015-01-20 15:50:01+01;1219
2015-01-20 18:42:01+01;1209
2015-01-20 23:06:01+01;1299
2015-01-21 06:50:01+01;1269
2015-01-21 06:54:01+01;1269
2015-01-21 10:46:02+01;1259
2015-01-21 11:46:01+01;1249
2015-01-21 12:50:01+01;1229
2015-01-21 13:18:01+01;1219
2015-01-21 14:18:01+01;1209
2015-01-21 23:06:01+01;1289
2015-01-22 06:46:01+01;1269
2015-01-22 08:14:01+01;1269
2015-01-22 11:02:01+01;1259
2015-01-22 12:06:01+01;1249
2015-01-22 12:26:01+01;1229
2015-01-22 13:38:01+01;1219
2015-01-22 14:10:01+01;1209
2015-01-22 19:46:01+01;1199
2015-01-22 23:06:01+01;1289
2015-01-23 06:50:01+01;1279
2015-01-23 07:26:01+01;1269
2015-01-23 10:46:01+01;1259
2015-01-23 11:46:01+01;1239
2015-01-23 13:26:01+01;1229
2015-01-23 14:38:01+01;1219
2015-01-23 17:10:01+01;1209
2015-01-23 18:26:01+01;1209
2015-01-23 23:06:01+01;1289
2015-01-24 07:46:01+01;1279
2015-01-24 09:26:01+01;1259
2015-01-24 11:10:01+01;1249
2015-01-24 11:22:01+01;1259
2015-01-24 11:54:01+01;1249
2015-01-24 13:42:01+01;1239
2015-01-24 13:54:01+01;1239
2015-01-24 15:30:01+01;1229
2015-01-24 15:42:01+01;1229
2015-01-24 16:34:01+01;1229
2015-01-24 17:26:01+01;1209
2015-01-24 22:02:01+01;1289
2015-01-25 08:58:01+01;1279
2015-01-25 12:42:01+01;1229
2015-01-25 13:38:01+01;1219
2015-01-25 15:26:01+01;1209
2015-01-25 20:10:01+01;1289
2015-01-26 06:46:01+01;1279
2015-01-26 08:42:01+01;1259
2015-01-26 09:02:01+01;1239
2015-01-26 10:46:01+01;1239
2015-01-26 11:38:01+01;1229
2015-01-26 13:26:01+01;1229
2015-01-26 13:38:01+01;1229
2015-01-26 13:58:01+01;1229
2015-01-26 15:18:01+01;1229
2015-01-26 15:46:01+01;1219
2015-01-26 15:54:01+01;1219
2015-01-26 17:50:01+01;1209
2015-01-26 23:06:01+01;1289
2015-01-27 06:50:01+01;1279
2015-01-27 09:42:01+01;1269
2015-01-27 10:18:01+01;1249
2015-01-27 11:30:01+01;1249
2015-01-27 13:26:01+01;1239
2015-01-27 13:58:01+01;1229
2015-01-27 15:42:01+01;1219
2015-01-27 16:38:01+01;1219
2015-01-27 23:06:01+01;1299
2015-01-28 06:50:01+01;1279
2015-01-28 09:22:01+01;1269
2015-01-28 10:10:01+01;1269
2015-01-28 10:50:01+01;1259
2015-01-28 12:14:01+01;1249
2015-01-28 13:26:01+01;1239
2015-01-28 14:18:01+01;1229
2015-01-28 15:22:01+01;1219
2015-01-28 18:02:01+01;1209
2015-01-28 23:06:01+01;1309
2015-01-29 06:58:01+01;1279
2015-01-29 08:46:01+01;1269
2015-01-29 11:10:01+01;1259
2015-01-29 12:50:01+01;1249
2015-01-29 13:18:01+01;1239
2015-01-29 13:26:01+01;1229
2015-01-29 16:10:01+01;1219
2015-01-29 23:06:01+01;1299
2015-01-30 07:14:01+01;1279
2015-01-30 08:34:01+01;1259
2015-01-30 10:50:01+01;1249
2015-01-30 13:10:01+01;1239
2015-01-30 15:22:01+01;1229
2015-01-30 16:14:01+01;1219
2015-01-30 23:06:01+01;1299
2015-01-31 07:46:01+01;1279
2015-01-31 08:42:01+01;1279
2015-01-31 11:10:01+01;1269
2015-01-31 13:22:01+01;1259
2015-01-31 15:46:01+01;1239
2015-01-31 22:06:01+01;1319
2015-01-31 22:34:01+01;1319
2015-02-01 08:50:01+01;1279
2015-02-01 10:46:01+01;1259
2015-02-01 12:30:01+01;1239
2015-02-01 14:30:01+01;1239
2015-02-01 15:46:01+01;1229
2015-02-01 23:06:01+01;1319
2015-02-02 06:58:01+01;1289
2015-02-02 07:58:01+01;1279
2015-02-02 09:50:01+01;1279
2015-02-02 10:46:01+01;1269
2015-02-02 10:54:01+01;1269
2015-02-02 11:34:01+01;1269
2015-02-02 13:34:01+01;1259
2015-02-02 13:50:01+01;1249
2015-02-02 15:22:01+01;1239
2015-02-02 23:06:01+01;1339
2015-02-03 06:58:01+01;1299
2015-02-03 08:54:01+01;1289
2015-02-03 10:54:01+01;1279
2015-02-03 12:10:01+01;1269
2015-02-03 16:38:01+01;1259
2015-02-03 23:06:01+01;1359
2015-02-04 06:54:01+01;1299
2015-02-04 06:58:01+01;1309
2015-02-04 08:38:01+01;1299
2015-02-04 11:42:01+01;1289
2015-02-04 12:14:01+01;1289
2015-02-04 13:22:01+01;1289
2015-02-04 13:26:01+01;1279
2015-02-04 15:34:01+01;1279
2015-02-04 23:06:01+01;1359
2015-02-05 07:02:01+01;1309
2015-02-05 07:18:01+01;1309
2015-02-05 10:14:01+01;1299
2015-02-05 11:22:01+01;1289
2015-02-05 12:06:01+01;1289
2015-02-05 14:02:01+01;1279
2015-02-05 19:02:01+01;1269
2015-02-05 23:06:01+01;1359
2015-02-06 06:50:01+01;1309
2015-02-06 09:18:01+01;1299
2015-02-06 10:46:01+01;1289
2015-02-06 10:54:01+01;1289
2015-02-06 12:50:01+01;1289
2015-02-06 13:26:01+01;1279
2015-02-06 14:30:01+01;1269
2015-02-06 17:46:01+01;1269
2015-02-06 19:22:01+01;1259
2015-02-06 23:10:01+01;1339
2015-02-07 07:42:01+01;1319
2015-02-07 09:38:01+01;1309
2015-02-07 11:14:01+01;1299
2015-02-07 11:58:01+01;1289
2015-02-07 13:38:01+01;1279
2015-02-07 15:34:01+01;1269
2015-02-07 16:26:01+01;1269
2015-02-07 17:10:01+01;1259
2015-02-07 23:06:01+01;1319
2015-02-08 10:22:01+01;1309
2015-02-08 13:34:01+01;1299
2015-02-08 14:34:01+01;1279
2015-02-08 16:26:01+01;1269
2015-02-08 23:10:01+01;1339
2015-02-09 06:50:01+01;1319
2015-02-09 09:14:01+01;1309
2015-02-09 10:50:01+01;1309
2015-02-09 10:58:01+01;1299
2015-02-09 13:26:01+01;1289
2015-02-09 15:18:01+01;1279
2015-02-09 17:38:01+01;1269
2015-02-09 23:06:01+01;1349
2015-02-10 06:46:01+01;1329
2015-02-10 07:38:01+01;1309
2015-02-10 09:58:01+01;1309
2015-02-10 10:46:01+01;1299
2015-02-10 11:30:01+01;1299
2015-02-10 13:30:01+01;1289
2015-02-10 16:14:02+01;1289
2015-02-10 18:02:01+01;1279
2015-02-10 23:06:01+01;1369
2015-02-11 07:14:01+01;1339
2015-02-11 09:18:01+01;1329
2015-02-11 11:02:01+01;1319
2015-02-11 12:18:01+01;1309
2015-02-11 13:22:01+01;1299
2015-02-11 15:42:01+01;1289
2015-02-11 23:06:01+01;1369
2015-02-12 07:22:01+01;1309
2015-02-12 07:30:01+01;1349
2015-02-12 08:22:01+01;1309
2015-02-12 11:06:01+01;1299
2015-02-12 13:34:01+01;1289
2015-02-12 15:42:01+01;1279
2015-02-12 15:58:02+01;1269
2015-02-12 22:06:01+01;1369
2015-02-13 06:42:01+01;1349
2015-02-13 07:30:01+01;1329
2015-02-13 09:10:01+01;1319
2015-02-13 11:22:01+01;1309
2015-02-13 14:10:01+01;1299
2015-02-13 14:50:01+01;1289
2015-02-13 23:06:01+01;1369
2015-02-14 07:38:01+01;1329
2015-02-14 09:30:01+01;1319
2015-02-14 10:38:01+01;1309
2015-02-14 11:42:01+01;1299
2015-02-14 16:34:01+01;1299
2015-02-14 16:54:01+01;1289
2015-02-14 23:06:01+01;1369
2015-02-15 08:50:01+01;1349
2015-02-15 09:34:01+01;1289
2015-02-15 17:34:01+01;1389
2015-02-16 06:54:01+01;1349
2015-02-16 09:18:01+01;1339
2015-02-16 09:34:01+01;1329
2015-02-16 10:46:01+01;1309
2015-02-16 12:42:01+01;1309
2015-02-16 13:22:01+01;1299
2015-02-16 23:06:01+01;1379
2015-02-17 06:58:01+01;1299
2015-02-17 08:30:01+01;1359
2015-02-17 08:34:01+01;1379
2015-02-17 08:42:01+01;1349
2015-02-17 11:02:01+01;1339
2015-02-17 11:46:01+01;1319
2015-02-17 13:34:01+01;1309
2015-02-17 15:38:01+01;1299
2015-02-17 23:06:01+01;1379
2015-02-18 06:14:01+01;1299
2015-02-18 08:30:01+01;1369
2015-02-18 08:38:01+01;1359
2015-02-18 10:50:01+01;1329
2015-02-18 13:26:01+01;1319
2015-02-18 14:38:01+01;1319
2015-02-18 15:38:01+01;1309
2015-02-18 18:42:01+01;1299
2015-02-18 22:26:01+01;1419
2015-02-19 06:58:01+01;1369
2015-02-19 08:22:01+01;1359
2015-02-19 08:38:01+01;1349
2015-02-19 09:02:02+01;1349
2015-02-19 09:50:01+01;1349
2015-02-19 10:50:01+01;1339
2015-02-19 12:14:01+01;1319
2015-02-19 14:06:01+01;1309
2015-02-19 15:42:01+01;1299
2015-02-19 23:06:01+01;1379
2015-02-20 08:14:01+01;1369
2015-02-20 09:42:01+01;1339
2015-02-20 11:50:01+01;1309
2015-02-20 15:18:01+01;1299
2015-02-20 15:42:01+01;1299
2015-02-20 16:42:01+01;1289
2015-02-20 21:34:01+01;1389
2015-02-21 07:50:01+01;1339
2015-02-21 10:42:01+01;1309
2015-02-21 13:34:01+01;1299
2015-02-21 15:18:01+01;1299
2015-02-21 15:34:01+01;1289
2015-02-21 23:06:01+01;1389
2015-02-22 09:22:01+01;1369
2015-02-22 09:26:01+01;1369
2015-02-22 11:02:01+01;1309
2015-02-22 13:34:01+01;1299
2015-02-22 15:34:01+01;1289
2015-02-22 23:06:01+01;1389
2015-02-23 06:50:01+01;1369
2015-02-23 07:58:01+01;1349
2015-02-23 09:14:01+01;1349
2015-02-23 09:42:01+01;1279
2015-02-23 11:46:01+01;1279
2015-02-23 12:46:01+01;1279
2015-02-23 19:10:01+01;1279
2015-02-23 23:06:01+01;1359
2015-02-24 08:22:01+01;1359
2015-02-24 09:30:01+01;1349
2015-02-24 11:02:01+01;1339
2015-02-24 11:26:01+01;1329
2015-02-24 11:42:01+01;1319
2015-02-24 12:34:01+01;1319
2015-02-24 12:38:02+01;1319
2015-02-24 12:58:01+01;1319
2015-02-24 13:30:01+01;1309
2015-02-24 14:54:01+01;1309
2015-02-24 17:10:01+01;1309
2015-02-24 23:06:01+01;1389
2015-02-25 01:26:01+01;1389
2015-02-25 06:58:01+01;1349
2015-02-25 09:26:01+01;1339
2015-02-25 10:46:01+01;1329
2015-02-25 11:10:01+01;1329
2015-02-25 12:22:01+01;1329
2015-02-25 12:26:01+01;1309
2015-02-25 16:38:01+01;1309
2015-02-25 17:58:01+01;1299
2015-02-25 23:06:01+01;1379
2015-02-26 06:46:01+01;1299
2015-02-26 07:54:01+01;1289
2015-02-26 11:30:01+01;1289
2015-02-26 21:34:01+01;1439
2015-02-27 06:46:01+01;1389
2015-02-27 08:14:01+01;1369
2015-02-27 09:22:01+01;1349
2015-02-27 11:22:01+01;1319
2015-02-27 13:30:01+01;1319
2015-02-27 21:34:01+01;1419
2015-02-28 07:46:01+01;1349
2015-02-28 07:50:01+01;1379
2015-02-28 09:38:01+01;1369
2015-02-28 09:58:01+01;1349
2015-02-28 10:14:01+01;1339
2015-02-28 10:58:01+01;1339
2015-02-28 11:02:01+01;1329
2015-02-28 11:26:01+01;1329
2015-02-28 13:02:01+01;1329
2015-02-28 15:34:01+01;1329
2015-02-28 17:02:01+01;1319
2015-02-28 22:10:01+01;1439
2015-02-28 23:34:01+01;1379
2015-03-01 08:42:01+01;1369
2015-03-01 09:58:01+01;1369
2015-03-01 11:02:01+01;1359
2015-03-01 11:42:01+01;1329
2015-03-01 13:30:01+01;1329
2015-03-01 16:54:01+01;1419
2015-03-01 16:58:01+01;1329
2015-03-01 23:06:01+01;1409
2015-03-02 06:54:01+01;1379
2015-03-02 09:26:01+01;1369
2015-03-02 10:06:01+01;1369
2015-03-02 11:26:01+01;1339
2015-03-02 13:34:01+01;1329
2015-03-02 13:42:01+01;1329
2015-03-02 17:30:01+01;1319
2015-03-02 23:06:01+01;1409
2015-03-03 06:58:01+01;1379
2015-03-03 08:22:01+01;1369
2015-03-03 09:38:01+01;1349
2015-03-03 12:02:01+01;1329
2015-03-03 12:34:01+01;1319
2015-03-03 21:34:01+01;1419
2015-03-04 06:42:01+01;1419
2015-03-04 07:54:01+01;1369
2015-03-04 10:26:01+01;1369
2015-03-04 10:46:01+01;1359
2015-03-04 11:46:01+01;1359
2015-03-04 13:18:01+01;1349
2015-03-04 15:34:01+01;1329
2015-03-04 17:18:01+01;1329
2015-03-04 21:34:01+01;1429
2015-03-05 06:50:01+01;1389
2015-03-05 07:22:01+01;1389
2015-03-05 08:10:01+01;1389
2015-03-05 08:34:01+01;1379
2015-03-05 11:02:01+01;1369
2015-03-05 12:02:01+01;1359
2015-03-05 13:38:01+01;1359
2015-03-05 14:18:01+01;1359
2015-03-05 14:30:01+01;1349
2015-03-05 14:42:01+01;1339
2015-03-05 15:30:01+01;1339
2015-03-05 17:26:01+01;1329
2015-03-05 21:34:01+01;1429
2015-03-06 06:58:01+01;1429
2015-03-06 08:22:01+01;1389
2015-03-06 13:30:01+01;1369
2015-03-06 13:38:01+01;1369
2015-03-06 14:26:01+01;1359
2015-03-06 15:18:01+01;1349
2015-03-06 16:58:01+01;1339
2015-03-06 18:46:01+01;1329
2015-03-06 21:34:01+01;1429
2015-03-07 07:50:01+01;1389
2015-03-07 10:22:02+01;1389
2015-03-07 11:10:01+01;1379
2015-03-07 11:18:01+01;1369
2015-03-07 12:46:01+01;1369
2015-03-07 13:26:01+01;1359
2015-03-07 13:58:01+01;1349
2015-03-07 21:34:01+01;1449
2015-03-08 08:58:01+01;1439
2015-03-08 09:10:02+01;1439
2015-03-08 09:30:01+01;1389
2015-03-08 09:54:01+01;1389
2015-03-08 11:54:01+01;1379
2015-03-08 13:34:01+01;1369
2015-03-08 15:34:01+01;1359
2015-03-08 15:58:02+01;1349
2015-03-08 16:46:01+01;1339
2015-03-08 18:06:01+01;1439
2015-03-09 06:54:01+01;1389
2015-03-09 08:30:01+01;1389
2015-03-09 10:02:01+01;1389
2015-03-09 10:46:01+01;1379
2015-03-09 11:22:01+01;1379
2015-03-09 11:58:01+01;1379
2015-03-09 13:22:01+01;1369
2015-03-09 13:34:01+01;1349
2015-03-09 16:10:01+01;1349
2015-03-09 19:46:01+01;1339
2015-03-09 21:22:01+01;1459
2015-03-10 06:54:01+01;1439
2015-03-10 07:02:01+01;1439
2015-03-10 07:58:01+01;1399
2015-03-10 11:06:01+01;1389
2015-03-10 12:26:01+01;1359
2015-03-10 13:30:01+01;1349
2015-03-10 21:34:01+01;1449
2015-03-11 06:38:01+01;1409
2015-03-11 08:10:01+01;1389
2015-03-11 10:50:01+01;1379
2015-03-11 12:10:01+01;1359
2015-03-11 13:26:01+01;1349
2015-03-11 15:14:01+01;1349
2015-03-11 18:38:01+01;1349
2015-03-11 21:38:01+01;1449
2015-03-12 06:54:01+01;1379
2015-03-12 08:02:01+01;1379
2015-03-12 09:30:01+01;1369
2015-03-12 11:02:01+01;1359
2015-03-12 13:34:01+01;1349
2015-03-12 15:02:01+01;1349
2015-03-12 16:14:01+01;1339
2015-03-12 21:34:01+01;1439
2015-03-13 06:54:01+01;1409
2015-03-13 08:22:01+01;1409
2015-03-13 09:34:01+01;1399
2015-03-13 09:58:01+01;1379
2015-03-13 13:30:01+01;1369
2015-03-13 14:34:01+01;1369
2015-03-13 15:18:01+01;1359
2015-03-13 16:06:01+01;1359
2015-03-13 19:30:01+01;1349
2015-03-13 21:34:01+01;1469
2015-03-14 07:50:01+01;1419
2015-03-14 08:14:01+01;1409
2015-03-14 09:30:01+01;1409
2015-03-14 10:42:01+01;1399
2015-03-14 11:58:01+01;1349
2015-03-14 13:06:01+01;1349
2015-03-14 14:02:01+01;1349
2015-03-14 15:58:01+01;1349
2015-03-14 21:34:01+01;1449
2015-03-15 09:02:01+01;1409
2015-03-15 09:34:01+01;1399
2015-03-15 10:46:01+01;1379
2015-03-15 10:50:01+01;1379
2015-03-15 10:54:01+01;1369
2015-03-15 12:34:01+01;1359
2015-03-15 15:30:01+01;1359
2015-03-15 23:06:01+01;1459
2015-03-16 06:50:01+01;1409
2015-03-16 09:18:01+01;1399
2015-03-16 10:34:01+01;1389
2015-03-16 12:42:01+01;1379
2015-03-16 13:26:01+01;1369
2015-03-16 14:14:01+01;1369
2015-03-16 15:02:01+01;1369
2015-03-16 15:18:01+01;1359
2015-03-16 16:38:01+01;1359
2015-03-16 19:46:01+01;1349
2015-03-16 21:34:01+01;1449
2015-03-17 06:50:01+01;1409
2015-03-17 09:14:01+01;1409
2015-03-17 09:38:01+01;1399
2015-03-17 10:34:01+01;1389
2015-03-17 11:02:01+01;1389
2015-03-17 12:54:01+01;1379
2015-03-17 13:34:01+01;1369
2015-03-17 13:58:01+01;1359
2015-03-17 14:14:01+01;1359
2015-03-17 14:26:01+01;1359
2015-03-17 15:30:01+01;1349
2015-03-17 19:06:01+01;1339
2015-03-17 21:34:02+01;1419
2015-03-18 06:50:01+01;1379
2015-03-18 08:14:01+01;1379
2015-03-18 10:42:01+01;1369
2015-03-18 12:58:01+01;1369
2015-03-18 13:22:01+01;1359
2015-03-18 14:02:01+01;1349
2015-03-18 14:26:01+01;1339
2015-03-18 15:38:01+01;1339
2015-03-18 23:06:01+01;1419
2015-03-19 07:22:01+01;1389
2015-03-19 07:42:01+01;1389
2015-03-19 11:02:01+01;1379
2015-03-19 11:22:01+01;1379
2015-03-19 13:26:01+01;1369
2015-03-19 14:02:01+01;1339
2015-03-19 14:34:01+01;1339
2015-03-19 18:10:01+01;1329
2015-03-19 22:06:01+01;1429
2015-03-20 06:38:01+01;1399
2015-03-20 09:26:01+01;1389
2015-03-20 10:30:01+01;1379
2015-03-20 11:54:01+01;1369
2015-03-20 13:18:01+01;1359
2015-03-20 14:02:01+01;1349
2015-03-20 17:46:01+01;1339
2015-03-20 18:14:01+01;1329
2015-03-20 21:34:01+01;1429
2015-03-21 07:34:01+01;1399
2015-03-21 10:58:01+01;1389
2015-03-21 13:10:01+01;1379
2015-03-21 13:30:01+01;1379
2015-03-21 13:38:01+01;1369
2015-03-21 14:02:01+01;1369
2015-03-21 14:14:01+01;1359
2015-03-21 15:34:01+01;1359
2015-03-21 17:54:02+01;1349
2015-03-21 21:34:01+01;1449
2015-03-22 08:22:01+01;1399
2015-03-22 09:58:01+01;1359
2015-03-22 13:30:01+01;1349
2015-03-22 15:30:01+01;1339
2015-03-22 19:38:01+01;1439
2015-03-23 06:34:01+01;1399
2015-03-23 09:14:01+01;1389
2015-03-23 10:46:01+01;1379
2015-03-23 13:18:01+01;1349
2015-03-23 15:22:01+01;1339
2015-03-23 16:46:01+01;1339
2015-03-23 23:06:01+01;1419
2015-03-24 06:54:01+01;1399
2015-03-24 08:54:01+01;1399
2015-03-24 09:30:01+01;1389
2015-03-24 11:02:01+01;1379
2015-03-24 12:02:01+01;1359
2015-03-24 13:34:01+01;1349
2015-03-24 14:10:01+01;1349
2015-03-24 15:06:01+01;1339
2015-03-24 15:54:02+01;1339
2015-03-24 23:06:01+01;1419
2015-03-25 07:10:01+01;1399
2015-03-25 09:02:01+01;1399
2015-03-25 09:18:01+01;1389
2015-03-25 10:42:01+01;1379
2015-03-25 12:38:01+01;1379
2015-03-25 13:22:01+01;1369
2015-03-25 13:26:01+01;1359
2015-03-25 14:26:01+01;1359
2015-03-25 15:14:01+01;1359
2015-03-25 15:18:01+01;1349
2015-03-25 17:42:01+01;1339
2015-03-25 23:06:01+01;1419
2015-03-26 07:06:01+01;1399
2015-03-26 08:02:01+01;1399
2015-03-26 09:34:01+01;1389
2015-03-26 10:02:01+01;1389
2015-03-26 10:58:01+01;1379
2015-03-26 13:38:01+01;1369
2015-03-26 14:30:01+01;1369
2015-03-26 14:42:01+01;1359
2015-03-26 14:50:01+01;1339
2015-03-26 15:18:01+01;1339
2015-03-26 23:06:01+01;1439
2015-03-27 07:02:01+01;1399
2015-03-27 09:58:01+01;1389
2015-03-27 12:26:01+01;1379
2015-03-27 13:18:01+01;1379
2015-03-27 14:42:01+01;1369
2015-03-27 15:18:01+01;1369
2015-03-27 16:42:01+01;1359
2015-03-27 23:06:01+01;1459
2015-03-28 07:58:01+01;1429
2015-03-28 08:38:01+01;1409
2015-03-28 10:42:01+01;1409
2015-03-28 11:10:01+01;1399
2015-03-28 12:14:01+01;1389
2015-03-28 12:46:01+01;1379
2015-03-28 13:30:01+01;1369
2015-03-28 15:34:01+01;1359
2015-03-28 21:34:01+01;1459
2015-03-29 08:50:01+02;1369
2015-03-29 09:02:01+02;1359
2015-03-29 10:02:01+02;1349
2015-03-29 21:34:01+02;1449
2015-03-30 06:58:01+02;1409
2015-03-30 12:26:01+02;1399
2015-03-30 13:22:01+02;1389
2015-03-30 15:02:01+02;1379
2015-03-30 20:14:01+02;1369
2015-03-30 23:06:01+02;1459
2015-03-31 06:54:01+02;1409
2015-03-31 07:50:01+02;1409
2015-03-31 09:30:01+02;1399
2015-03-31 11:06:01+02;1389
2015-03-31 11:38:01+02;1389
2015-03-31 12:06:01+02;1379
2015-03-31 13:30:01+02;1369
2015-03-31 15:50:01+02;1359
2015-03-31 21:34:01+02;1459
2015-04-01 07:02:01+02;1439
2015-04-01 07:50:01+02;1399
2015-04-01 10:42:01+02;1389
2015-04-01 11:46:01+02;1379
2015-04-01 12:06:01+02;1379
2015-04-01 13:26:01+02;1369
2015-04-01 15:30:01+02;1359
2015-04-01 21:34:01+02;1459
2015-04-02 07:02:01+02;1409
2015-04-02 09:30:01+02;1399
2015-04-02 11:02:01+02;1389
2015-04-02 11:30:01+02;1379
2015-04-02 13:34:01+02;1369
2015-04-02 15:30:01+02;1359
2015-04-02 17:18:01+02;1359
2015-04-02 23:06:01+02;1459
2015-04-03 08:54:01+02;1439
2015-04-03 10:02:01+02;1439
2015-04-03 10:18:01+02;1399
2015-04-03 11:42:01+02;1399
2015-04-03 13:22:01+02;1359
2015-04-03 15:46:01+02;1349
2015-04-03 19:06:01+02;1359
2015-04-04 07:58:01+02;1459
2015-04-04 08:06:01+02;1449
2015-04-04 08:22:01+02;1399
2015-04-04 09:46:01+02;1399
2015-04-04 10:46:02+02;1399
2015-04-04 10:58:01+02;1389
2015-04-04 12:26:01+02;1369
2015-04-04 13:30:01+02;1369
2015-04-04 15:30:01+02;1359
2015-04-04 21:34:01+02;1459
2015-04-05 09:02:01+02;1399
2015-04-05 09:50:01+02;1399
2015-04-05 13:34:01+02;1389
2015-04-05 15:34:01+02;1379
2015-04-05 23:06:01+02;1459
2015-04-06 08:54:01+02;1449
2015-04-06 09:10:01+02;1399
2015-04-06 10:06:01+02;1399
2015-04-06 10:18:01+02;1399
2015-04-06 10:26:01+02;1399
2015-04-06 13:30:01+02;1389
2015-04-06 13:34:01+02;1359
2015-04-06 14:58:01+02;1349
2015-04-06 18:06:01+02;1459
2015-04-07 06:54:01+02;1399
2015-04-07 09:30:01+02;1389
2015-04-07 11:02:01+02;1379
2015-04-07 11:06:01+02;1379
2015-04-07 13:14:01+02;1379
2015-04-07 13:34:01+02;1369
2015-04-07 15:30:01+02;1359
2015-04-07 15:58:01+02;1359
2015-04-07 21:34:01+02;1459
2015-04-08 07:02:01+02;1409
2015-04-08 09:14:01+02;1409
2015-04-08 10:42:01+02;1399
2015-04-08 11:46:01+02;1379
2015-04-08 13:18:01+02;1369
2015-04-08 16:10:01+02;1359
2015-04-08 18:14:01+02;1359
2015-04-08 18:30:01+02;1349
2015-04-08 21:34:01+02;1459
2015-04-09 06:50:01+02;1439
2015-04-09 08:42:01+02;1429
2015-04-09 09:02:01+02;1429
2015-04-09 11:02:01+02;1419
2015-04-09 11:58:02+02;1399
2015-04-09 12:34:01+02;1389
2015-04-09 13:42:01+02;1379
2015-04-09 14:58:01+02;1359
2015-04-09 18:34:01+02;1349
2015-04-09 21:26:01+02;1499
2015-04-10 06:54:01+02;1449
2015-04-10 08:10:01+02;1439
2015-04-10 09:42:01+02;1429
2015-04-10 10:50:01+02;1429
2015-04-10 11:30:01+02;1389
2015-04-10 13:18:01+02;1379
2015-04-10 15:14:02+02;1369
2015-04-10 18:02:01+02;1359
2015-04-10 19:30:01+02;1349
2015-04-10 20:30:01+02;1339
2015-04-10 21:26:01+02;1499
2015-04-11 07:50:01+02;1439
2015-04-11 09:34:01+02;1429
2015-04-11 09:42:01+02;1419
2015-04-11 11:10:01+02;1379
2015-04-11 13:34:01+02;1369
2015-04-11 15:34:01+02;1359
2015-04-11 20:34:01+02;1459
2015-04-12 08:50:01+02;1409
2015-04-12 11:02:01+02;1399
2015-04-12 13:38:01+02;1359
2015-04-12 17:34:01+02;1499
2015-04-13 06:46:01+02;1449
2015-04-13 08:18:01+02;1429
2015-04-13 10:42:01+02;1389
2015-04-13 13:18:01+02;1379
2015-04-13 15:26:01+02;1369
2015-04-13 16:22:01+02;1359
2015-04-13 16:54:01+02;1349
2015-04-13 21:26:01+02;1499
2015-04-14 06:54:01+02;1439
2015-04-14 09:14:01+02;1439
2015-04-14 09:42:01+02;1429
2015-04-14 11:02:01+02;1419
2015-04-14 11:22:01+02;1399
2015-04-14 13:30:01+02;1389
2015-04-14 14:50:01+02;1379
2015-04-14 15:46:01+02;1369
2015-04-14 18:14:01+02;1369
2015-04-14 23:06:01+02;1469
2015-04-15 06:54:01+02;1429
2015-04-15 07:10:01+02;1449
2015-04-15 07:18:01+02;1429
2015-04-15 07:22:01+02;1449
2015-04-15 07:30:01+02;1429
2015-04-15 08:26:01+02;1429
2015-04-15 09:14:01+02;1419
2015-04-15 10:46:01+02;1409
2015-04-15 11:30:01+02;1399
2015-04-15 13:22:01+02;1389
2015-04-15 15:18:01+02;1379
2015-04-15 17:30:01+02;1369
2015-04-15 19:54:01+02;1359
2015-04-15 21:26:01+02;1519
2015-04-16 06:58:01+02;1449
2015-04-16 07:02:01+02;1449
2015-04-16 08:34:01+02;1449
2015-04-16 10:14:01+02;1439
2015-04-16 12:02:01+02;1429
2015-04-16 12:22:01+02;1409
2015-04-16 14:50:01+02;1399
2015-04-16 15:30:01+02;1399
2015-04-16 16:02:01+02;1389
2015-04-16 19:06:01+02;1369
2015-04-16 21:26:01+02;1529
2015-04-17 07:26:01+02;1459
2015-04-17 09:18:01+02;1449
2015-04-17 10:22:01+02;1439
2015-04-17 11:14:01+02;1429
2015-04-17 12:14:01+02;1419
2015-04-17 13:18:01+02;1409
2015-04-17 15:06:01+02;1399
2015-04-17 15:14:01+02;1399
2015-04-17 17:54:01+02;1389
2015-04-17 18:10:01+02;1389
2015-04-17 21:26:01+02;1529
2015-04-18 07:50:01+02;1479
2015-04-18 07:58:01+02;1479
2015-04-18 09:30:01+02;1469
2015-04-18 09:58:01+02;1449
2015-04-18 10:30:01+02;1409
2015-04-18 13:42:01+02;1399
2015-04-18 15:34:01+02;1389
2015-04-18 20:22:01+02;1529
2015-04-19 08:54:01+02;1449
2015-04-19 11:18:01+02;1409
2015-04-19 12:02:01+02;1399
2015-04-19 13:34:01+02;1389
2015-04-19 14:30:01+02;1389
2015-04-19 20:42:01+02;1529
2015-04-20 07:02:01+02;1469
2015-04-20 07:18:01+02;1469
2015-04-20 08:54:01+02;1459
2015-04-20 10:58:01+02;1439
2015-04-20 12:50:01+02;1429
2015-04-20 13:22:01+02;1429
2015-04-20 13:46:01+02;1429
2015-04-20 13:50:01+02;1409
2015-04-20 15:14:01+02;1399
2015-04-20 21:34:01+02;1499
2015-04-21 07:10:01+02;1489
2015-04-21 07:22:01+02;1469
2015-04-21 08:30:02+02;1469
2015-04-21 09:42:01+02;1459
2015-04-21 11:02:01+02;1449
2015-04-21 12:42:01+02;1439
2015-04-21 13:30:01+02;1429
2015-04-21 13:38:01+02;1429
2015-04-21 14:10:01+02;1409
2015-04-21 15:14:01+02;1409
2015-04-21 16:14:01+02;1399
2015-04-21 19:30:01+02;1389
2015-04-21 21:22:01+02;1529
2015-04-22 06:18:01+02;1469
2015-04-22 07:58:01+02;1469
2015-04-22 09:14:01+02;1459
2015-04-22 10:46:01+02;1449
2015-04-22 13:22:02+02;1439
2015-04-22 13:46:01+02;1409
2015-04-22 15:22:01+02;1399
2015-04-22 18:58:01+02;1399
2015-04-22 20:14:01+02;1389
2015-04-22 23:26:01+02;1529
2015-04-23 06:50:01+02;1489
2015-04-23 07:02:01+02;1469
2015-04-23 07:18:01+02;1469
2015-04-23 09:34:01+02;1459
2015-04-23 10:10:01+02;1429
2015-04-23 12:42:01+02;1419
2015-04-23 13:34:01+02;1409
2015-04-23 14:42:01+02;1399
2015-04-23 15:14:01+02;1389
2015-04-23 18:26:01+02;1389
2015-04-23 21:26:01+02;1529
2015-04-24 06:54:01+02;1469
2015-04-24 08:30:01+02;1469
2015-04-24 09:14:01+02;1459
2015-04-24 10:46:01+02;1449
2015-04-24 12:22:01+02;1419
2015-04-24 13:18:01+02;1409
2015-04-24 15:02:01+02;1409
2015-04-24 15:18:01+02;1399
2015-04-24 15:26:01+02;1399
2015-04-24 21:34:01+02;1499
2015-04-25 00:18:01+02;1489
2015-04-25 09:38:01+02;1489
2015-04-25 10:06:01+02;1479
2015-04-25 11:02:01+02;1479
2015-04-25 12:02:01+02;1439
2015-04-25 13:30:01+02;1429
2015-04-25 15:34:01+02;1419
2015-04-25 15:38:01+02;1419
2015-04-25 16:06:01+02;1409
2015-04-25 18:26:01+02;1409
2015-04-25 20:34:01+02;1509
2015-04-26 08:50:01+02;1499
2015-04-26 08:54:01+02;1489
2015-04-26 11:06:01+02;1479
2015-04-26 13:30:01+02;1409
2015-04-26 13:58:01+02;1409
2015-04-26 17:34:01+02;1509
2015-04-27 06:46:01+02;1489
2015-04-27 07:34:01+02;1489
2015-04-27 07:46:01+02;1489
2015-04-27 09:18:01+02;1479
2015-04-27 10:22:01+02;1459
2015-04-27 11:06:01+02;1439
2015-04-27 11:26:01+02;1429
2015-04-27 14:06:01+02;1419
2015-04-27 15:18:01+02;1409
2015-04-27 21:06:01+02;1509
2015-04-28 06:54:01+02;1479
2015-04-28 09:30:01+02;1469
2015-04-28 10:58:01+02;1469
2015-04-28 11:02:01+02;1459
2015-04-28 13:30:01+02;1449
2015-04-28 14:22:01+02;1439
2015-04-28 14:54:01+02;1429
2015-04-28 15:38:01+02;1419
2015-04-28 17:26:01+02;1409
2015-04-28 21:26:01+02;1559
2015-04-29 06:50:01+02;1479
2015-04-29 10:46:01+02;1429
2015-04-29 11:14:01+02;1429
2015-04-29 13:30:01+02;1419
2015-04-29 16:10:01+02;1409
2015-04-29 17:26:01+02;1409
2015-04-29 19:38:01+02;1399
2015-04-29 20:26:01+02;1389
2015-04-29 21:50:01+02;1539
2015-04-30 06:54:01+02;1489
2015-04-30 07:14:01+02;1479
2015-04-30 09:34:01+02;1469
2015-04-30 10:10:01+02;1439
2015-04-30 13:30:01+02;1429
2015-04-30 15:10:01+02;1429
2015-04-30 15:30:01+02;1419
2015-04-30 16:38:01+02;1409
2015-04-30 18:38:01+02;1409
2015-04-30 19:54:01+02;1399
2015-05-01 00:02:01+02;1489
2015-05-01 00:06:02+02;1479
2015-05-01 10:14:01+02;1449
2015-05-01 10:46:01+02;1439
2015-05-01 11:30:01+02;1399
2015-05-01 17:10:01+02;1549
2015-05-02 08:22:01+02;1479
2015-05-02 10:30:01+02;1469
2015-05-02 13:30:01+02;1459
2015-05-02 14:26:01+02;1439
2015-05-02 15:30:01+02;1429
2015-05-02 16:26:01+02;1429
2015-05-02 17:02:01+02;1419
2015-05-02 18:18:01+02;1409
2015-05-02 18:38:01+02;1399
2015-05-02 20:10:01+02;1499
2015-05-03 08:58:01+02;1479
2015-05-03 11:06:01+02;1469
2015-05-03 12:42:01+02;1399
2015-05-03 18:58:01+02;1549
2015-05-04 06:46:01+02;1479
2015-05-04 08:34:01+02;1439
2015-05-04 10:42:01+02;1429
2015-05-04 13:18:01+02;1419
2015-05-04 15:18:01+02;1409
2015-05-04 17:14:01+02;1409
2015-05-04 19:30:01+02;1399
2015-05-04 19:54:01+02;1389
2015-05-04 21:06:01+02;1489
2015-05-05 06:50:01+02;1479
2015-05-05 09:38:01+02;1469
2015-05-05 11:02:01+02;1459
2015-05-05 14:30:01+02;1449
2015-05-05 14:34:01+02;1439
2015-05-05 15:54:01+02;1409
2015-05-05 17:26:01+02;1409
2015-05-05 21:34:01+02;1489
2015-05-06 06:50:01+02;1479
2015-05-06 09:14:01+02;1469
2015-05-06 10:46:01+02;1459
2015-05-06 12:34:01+02;1459
2015-05-06 13:22:01+02;1449
2015-05-06 14:26:01+02;1439
2015-05-06 15:06:01+02;1429
2015-05-06 16:50:01+02;1419
2015-05-06 17:42:01+02;1409
2015-05-06 18:50:01+02;1409
2015-05-06 21:06:01+02;1509
2015-05-07 06:50:01+02;1489
2015-05-07 10:34:01+02;1489
2015-05-07 10:58:01+02;1439
2015-05-07 12:22:01+02;1429
2015-05-07 15:30:01+02;1419
2015-05-07 17:26:01+02;1419
2015-05-07 21:10:01+02;1519
2015-05-08 06:54:01+02;1509
2015-05-08 06:58:01+02;1489
2015-05-08 09:22:01+02;1479
2015-05-08 10:22:01+02;1479
2015-05-08 10:26:01+02;1439
2015-05-08 13:22:01+02;1429
2015-05-08 15:14:01+02;1419
2015-05-08 16:06:01+02;1409
2015-05-08 16:14:01+02;1409
2015-05-08 16:54:02+02;1409
2015-05-08 19:14:01+02;1399
2015-05-08 20:02:01+02;1389
2015-05-08 21:10:01+02;1489
2015-05-09 07:46:01+02;1479
2015-05-09 09:30:02+02;1469
2015-05-09 10:46:01+02;1459
2015-05-09 12:10:01+02;1439
2015-05-09 13:34:01+02;1429
2015-05-09 14:26:01+02;1419
2015-05-09 15:30:01+02;1409
2015-05-09 20:34:01+02;1509
2015-05-10 08:54:01+02;1479
2015-05-10 09:30:01+02;1469
2015-05-10 11:02:01+02;1459
2015-05-10 12:38:01+02;1409
2015-05-10 18:06:01+02;1489
2015-05-11 06:58:01+02;1479
2015-05-11 08:22:01+02;1469
2015-05-11 08:30:01+02;1419
2015-05-11 09:50:01+02;1409
2015-05-11 13:50:01+02;1399
2015-05-11 14:22:01+02;1399
2015-05-11 21:06:01+02;1499
2015-05-12 06:46:02+02;1479
2015-05-12 09:02:01+02;1479
2015-05-12 09:34:01+02;1469
2015-05-12 11:02:01+02;1459
2015-05-12 12:06:01+02;1439
2015-05-12 13:10:01+02;1429
2015-05-12 13:30:01+02;1419
2015-05-12 14:34:01+02;1409
2015-05-12 15:26:02+02;1399
2015-05-12 16:30:01+02;1399
2015-05-12 19:34:01+02;1389
2015-05-12 21:10:01+02;1489
2015-05-13 06:46:01+02;1479
2015-05-13 08:02:01+02;1479
2015-05-13 09:14:01+02;1469
2015-05-13 10:10:01+02;1439
2015-05-13 10:58:01+02;1429
2015-05-13 13:02:01+02;1419
2015-05-13 15:14:01+02;1409
2015-05-13 15:18:01+02;1409
2015-05-13 16:30:01+02;1399
2015-05-13 18:30:01+02;1399
2015-05-13 21:06:01+02;1499
2015-05-14 08:58:01+02;1459
2015-05-14 11:06:01+02;1449
2015-05-14 11:58:01+02;1449
2015-05-14 13:38:01+02;1439
2015-05-14 13:54:01+02;1389
2015-05-14 17:22:01+02;1489
2015-05-15 06:46:01+02;1479
2015-05-15 08:58:01+02;1459
2015-05-15 09:14:01+02;1459
2015-05-15 09:50:01+02;1449
2015-05-15 10:38:01+02;1419
2015-05-15 13:22:01+02;1409
2015-05-15 13:34:01+02;1409
2015-05-15 15:18:01+02;1399
2015-05-15 21:06:01+02;1499
2015-05-16 07:38:01+02;1479
2015-05-16 09:34:01+02;1469
2015-05-16 10:22:01+02;1469
2015-05-16 11:10:01+02;1439
2015-05-16 11:30:01+02;1429
2015-05-16 13:34:01+02;1419
2015-05-16 15:30:01+02;1409
2015-05-16 20:10:01+02;1509
2015-05-17 08:54:01+02;1479
2015-05-17 10:14:01+02;1479
2015-05-17 10:58:01+02;1469
2015-05-17 12:14:01+02;1469
2015-05-17 12:42:01+02;1459
2015-05-17 13:18:01+02;1409
2015-05-17 15:30:01+02;1399
2015-05-17 17:14:01+02;1499
2015-05-18 06:42:01+02;1479
2015-05-18 07:42:01+02;1479
2015-05-18 15:58:01+02;1399
2015-05-18 21:10:01+02;1499
2015-05-19 06:50:01+02;1479
2015-05-19 09:34:01+02;1469
2015-05-19 11:02:01+02;1459
2015-05-19 12:38:01+02;1449
2015-05-19 13:26:01+02;1439
2015-05-19 13:58:01+02;1419
2015-05-19 14:14:01+02;1419
2015-05-19 15:30:01+02;1409
2015-05-19 17:30:01+02;1399
2015-05-19 21:06:01+02;1499
2015-05-20 06:46:01+02;1479
2015-05-20 07:58:01+02;1479
2015-05-20 08:34:01+02;1479
2015-05-20 09:14:01+02;1469
2015-05-20 10:46:01+02;1459
2015-05-20 11:54:01+02;1449
2015-05-20 13:22:01+02;1449
2015-05-20 14:54:01+02;1429
2015-05-20 15:18:01+02;1419
2015-05-20 16:58:01+02;1409
2015-05-20 18:46:01+02;1399
2015-05-20 21:14:01+02;1499
2015-05-21 06:46:01+02;1479
2015-05-21 07:22:01+02;1409
2015-05-21 09:34:01+02;1399
2015-05-21 21:06:01+02;1509
2015-05-22 06:50:01+02;1489
2015-05-22 09:18:01+02;1479
2015-05-22 10:50:01+02;1469
2015-05-22 11:58:01+02;1459
2015-05-22 12:10:01+02;1429
2015-05-22 12:26:01+02;1419
2015-05-22 13:30:01+02;1409
2015-05-22 17:02:01+02;1399
2015-05-22 21:06:01+02;1499
2015-05-23 07:50:01+02;1489
2015-05-23 09:18:01+02;1479
2015-05-23 09:26:01+02;1469
2015-05-23 11:02:01+02;1459
2015-05-23 11:38:01+02;1449
2015-05-23 13:30:01+02;1439
2015-05-23 14:18:01+02;1419
2015-05-23 15:30:01+02;1409
2015-05-23 19:38:01+02;1399
2015-05-23 20:10:01+02;1499
2015-05-24 08:46:01+02;1459
2015-05-24 10:34:01+02;1439
2015-05-24 10:50:01+02;1429
2015-05-24 12:54:01+02;1399
2015-05-24 13:30:01+02;1399
2015-05-24 15:30:01+02;1399
2015-05-24 17:14:01+02;1499
2015-05-25 08:42:01+02;1449
2015-05-25 10:46:01+02;1449
2015-05-25 11:38:01+02;1449
2015-05-25 13:14:01+02;1449
2015-05-25 13:26:01+02;1399
2015-05-25 15:18:01+02;1399
2015-05-25 20:54:01+02;1499
2015-05-26 06:54:01+02;1489
2015-05-26 08:30:01+02;1469
2015-05-26 09:30:01+02;1469
2015-05-26 11:06:01+02;1459
2015-05-26 11:50:01+02;1449
2015-05-26 13:02:01+02;1439
2015-05-26 13:26:01+02;1439
2015-05-26 14:02:01+02;1419
2015-05-26 15:42:01+02;1419
2015-05-26 19:46:01+02;1409
2015-05-26 21:06:01+02;1509
2015-05-27 06:50:01+02;1459
2015-05-27 10:50:01+02;1449
2015-05-27 13:26:01+02;1439
2015-05-27 15:02:01+02;1429
2015-05-27 21:06:01+02;1529
2015-05-28 06:54:01+02;1499
2015-05-28 07:06:01+02;1499
2015-05-28 07:42:01+02;1449
2015-05-28 07:58:01+02;1449
2015-05-28 10:34:01+02;1429
2015-05-28 10:38:01+02;1419
2015-05-28 13:26:01+02;1409
2015-05-28 15:26:01+02;1409
2015-05-28 21:06:01+02;1509
2015-05-29 07:14:01+02;1489
2015-05-29 07:38:01+02;1459
2015-05-29 07:46:01+02;1449
2015-05-29 08:58:02+02;1419
2015-05-29 13:22:01+02;1409
2015-05-29 15:22:01+02;1399
2015-05-29 21:10:01+02;1499
2015-05-30 07:46:01+02;1459
2015-05-30 09:38:01+02;1419
2015-05-30 13:30:01+02;1409
2015-05-30 15:26:01+02;1399
2015-05-30 20:22:01+02;1499
2015-05-31 08:46:01+02;1499
2015-05-31 08:58:01+02;1489
2015-05-31 09:54:01+02;1469
2015-05-31 10:50:01+02;1459
2015-05-31 12:34:01+02;1419
2015-05-31 13:30:01+02;1409
2015-05-31 17:34:01+02;1509
2015-06-01 06:50:01+02;1469
2015-06-01 07:22:01+02;1459
2015-06-01 09:14:01+02;1449
2015-06-01 11:50:01+02;1429
2015-06-01 12:22:01+02;1419
2015-06-01 12:38:01+02;1419
2015-06-01 14:02:01+02;1409
2015-06-01 21:06:01+02;1509
2015-06-02 06:46:01+02;1479
2015-06-02 08:30:01+02;1479
2015-06-02 08:54:01+02;1449
2015-06-02 11:02:01+02;1439
2015-06-02 13:26:01+02;1429
2015-06-02 16:02:01+02;1429
2015-06-02 21:10:01+02;1529
2015-06-03 07:02:01+02;1509
2015-06-03 07:06:01+02;1479
2015-06-03 09:14:01+02;1469
2015-06-03 10:46:01+02;1459
2015-06-03 13:18:01+02;1449
2015-06-03 15:02:01+02;1439
2015-06-03 15:18:01+02;1439
2015-06-03 15:42:01+02;1429
2015-06-03 21:06:01+02;1469
2015-06-04 11:50:01+02;1439
2015-06-04 12:26:01+02;1439
2015-06-04 13:26:01+02;1429
2015-06-04 15:30:01+02;1419
2015-06-04 17:06:01+02;1519
2015-06-05 07:02:01+02;1469
2015-06-05 10:30:01+02;1459
2015-06-05 12:26:01+02;1449
2015-06-05 13:54:01+02;1419
2015-06-05 15:18:01+02;1409
2015-06-05 21:06:01+02;1509
2015-06-06 07:34:01+02;1479
2015-06-06 09:34:01+02;1469
2015-06-06 11:02:01+02;1459
2015-06-06 11:54:01+02;1449
2015-06-06 13:30:01+02;1429
2015-06-06 14:18:01+02;1419
2015-06-06 15:26:01+02;1409
2015-06-06 18:18:01+02;1409
2015-06-06 20:10:01+02;1509
2015-06-07 09:02:01+02;1479
2015-06-07 11:02:01+02;1469
2015-06-07 12:58:01+02;1409
2015-06-07 15:30:01+02;1399
2015-06-07 17:18:01+02;1499
2015-06-08 06:58:01+02;1479
2015-06-08 10:18:01+02;1469
2015-06-08 11:42:01+02;1459
2015-06-08 13:10:01+02;1439
2015-06-08 13:22:01+02;1439
2015-06-08 14:34:01+02;1429
2015-06-08 14:54:01+02;1429
2015-06-08 17:42:01+02;1419
2015-06-08 18:30:01+02;1409
2015-06-08 21:06:01+02;1509
2015-06-09 06:54:01+02;1459
2015-06-09 09:30:01+02;1449
2015-06-09 11:06:01+02;1439
2015-06-09 13:30:01+02;1429
2015-06-09 15:30:01+02;1419
2015-06-09 21:06:01+02;1519
2015-06-10 06:50:01+02;1499
2015-06-10 07:14:01+02;1459
2015-06-10 09:14:01+02;1449
2015-06-10 10:50:01+02;1439
2015-06-10 13:18:01+02;1429
2015-06-10 13:34:01+02;1429
2015-06-10 13:46:01+02;1429
2015-06-10 15:14:01+02;1419
2015-06-10 18:26:01+02;1409
2015-06-10 20:30:01+02;1509
2015-06-11 01:30:01+02;1459
2015-06-11 09:30:01+02;1449
2015-06-11 10:54:01+02;1429
2015-06-11 13:30:01+02;1419
2015-06-11 15:38:01+02;1409
2015-06-11 21:26:01+02;1509
2015-06-12 06:58:01+02;1479
2015-06-12 07:14:01+02;1479
2015-06-12 09:22:01+02;1469
2015-06-12 10:46:01+02;1459
2015-06-12 13:22:01+02;1449
2015-06-12 13:58:01+02;1439
2015-06-12 14:38:01+02;1439
2015-06-12 21:10:01+02;1539
2015-06-13 07:46:01+02;1479
2015-06-13 08:54:01+02;1459
2015-06-13 10:22:01+02;1459
2015-06-13 11:50:01+02;1459
2015-06-13 13:30:01+02;1449
2015-06-13 15:10:01+02;1439
2015-06-13 15:30:01+02;1439
2015-06-13 15:58:01+02;1439
2015-06-13 16:50:01+02;1429
2015-06-13 20:14:01+02;1529
2015-06-14 09:02:01+02;1459
2015-06-14 11:06:01+02;1449
2015-06-14 13:18:01+02;1439
2015-06-14 15:38:01+02;1429
2015-06-14 17:18:01+02;1529
2015-06-15 06:54:01+02;1479
2015-06-15 08:42:01+02;1469
2015-06-15 10:46:01+02;1459
2015-06-15 11:54:01+02;1449
2015-06-15 12:46:01+02;1439
2015-06-15 13:10:01+02;1429
2015-06-15 14:30:01+02;1429
2015-06-16 06:58:01+02;1499
2015-06-16 07:06:01+02;1489
2015-06-16 07:26:01+02;1479
2015-06-16 09:30:01+02;1469
2015-06-16 11:10:01+02;1459
2015-06-16 13:02:01+02;1459
2015-06-16 13:30:01+02;1449
2015-06-16 14:30:01+02;1449
2015-06-16 15:14:01+02;1429
2015-06-16 21:06:01+02;1529
2015-06-17 06:50:01+02;1499
2015-06-17 07:46:01+02;1469
2015-06-17 10:42:01+02;1459
2015-06-17 12:46:01+02;1449
2015-06-17 13:30:01+02;1449
2015-06-17 14:18:01+02;1449
2015-06-17 15:02:01+02;1439
2015-06-17 15:14:01+02;1439
2015-06-17 16:02:01+02;1429
2015-06-17 17:14:01+02;1429
2015-06-17 21:22:01+02;1529
2015-06-18 06:50:01+02;1489
2015-06-18 09:30:01+02;1479
2015-06-18 10:34:01+02;1469
2015-06-18 10:58:02+02;1469
2015-06-18 13:30:01+02;1459
2015-06-18 13:34:01+02;1449
2015-06-18 14:22:01+02;1439
2015-06-18 15:42:01+02;1429
2015-06-18 21:06:01+02;1529
2015-06-19 06:50:01+02;1489
2015-06-19 09:14:01+02;1479
2015-06-19 10:22:01+02;1479
2015-06-19 10:46:01+02;1469
2015-06-19 11:18:01+02;1469
2015-06-19 12:46:01+02;1439
2015-06-19 12:50:01+02;1439
2015-06-19 13:02:01+02;1429
2015-06-19 15:18:01+02;1419
2015-06-19 16:30:01+02;1419
2015-06-19 18:10:01+02;1419
2015-06-19 21:14:01+02;1519
2015-06-20 07:46:01+02;1489
2015-06-20 09:30:01+02;1479
2015-06-20 10:58:01+02;1469
2015-06-20 13:26:01+02;1459
2015-06-20 15:26:01+02;1449
2015-06-20 17:10:01+02;1429
2015-06-20 18:14:01+02;1429
2015-06-20 18:26:01+02;1419
2015-06-20 21:34:01+02;1519
2015-06-21 08:46:01+02;1469
2015-06-21 11:14:01+02;1459
2015-06-21 12:46:01+02;1429
2015-06-21 15:26:01+02;1419
2015-06-21 20:06:01+02;1519
2015-06-22 06:54:01+02;1489
2015-06-22 07:26:01+02;1489
2015-06-22 09:18:01+02;1479
2015-06-22 10:46:01+02;1469
2015-06-22 11:30:01+02;1459
2015-06-22 11:34:01+02;1449
2015-06-22 13:18:01+02;1439
2015-06-22 15:22:01+02;1429
2015-06-22 22:18:01+02;1529
2015-06-23 06:54:01+02;1489
2015-06-23 09:30:01+02;1479
2015-06-23 11:14:01+02;1469
2015-06-23 11:54:01+02;1459
2015-06-23 13:38:01+02;1449
2015-06-23 14:26:01+02;1449
2015-06-23 14:46:01+02;1419
2015-06-23 15:34:01+02;1419
2015-06-23 16:54:01+02;1409
2015-06-23 17:22:01+02;1409
2015-06-23 18:18:01+02;1409
2015-06-23 21:34:01+02;1509
2015-06-24 06:54:01+02;1489
2015-06-24 09:14:01+02;1479
2015-06-24 10:46:01+02;1469
2015-06-24 10:54:01+02;1459
2015-06-24 11:54:01+02;1449
2015-06-24 14:18:01+02;1439
2015-06-24 14:50:01+02;1429
2015-06-24 16:30:01+02;1419
2015-06-24 17:18:01+02;1409
2015-06-24 21:06:01+02;1509
2015-06-25 06:50:01+02;1499
2015-06-25 07:18:01+02;1489
2015-06-25 09:30:01+02;1479
2015-06-25 11:02:01+02;1469
2015-06-25 11:22:01+02;1459
2015-06-25 13:46:01+02;1449
2015-06-25 14:30:01+02;1429
2015-06-25 15:02:01+02;1429
2015-06-25 15:50:01+02;1419
2015-06-25 21:18:01+02;1519
2015-06-26 06:50:01+02;1509
2015-06-26 08:10:01+02;1499
2015-06-26 08:38:01+02;1499
2015-06-26 10:42:01+02;1489
2015-06-26 12:58:01+02;1479
2015-06-26 13:18:01+02;1479
2015-06-26 13:42:01+02;1449
2015-06-26 14:10:01+02;1419
2015-06-26 21:34:01+02;1519
2015-06-27 07:46:01+02;1499
2015-06-27 09:22:01+02;1489
2015-06-27 11:02:01+02;1479
2015-06-27 12:26:01+02;1469
2015-06-27 13:26:01+02;1459
2015-06-27 13:34:01+02;1459
2015-06-27 13:46:01+02;1459
2015-06-27 14:22:01+02;1449
2015-06-27 14:58:01+02;1439
2015-06-27 15:14:01+02;1429
2015-06-27 15:58:01+02;1419
2015-06-27 21:06:01+02;1519
2015-06-28 08:50:01+02;1489
2015-06-28 09:50:01+02;1449
2015-06-28 12:38:01+02;1419
2015-06-28 13:34:01+02;1409
2015-06-28 18:06:01+02;1509
2015-06-29 06:54:01+02;1489
2015-06-29 06:58:01+02;1499
2015-06-29 07:06:01+02;1489
2015-06-29 07:14:01+02;1489
2015-06-29 09:18:01+02;1479
2015-06-29 10:46:01+02;1469
2015-06-29 13:26:01+02;1469
2015-06-29 13:34:01+02;1459
2015-06-29 14:50:01+02;1439
2015-06-29 15:58:01+02;1429
2015-06-29 17:14:01+02;1429
2015-06-29 17:18:01+02;1419
2015-06-29 21:34:01+02;1519
2015-06-30 06:58:01+02;1489
2015-06-30 09:30:01+02;1479
2015-06-30 10:58:01+02;1469
2015-06-30 13:34:01+02;1459
2015-06-30 14:42:01+02;1419
2015-06-30 15:42:01+02;1409
2015-06-30 22:06:01+02;1509
2015-07-01 06:54:01+02;1469
2015-07-01 10:46:01+02;1459
2015-07-01 10:58:01+02;1439
2015-07-01 11:14:01+02;1419
2015-07-01 21:34:01+02;1519
2015-07-02 06:50:01+02;1489
2015-07-02 09:30:01+02;1479
2015-07-02 10:58:01+02;1469
2015-07-02 11:02:01+02;1459
2015-07-02 11:38:01+02;1449
2015-07-02 13:34:01+02;1449
2015-07-02 14:18:01+02;1429
2015-07-02 15:14:01+02;1429
2015-07-02 15:30:01+02;1419
2015-07-02 18:18:01+02;1419
2015-07-02 21:34:01+02;1519
2015-07-03 06:50:01+02;1499
2015-07-03 09:18:01+02;1489
2015-07-03 10:42:01+02;1479
2015-07-03 13:22:01+02;1469
2015-07-03 14:34:01+02;1439
2015-07-03 15:10:01+02;1429
2015-07-03 16:54:01+02;1429
2015-07-03 18:18:01+02;1429
2015-07-03 21:34:01+02;1529
2015-07-04 07:42:01+02;1519
2015-07-04 07:46:01+02;1509
2015-07-04 07:58:02+02;1499
2015-07-04 09:38:01+02;1429
2015-07-04 16:02:01+02;1429
2015-07-04 23:06:01+02;1529
2015-07-05 08:46:02+02;1489
2015-07-05 08:50:01+02;1429
2015-07-05 13:38:01+02;1409
2015-07-05 18:06:01+02;1509
2015-07-05 20:06:01+02;1429
2015-07-05 20:18:01+02;1509
2015-07-06 06:42:01+02;1429
2015-07-06 11:22:01+02;1429
2015-07-06 13:18:01+02;1429
2015-07-06 16:22:01+02;1409
2015-07-06 21:06:01+02;1509
2015-07-07 06:46:01+02;1509
2015-07-07 07:06:01+02;1489
2015-07-07 09:30:01+02;1479
2015-07-07 10:58:01+02;1469
2015-07-07 13:34:01+02;1459
2015-07-07 14:30:01+02;1449
2015-07-07 15:30:01+02;1439
2015-07-07 17:06:01+02;1429
2015-07-07 19:22:01+02;1429
2015-07-07 19:42:01+02;1429
2015-07-07 21:06:01+02;1529
2015-07-08 06:50:01+02;1529
2015-07-08 08:02:01+02;1519
2015-07-08 09:14:01+02;1519
2015-07-08 10:50:01+02;1509
2015-07-08 13:14:01+02;1479
2015-07-08 13:22:01+02;1479
2015-07-08 14:26:01+02;1449
2015-07-08 14:34:01+02;1449
2015-07-08 15:34:01+02;1449
2015-07-08 17:58:01+02;1429
2015-07-08 18:02:01+02;1429
2015-07-08 19:30:01+02;1429
2015-07-08 21:34:01+02;1529
2015-07-09 06:50:01+02;1529
2015-07-09 06:58:01+02;1519
2015-07-09 09:30:01+02;1519
2015-07-09 10:58:01+02;1509
2015-07-09 14:22:01+02;1499
2015-07-09 15:30:01+02;1449
2015-07-09 15:46:01+02;1449
2015-07-09 17:46:01+02;1439
2015-07-09 19:42:01+02;1439
2015-07-09 21:34:01+02;1539
2015-07-10 06:46:01+02;1509
2015-07-10 07:02:01+02;1499
2015-07-10 07:42:01+02;1499
2015-07-10 09:10:01+02;1489
2015-07-10 09:30:01+02;1489
2015-07-10 10:50:01+02;1479
2015-07-10 13:54:01+02;1469
2015-07-10 14:30:01+02;1459
2015-07-10 15:18:01+02;1449
2015-07-10 17:46:01+02;1449
2015-07-10 21:34:01+02;1549
2015-07-11 07:50:01+02;1509
2015-07-11 09:30:01+02;1499
2015-07-11 11:02:01+02;1489
2015-07-11 14:06:01+02;1469
2015-07-11 14:26:01+02;1469
2015-07-11 15:30:01+02;1449
2015-07-11 20:34:01+02;1549
2015-07-12 08:46:01+02;1479
2015-07-12 11:06:01+02;1469
2015-07-12 15:30:01+02;1459
2015-07-12 18:06:01+02;1539
2015-07-13 06:50:01+02;1519
2015-07-13 07:26:01+02;1509
2015-07-13 07:38:01+02;1499
2015-07-13 09:18:01+02;1499
2015-07-13 10:42:01+02;1489
2015-07-13 12:42:01+02;1529
2015-07-13 13:06:01+02;1519
2015-07-13 13:22:01+02;1489
2015-07-13 14:30:01+02;1459
2015-07-13 15:30:01+02;1459
2015-07-13 16:58:01+02;1449
2015-07-13 19:46:01+02;1449
2015-07-13 21:34:01+02;1549
2015-07-14 06:54:01+02;1509
2015-07-14 07:14:01+02;1499
2015-07-14 09:34:01+02;1489
2015-07-14 12:30:01+02;1479
2015-07-14 12:46:01+02;1509
2015-07-14 14:02:02+02;1479
2015-07-14 15:30:01+02;1449
2015-07-14 15:34:01+02;1449
2015-07-14 18:06:01+02;1439
2015-07-14 18:10:01+02;1439
2015-07-14 20:02:01+02;1439
2015-07-14 21:18:01+02;1539
2015-07-15 06:58:01+02;1499
2015-07-15 07:30:01+02;1489
2015-07-15 10:22:01+02;1479
2015-07-15 12:50:01+02;1509
2015-07-15 14:06:01+02;1499
2015-07-15 14:22:01+02;1459
2015-07-15 15:02:01+02;1449
2015-07-15 17:22:01+02;1439
2015-07-15 17:58:01+02;1429
2015-07-15 19:50:01+02;1429
2015-07-15 21:18:01+02;1529
2015-07-16 07:02:01+02;1489
2015-07-16 07:26:01+02;1479
2015-07-16 10:34:01+02;1469
2015-07-16 12:50:01+02;1489
2015-07-16 14:06:01+02;1479
2015-07-16 14:30:01+02;1469
2015-07-16 15:14:01+02;1429
2015-07-16 18:58:01+02;1419
2015-07-16 21:22:01+02;1519
2015-07-17 07:30:01+02;1459
2015-07-17 10:42:01+02;1449
2015-07-17 12:58:01+02;1469
2015-07-17 13:38:01+02;1469
2015-07-17 14:10:01+02;1439
2015-07-17 15:22:01+02;1429
2015-07-17 16:46:01+02;1419
2015-07-17 17:26:01+02;1419
2015-07-17 18:30:01+02;1409
2015-07-17 21:18:01+02;1509
2015-07-18 07:54:01+02;1469
2015-07-18 09:30:01+02;1459
2015-07-18 09:50:02+02;1449
2015-07-18 10:30:01+02;1449
2015-07-18 12:50:01+02;1479
2015-07-18 13:30:01+02;1469
2015-07-18 13:38:02+02;1479
2015-07-18 14:02:01+02;1449
2015-07-18 14:14:01+02;1449
2015-07-18 15:18:01+02;1439
2015-07-18 15:34:01+02;1439
2015-07-18 18:22:01+02;1419
2015-07-18 18:58:01+02;1409
2015-07-18 20:34:01+02;1519
2015-07-19 08:58:01+02;1469
2015-07-19 09:30:01+02;1459
2015-07-19 11:22:01+02;1449
2015-07-19 13:02:01+02;1479
2015-07-19 13:34:01+02;1469
2015-07-19 13:54:01+02;1459
2015-07-19 14:18:01+02;1449
2015-07-19 15:10:01+02;1429
2015-07-19 20:06:01+02;1529
2015-07-20 06:46:01+02;1469
2015-07-20 10:42:01+02;1449
2015-07-20 12:38:01+02;1479
2015-07-20 12:54:01+02;1469
2015-07-20 13:54:01+02;1459
2015-07-20 15:02:01+02;1439
2015-07-20 15:46:01+02;1439
2015-07-20 17:46:01+02;1429
2015-07-20 18:06:01+02;1419
2015-07-20 18:38:01+02;1409
2015-07-20 19:10:01+02;1409
2015-07-20 20:46:01+02;1399
2015-07-20 21:34:01+02;1499
2015-07-21 06:50:01+02;1469
2015-07-21 07:30:01+02;1449
2015-07-21 11:02:01+02;1439
2015-07-21 11:50:01+02;1439
2015-07-21 12:54:01+02;1469
2015-07-21 14:02:01+02;1459
2015-07-21 14:14:01+02;1459
2015-07-21 15:06:01+02;1429
2015-07-21 18:06:01+02;1409
2015-07-21 19:42:01+02;1409
2015-07-21 19:50:01+02;1399
2015-07-21 21:18:01+02;1499
2015-07-22 06:50:01+02;1469
2015-07-22 09:26:01+02;1459
2015-07-22 10:30:01+02;1449
2015-07-22 10:42:01+02;1449
2015-07-22 11:42:01+02;1439
2015-07-22 12:46:01+02;1469
2015-07-22 13:30:01+02;1469
2015-07-22 13:58:01+02;1429
2015-07-22 15:30:01+02;1419
2015-07-22 17:38:01+02;1409
2015-07-22 22:58:01+02;1469
2015-07-23 06:50:01+02;1449
2015-07-23 09:34:01+02;1439
2015-07-23 11:02:01+02;1429
2015-07-23 12:42:01+02;1459
2015-07-23 13:22:01+02;1439
2015-07-23 14:14:01+02;1429
2015-07-23 14:46:01+02;1419
2015-07-23 15:34:01+02;1409
2015-07-23 18:34:01+02;1399
2015-07-23 18:58:01+02;1399
2015-07-23 19:46:01+02;1389
2015-07-23 21:34:01+02;1389
2015-07-24 06:50:01+02;1469
2015-07-24 07:02:01+02;1449
2015-07-24 09:34:01+02;1439
2015-07-24 11:18:01+02;1429
2015-07-24 12:34:01+02;1459
2015-07-24 12:50:01+02;1469
2015-07-24 13:14:01+02;1449
2015-07-24 14:54:01+02;1419
2015-07-24 15:06:01+02;1409
2015-07-24 15:58:01+02;1399
2015-07-24 17:30:01+02;1399
2015-07-24 19:26:01+02;1379
2015-07-24 21:18:01+02;1479
2015-07-25 07:46:01+02;1449
2015-07-25 08:18:01+02;1439
2015-07-25 09:38:01+02;1429
2015-07-25 11:02:01+02;1429
2015-07-25 13:34:01+02;1419
2015-07-25 14:14:01+02;1419
2015-07-25 15:42:01+02;1409
2015-07-25 18:26:01+02;1409
2015-07-25 20:18:01+02;1509
2015-07-26 08:46:01+02;1429
2015-07-26 16:06:01+02;1419
2015-07-26 16:14:01+02;1419
2015-07-26 17:18:01+02;1519
2015-07-27 06:50:01+02;1459
2015-07-27 07:42:01+02;1449
2015-07-27 08:18:01+02;1449
2015-07-27 10:46:01+02;1429
2015-07-27 11:18:01+02;1429
2015-07-27 12:42:01+02;1459
2015-07-27 12:58:01+02;1459
2015-07-27 13:06:01+02;1449
2015-07-27 13:22:01+02;1429
2015-07-27 14:26:01+02;1429
2015-07-27 14:34:01+02;1419
2015-07-27 16:02:01+02;1409
2015-07-27 17:58:01+02;1409
2015-07-27 18:14:01+02;1399
2015-07-27 21:22:01+02;1499
2015-07-28 06:54:01+02;1459
2015-07-28 07:50:01+02;1449
2015-07-28 09:26:01+02;1449
2015-07-28 10:26:01+02;1439
2015-07-28 10:58:01+02;1439
2015-07-28 12:06:01+02;1429
2015-07-28 12:14:01+02;1429
2015-07-28 12:42:01+02;1459
2015-07-28 13:02:01+02;1429
2015-07-28 13:58:01+02;1419
2015-07-28 14:18:01+02;1409
2015-07-28 14:30:01+02;1409
2015-07-28 15:30:01+02;1399
2015-07-28 18:54:01+02;1399
2015-07-28 19:14:02+02;1389
2015-07-28 21:22:01+02;1489
2015-07-29 06:50:01+02;1449
2015-07-29 07:38:01+02;1439
2015-07-29 10:30:01+02;1419
2015-07-29 11:58:01+02;1409
2015-07-29 12:26:01+02;1439
2015-07-29 13:14:02+02;1419
2015-07-29 14:14:01+02;1409
2015-07-29 15:18:01+02;1399
2015-07-29 17:34:01+02;1399
2015-07-29 21:34:01+02;1499
2015-07-30 06:50:01+02;1439
2015-07-30 09:30:01+02;1429
2015-07-30 11:02:01+02;1419
2015-07-30 12:46:01+02;1449
2015-07-30 13:42:01+02;1439
2015-07-30 14:50:01+02;1409
2015-07-30 15:34:01+02;1399
2015-07-30 19:02:01+02;1399
2015-07-30 21:34:01+02;1499
2015-07-31 06:54:01+02;1449
2015-07-31 09:38:01+02;1449
2015-07-31 10:14:01+02;1439
2015-07-31 10:50:01+02;1419
2015-07-31 11:42:01+02;1409
2015-07-31 12:34:01+02;1439
2015-07-31 13:10:01+02;1429
2015-07-31 13:34:01+02;1419
2015-07-31 14:46:01+02;1399
2015-07-31 15:46:01+02;1389
2015-07-31 19:46:01+02;1379
2015-07-31 21:34:01+02;1479
2015-08-01 07:34:01+02;1419
2015-08-01 07:50:01+02;1439
2015-08-01 07:58:01+02;1419
2015-08-01 10:58:01+02;1409
2015-08-01 11:58:01+02;1409
2015-08-01 12:30:01+02;1439
2015-08-01 13:14:01+02;1419
2015-08-01 14:58:01+02;1399
2015-08-01 15:06:01+02;1399
2015-08-01 17:38:01+02;1399
2015-08-01 17:50:01+02;1389
2015-08-01 20:34:01+02;1429
2015-08-02 10:58:01+02;1419
2015-08-02 11:02:01+02;1419
2015-08-02 15:06:01+02;1399
2015-08-02 17:34:01+02;1459
2015-08-03 06:50:01+02;1449
2015-08-03 07:42:01+02;1449
2015-08-03 09:34:01+02;1419
2015-08-03 10:26:01+02;1389
2015-08-03 12:42:01+02;1419
2015-08-03 13:58:01+02;1409
2015-08-03 15:18:01+02;1399
2015-08-03 18:30:01+02;1399
2015-08-03 19:02:01+02;1389
2015-08-03 21:34:01+02;1489
2015-08-04 06:50:02+02;1439
2015-08-04 09:34:01+02;1429
2015-08-04 11:02:01+02;1419
2015-08-04 12:34:01+02;1449
2015-08-04 13:14:01+02;1419
2015-08-04 13:26:01+02;1419
2015-08-04 14:42:01+02;1409
2015-08-04 15:18:01+02;1409
2015-08-04 18:30:01+02;1399
2015-08-04 18:58:01+02;1399
2015-08-04 19:06:01+02;1389
2015-08-04 21:34:01+02;1489
2015-08-05 06:58:01+02;1449
2015-08-05 07:26:01+02;1439
2015-08-05 09:14:01+02;1429
2015-08-05 11:30:01+02;1419
2015-08-05 12:38:01+02;1449
2015-08-05 13:42:01+02;1429
2015-08-05 14:10:01+02;1419
2015-08-05 14:34:01+02;1409
2015-08-05 15:22:01+02;1399
2015-08-05 15:26:01+02;1399
2015-08-05 17:38:01+02;1389
2015-08-05 17:42:01+02;1389
2015-08-05 19:06:01+02;1379
2015-08-05 21:34:01+02;1479
2015-08-06 06:58:01+02;1439
2015-08-06 07:22:01+02;1429
2015-08-06 09:34:01+02;1429
2015-08-06 09:54:01+02;1419
2015-08-06 11:02:01+02;1419
2015-08-06 11:22:01+02;1409
2015-08-06 12:34:01+02;1439
2015-08-06 13:30:01+02;1419
2015-08-06 14:58:01+02;1409
2015-08-06 17:30:01+02;1379
2015-08-06 21:34:01+02;1479
2015-08-07 06:46:01+02;1439
2015-08-07 07:50:01+02;1439
2015-08-07 11:02:01+02;1419
2015-08-07 11:34:01+02;1419
2015-08-07 11:50:02+02;1409
2015-08-07 12:50:01+02;1439
2015-08-07 13:26:01+02;1419
2015-08-07 14:30:01+02;1409
2015-08-07 15:30:01+02;1399
2015-08-07 18:02:01+02;1379
2015-08-07 21:34:01+02;1459
2015-08-08 07:38:01+02;1439
2015-08-08 07:58:01+02;1439
2015-08-08 08:14:01+02;1429
2015-08-08 11:02:01+02;1419
2015-08-08 12:42:01+02;1449
2015-08-08 12:58:01+02;1439
2015-08-08 13:30:02+02;1439
2015-08-08 14:26:01+02;1439
2015-08-08 14:38:01+02;1429
2015-08-08 14:58:01+02;1419
2015-08-08 17:30:01+02;1419
2015-08-08 18:02:01+02;1409
2015-08-08 18:06:01+02;1409
2015-08-08 18:14:01+02;1399
2015-08-08 18:18:01+02;1379
2015-08-08 18:58:01+02;1369
2015-08-08 21:06:01+02;1449
2015-08-09 09:10:01+02;1399
2015-08-09 11:06:01+02;1389
2015-08-09 15:22:01+02;1369
2015-08-09 18:06:01+02;1479
2015-08-10 06:46:01+02;1429
2015-08-10 06:58:01+02;1429
2015-08-10 07:18:01+02;1419
2015-08-10 09:14:01+02;1409
2015-08-10 10:42:01+02;1399
2015-08-10 12:30:01+02;1429
2015-08-10 12:46:01+02;1429
2015-08-10 12:58:01+02;1429
2015-08-10 13:26:01+02;1419
2015-08-10 13:46:01+02;1419
2015-08-10 13:50:01+02;1389
2015-08-10 14:10:01+02;1389
2015-08-10 18:38:01+02;1379
2015-08-10 18:46:01+02;1369
2015-08-10 19:30:01+02;1369
2015-08-10 21:34:01+02;1469
2015-08-11 06:58:01+02;1429
2015-08-11 08:06:01+02;1419
2015-08-11 09:30:01+02;1419
2015-08-11 09:34:01+02;1409
2015-08-11 10:54:01+02;1399
2015-08-11 11:50:01+02;1399
2015-08-11 12:30:01+02;1429
2015-08-11 13:30:01+02;1419
2015-08-11 14:30:01+02;1409
2015-08-11 14:46:01+02;1389
2015-08-11 15:22:01+02;1379
2015-08-11 17:58:01+02;1369
2015-08-11 21:18:01+02;1469
2015-08-12 06:50:01+02;1429
2015-08-12 07:50:01+02;1419
2015-08-12 09:06:01+02;1369
2015-08-12 12:22:01+02;1379
2015-08-12 12:30:01+02;1399
2015-08-12 13:02:01+02;1389
2015-08-12 14:26:01+02;1389
2015-08-12 14:38:01+02;1389
2015-08-12 15:50:01+02;1379
2015-08-12 16:54:01+02;1379
2015-08-12 17:58:01+02;1369
2015-08-12 19:50:01+02;1359
2015-08-12 22:02:01+02;1439
2015-08-13 07:14:01+02;1419
2015-08-13 07:26:01+02;1419
2015-08-13 09:34:01+02;1409
2015-08-13 11:26:01+02;1399
2015-08-13 12:30:01+02;1429
2015-08-13 12:58:01+02;1419
2015-08-13 13:02:01+02;1399
2015-08-13 14:34:01+02;1389
2015-08-13 16:22:01+02;1379
2015-08-13 18:06:01+02;1369
2015-08-13 19:18:01+02;1359
2015-08-13 21:22:01+02;1459
2015-08-14 06:50:01+02;1419
2015-08-14 06:58:01+02;1419
2015-08-14 07:42:01+02;1409
2015-08-14 10:02:01+02;1399
2015-08-14 11:26:01+02;1399
2015-08-14 11:38:01+02;1399
2015-08-14 12:10:01+02;1399
2015-08-14 14:22:01+02;1379
2015-08-14 16:34:01+02;1369
2015-08-14 17:30:01+02;1369
2015-08-14 17:34:01+02;1359
2015-08-14 19:54:01+02;1349
2015-08-14 21:34:01+02;1429
2015-08-15 07:54:01+02;1399
2015-08-15 09:34:01+02;1389
2015-08-15 11:02:01+02;1389
2015-08-15 11:46:01+02;1379
2015-08-15 12:34:02+02;1409
2015-08-15 13:34:01+02;1389
2015-08-15 16:02:01+02;1379
2015-08-15 16:06:01+02;1379
2015-08-15 18:02:01+02;1369
2015-08-15 18:10:01+02;1369
2015-08-15 18:46:01+02;1359
2015-08-15 19:14:01+02;1359
2015-08-15 20:18:01+02;1459
2015-08-16 08:50:01+02;1409
2015-08-16 09:30:01+02;1399
2015-08-16 09:46:01+02;1379
2015-08-16 15:22:01+02;1349
2015-08-16 17:34:01+02;1449
2015-08-17 06:54:01+02;1409
2015-08-17 07:34:01+02;1399
2015-08-17 09:14:01+02;1379
2015-08-17 12:34:01+02;1409
2015-08-17 13:34:01+02;1389
2015-08-17 14:30:01+02;1379
2015-08-17 14:42:01+02;1369
2015-08-17 16:34:01+02;1359
2015-08-17 18:38:01+02;1349
2015-08-17 21:18:01+02;1449
2015-08-18 06:50:01+02;1409
2015-08-18 07:18:01+02;1399
2015-08-18 09:26:01+02;1359
2015-08-18 10:54:01+02;1359
2015-08-18 11:18:01+02;1359
2015-08-18 12:50:01+02;1389
2015-08-18 13:22:01+02;1379
2015-08-18 13:30:01+02;1359
2015-08-18 13:46:01+02;1359
2015-08-18 14:30:01+02;1349
2015-08-18 15:30:01+02;1339
2015-08-18 19:58:01+02;1329
2015-08-18 21:34:01+02;1439
2015-08-19 06:46:01+02;1389
2015-08-19 09:14:01+02;1379
2015-08-19 10:42:01+02;1369
2015-08-19 11:38:01+02;1369
2015-08-19 12:14:01+02;1359
2015-08-19 12:34:01+02;1389
2015-08-19 14:10:01+02;1379
2015-08-19 14:26:01+02;1369
2015-08-19 15:14:01+02;1369
2015-08-19 15:58:01+02;1359
2015-08-19 16:30:01+02;1349
2015-08-19 19:10:01+02;1339
2015-08-19 19:30:01+02;1329
2015-08-19 21:22:01+02;1429
2015-08-20 06:58:01+02;1389
2015-08-20 07:38:01+02;1379
2015-08-20 09:30:01+02;1379
2015-08-20 09:54:01+02;1369
2015-08-20 10:22:01+02;1369
2015-08-20 12:38:01+02;1399
2015-08-20 13:46:01+02;1369
2015-08-20 13:54:01+02;1379
2015-08-20 14:06:01+02;1369
2015-08-20 14:14:01+02;1359
2015-08-20 15:30:01+02;1349
2015-08-20 18:10:01+02;1339
2015-08-20 18:30:01+02;1329
2015-08-20 19:58:01+02;1319
2015-08-20 21:34:01+02;1439
2015-08-21 06:50:02+02;1399
2015-08-21 06:54:01+02;1389
2015-08-21 07:02:01+02;1379
2015-08-21 09:14:01+02;1369
2015-08-21 09:46:01+02;1359
2015-08-21 12:34:01+02;1389
2015-08-21 12:58:01+02;1379
2015-08-21 13:06:01+02;1379
2015-08-21 13:46:01+02;1379
2015-08-21 14:14:01+02;1369
2015-08-21 14:30:01+02;1349
2015-08-21 14:34:01+02;1349
2015-08-21 15:18:01+02;1339
2015-08-21 17:10:01+02;1329
2015-08-21 17:58:01+02;1329
2015-08-21 18:22:01+02;1319
2015-08-21 21:34:01+02;1419
2015-08-22 07:46:01+02;1329
2015-08-22 12:30:01+02;1359
2015-08-22 13:50:01+02;1349
2015-08-22 14:14:01+02;1339
2015-08-22 15:30:01+02;1329
2015-08-22 20:34:01+02;1429
2015-08-23 08:50:01+02;1339
2015-08-23 15:26:01+02;1329
2015-08-23 17:18:01+02;1429
2015-08-24 06:46:01+02;1369
2015-08-24 07:34:01+02;1369
2015-08-24 09:14:01+02;1359
2015-08-24 10:02:01+02;1359
2015-08-24 10:34:01+02;1359
2015-08-24 10:50:01+02;1349
2015-08-24 11:46:01+02;1349
2015-08-24 12:34:01+02;1379
2015-08-24 12:50:01+02;1369
2015-08-24 13:42:01+02;1369
2015-08-24 13:50:01+02;1349
2015-08-24 14:30:01+02;1349
2015-08-24 15:26:01+02;1339
2015-08-24 16:30:01+02;1329
2015-08-24 17:46:01+02;1319
2015-08-24 21:34:01+02;1419
2015-08-25 06:58:01+02;1369
2015-08-25 07:30:01+02;1369
2015-08-25 09:38:01+02;1369
2015-08-25 10:06:01+02;1339
2015-08-25 11:42:01+02;1339
2015-08-25 12:30:01+02;1349
2015-08-25 13:06:01+02;1349
2015-08-25 13:42:01+02;1349
2015-08-25 14:18:01+02;1339
2015-08-25 14:26:01+02;1329
2015-08-25 15:34:01+02;1319
2015-08-25 18:46:01+02;1309
2015-08-25 19:42:01+02;1299
2015-08-25 21:18:01+02;1399
2015-08-26 00:26:01+02;1399
2015-08-26 00:42:01+02;1399
2015-08-26 06:50:01+02;1349
2015-08-26 07:30:02+02;1349
2015-08-26 09:18:01+02;1339
2015-08-26 10:14:01+02;1339
2015-08-26 10:42:01+02;1329
2015-08-26 12:34:01+02;1329
2015-08-26 12:38:01+02;1339
2015-08-26 13:42:01+02;1339
2015-08-26 14:14:01+02;1329
2015-08-26 15:14:01+02;1319
2015-08-26 15:38:01+02;1299
2015-08-26 18:14:02+02;1279
2015-08-26 19:34:01+02;1269
2015-08-26 19:42:01+02;1269
2015-08-26 21:34:01+02;1369
2015-08-27 06:46:01+02;1329
2015-08-27 09:30:01+02;1319
2015-08-27 09:34:01+02;1309
2015-08-27 11:30:01+02;1299
2015-08-27 12:42:01+02;1329
2015-08-27 13:42:01+02;1309
2015-08-27 14:22:01+02;1299
2015-08-27 15:30:01+02;1289
2015-08-27 17:06:01+02;1289
2015-08-27 18:30:01+02;1279
2015-08-27 18:34:01+02;1279
2015-08-27 20:10:01+02;1269
2015-08-27 21:34:01+02;1369
2015-08-28 06:50:01+02;1329
2015-08-28 07:50:01+02;1319
2015-08-28 08:14:01+02;1309
2015-08-28 10:30:01+02;1299
2015-08-28 11:42:01+02;1299
2015-08-28 12:34:01+02;1329
2015-08-28 12:58:01+02;1289
2015-08-28 13:06:01+02;1319
2015-08-28 13:10:01+02;1329
2015-08-28 14:02:01+02;1309
2015-08-28 14:26:01+02;1299
2015-08-28 16:14:01+02;1299
2015-08-28 16:18:01+02;1289
2015-08-28 18:02:01+02;1279
2015-08-28 18:18:01+02;1279
2015-08-28 18:54:01+02;1269
2015-08-28 21:34:01+02;1379
2015-08-29 07:46:01+02;1329
2015-08-29 09:30:02+02;1319
2015-08-29 11:02:01+02;1309
2015-08-29 12:34:01+02;1339
2015-08-29 13:34:01+02;1309
2015-08-29 15:26:02+02;1299
2015-08-29 18:22:01+02;1269
2015-08-29 18:42:01+02;1269
2015-08-29 20:34:01+02;1369
2015-08-30 08:58:01+02;1329
2015-08-30 10:34:01+02;1319
2015-08-30 13:50:01+02;1299
2015-08-30 14:14:01+02;1289
2015-08-30 14:22:01+02;1279
2015-08-30 15:54:01+02;1279
2015-08-30 17:34:01+02;1379
2015-08-31 05:02:01+02;1329
2015-08-31 06:58:01+02;1329
2015-08-31 10:46:01+02;1319
2015-08-31 11:10:01+02;1319
2015-08-31 12:34:01+02;1349
2015-08-31 13:46:01+02;1319
2015-08-31 15:22:01+02;1309
2015-08-31 15:38:01+02;1289
2015-08-31 18:46:01+02;1279
2015-08-31 21:34:01+02;1379
2015-09-01 06:54:01+02;1339
2015-09-01 09:30:01+02;1329
2015-09-01 10:42:01+02;1319
2015-09-01 12:34:01+02;1349
2015-09-01 13:18:01+02;1329
2015-09-01 14:10:01+02;1329
2015-09-01 14:46:01+02;1319
2015-09-01 15:26:01+02;1309
2015-09-01 16:22:01+02;1299
2015-09-01 16:30:01+02;1289
2015-09-01 21:34:01+02;1389
2015-09-02 06:38:01+02;1349
2015-09-02 07:42:01+02;1339
2015-09-02 09:14:01+02;1339
2015-09-02 09:46:01+02;1329
2015-09-02 10:50:01+02;1329
2015-09-02 12:14:01+02;1319
2015-09-02 12:38:01+02;1349
2015-09-02 13:02:01+02;1339
2015-09-02 13:50:01+02;1329
2015-09-02 14:54:01+02;1309
2015-09-02 18:02:01+02;1299
2015-09-02 18:26:01+02;1289
2015-09-02 21:06:01+02;1389
2015-09-03 07:02:01+02;1359
2015-09-03 07:14:01+02;1349
2015-09-03 07:18:01+02;1349
2015-09-03 07:30:01+02;1339
2015-09-03 07:34:01+02;1339
2015-09-03 09:34:01+02;1329
2015-09-03 09:38:01+02;1349
2015-09-03 09:46:01+02;1329
2015-09-03 11:30:01+02;1319
2015-09-03 12:34:01+02;1349
2015-09-03 13:10:01+02;1329
2015-09-03 13:22:01+02;1329
2015-09-03 14:02:01+02;1319
2015-09-03 14:18:01+02;1309
2015-09-03 15:34:01+02;1309
2015-09-03 15:46:01+02;1299
2015-09-03 16:34:01+02;1289
2015-09-03 18:10:01+02;1279
2015-09-03 21:34:01+02;1379
2015-09-04 06:42:01+02;1339
2015-09-04 07:34:01+02;1329
2015-09-04 09:14:01+02;1329
2015-09-04 10:14:01+02;1319
2015-09-04 10:46:01+02;1319
2015-09-04 12:18:01+02;1309
2015-09-04 12:26:01+02;1339
2015-09-04 13:30:01+02;1319
2015-09-04 15:14:01+02;1309
2015-09-04 15:46:02+02;1289
2015-09-04 18:10:02+02;1279
2015-09-04 21:30:01+02;1379
2015-09-05 07:46:01+02;1339
2015-09-05 10:58:02+02;1329
2015-09-05 12:46:01+02;1359
2015-09-05 13:38:01+02;1339
2015-09-05 13:46:01+02;1329
2015-09-05 14:10:01+02;1329
2015-09-05 14:38:01+02;1329
2015-09-05 15:34:01+02;1319
2015-09-05 16:42:01+02;1309
2015-09-05 18:06:01+02;1299
2015-09-05 18:14:01+02;1289
2015-09-05 20:18:01+02;1389
2015-09-06 08:58:01+02;1349
2015-09-06 09:22:01+02;1329
2015-09-06 14:02:01+02;1319
2015-09-06 15:26:01+02;1299
2015-09-06 17:34:01+02;1399
2015-09-07 06:54:01+02;1359
2015-09-07 07:02:01+02;1349
2015-09-07 08:14:01+02;1289
2015-09-07 12:38:01+02;1319
2015-09-07 13:06:01+02;1309
2015-09-07 13:42:01+02;1299
2015-09-07 13:46:01+02;1299
2015-09-07 15:18:01+02;1289
2015-09-07 15:30:01+02;1289
2015-09-07 16:58:01+02;1279
2015-09-07 21:34:01+02;1389
2015-09-08 06:50:01+02;1349
2015-09-08 06:58:01+02;1339
2015-09-08 09:34:01+02;1329
2015-09-08 10:58:01+02;1319
2015-09-08 11:58:01+02;1309
2015-09-08 12:42:01+02;1319
2015-09-08 13:58:01+02;1309
2015-09-08 14:38:01+02;1309
2015-09-08 15:34:01+02;1299
2015-09-08 17:30:01+02;1299
2015-09-08 19:18:01+02;1289
2015-09-08 21:34:01+02;1389
2015-09-09 06:50:01+02;1299
2015-09-09 09:10:02+02;1289
2015-09-09 09:58:01+02;1289
2015-09-09 11:42:01+02;1289
2015-09-09 13:26:01+02;1299
2015-09-09 13:38:01+02;1289
2015-09-09 13:58:01+02;1279
2015-09-09 16:26:01+02;1269
2015-09-09 21:34:01+02;1369
2015-09-10 06:50:01+02;1339
2015-09-10 09:26:01+02;1329
2015-09-10 09:42:01+02;1319
2015-09-10 12:42:01+02;1349
2015-09-10 13:46:01+02;1319
2015-09-10 14:30:01+02;1289
2015-09-10 17:26:01+02;1279
2015-09-10 21:34:01+02;1379
2015-09-11 07:10:01+02;1339
2015-09-11 07:18:01+02;1349
2015-09-11 07:34:01+02;1339
2015-09-11 07:54:01+02;1339
2015-09-11 09:14:01+02;1329
2015-09-11 10:46:01+02;1319
2015-09-11 11:46:01+02;1309
2015-09-11 12:38:01+02;1339
2015-09-11 13:42:01+02;1319
2015-09-11 14:58:01+02;1299
2015-09-11 18:18:01+02;1269
2015-09-11 21:34:01+02;1369
2015-09-12 07:42:01+02;1339
2015-09-12 07:50:01+02;1339
2015-09-12 09:30:01+02;1329
2015-09-12 10:02:01+02;1269
2015-09-12 10:06:01+02;1299
2015-09-12 10:46:01+02;1279
2015-09-12 12:34:01+02;1289
2015-09-12 13:46:01+02;1289
2015-09-12 14:02:01+02;1279
2015-09-12 15:38:01+02;1269
2015-09-12 20:34:01+02;1319
2015-09-13 10:58:01+02;1309
2015-09-13 13:38:01+02;1309
2015-09-13 13:58:02+02;1299
2015-09-13 14:18:01+02;1289
2015-09-13 14:42:01+02;1279
2015-09-13 15:30:01+02;1269
2015-09-13 17:18:01+02;1369
2015-09-14 06:50:01+02;1329
2015-09-14 09:14:01+02;1319
2015-09-14 09:22:01+02;1309
2015-09-14 09:30:01+02;1309
2015-09-14 09:58:01+02;1299
2015-09-14 12:10:01+02;1289
2015-09-14 12:34:01+02;1319
2015-09-14 14:26:01+02;1289
2015-09-14 15:14:01+02;1279
2015-09-14 18:10:01+02;1269
2015-09-14 21:34:01+02;1369
2015-09-15 06:50:01+02;1329
2015-09-15 08:26:01+02;1299
2015-09-15 10:58:01+02;1289
2015-09-15 11:54:01+02;1289
2015-09-15 12:34:01+02;1319
2015-09-15 13:42:01+02;1309
2015-09-15 13:58:01+02;1309
2015-09-15 14:14:01+02;1299
2015-09-15 14:30:01+02;1289
2015-09-15 15:34:01+02;1279
2015-09-15 16:26:01+02;1279
2015-09-15 19:22:01+02;1269
2015-09-15 21:18:01+02;1369
2015-09-16 06:58:01+02;1329
2015-09-16 07:34:01+02;1319
2015-09-16 10:34:01+02;1319
2015-09-16 10:42:01+02;1309
2015-09-16 10:46:01+02;1309
2015-09-16 12:34:01+02;1339
2015-09-16 13:50:01+02;1329
2015-09-16 14:02:01+02;1329
2015-09-16 14:46:01+02;1299
2015-09-16 15:26:01+02;1289
2015-09-16 18:18:01+02;1279
2015-09-16 19:34:01+02;1269
2015-09-16 21:22:01+02;1369
2015-09-17 06:58:01+02;1329
2015-09-17 10:10:01+02;1309
2015-09-17 11:42:01+02;1299
2015-09-17 12:34:01+02;1329
2015-09-17 13:50:01+02;1319
2015-09-17 15:02:01+02;1309
2015-09-17 15:30:01+02;1309
2015-09-17 16:34:01+02;1289
2015-09-17 17:34:01+02;1279
2015-09-17 19:02:02+02;1269
2015-09-17 19:58:01+02;1259
2015-09-17 21:34:01+02;1369
2015-09-18 06:58:01+02;1319
2015-09-18 09:14:01+02;1309
2015-09-18 10:26:01+02;1299
2015-09-18 10:42:01+02;1299
2015-09-18 11:50:01+02;1299
2015-09-18 12:38:01+02;1329
2015-09-18 13:42:01+02;1319
2015-09-18 13:54:01+02;1319
2015-09-18 15:18:01+02;1309
2015-09-18 15:26:01+02;1299
2015-09-18 16:26:01+02;1289
2015-09-18 17:54:01+02;1279
2015-09-18 18:06:01+02;1269
2015-09-18 19:06:01+02;1259
2015-09-18 21:34:01+02;1359
2015-09-19 07:46:01+02;1329
2015-09-19 08:46:01+02;1289
2015-09-19 08:54:01+02;1289
2015-09-19 10:58:01+02;1279
2015-09-19 12:34:01+02;1319
2015-09-19 13:38:01+02;1309
2015-09-19 13:58:01+02;1299
2015-09-19 14:34:01+02;1289
2015-09-19 17:54:01+02;1279
2015-09-19 20:18:01+02;1379
2015-09-20 08:58:01+02;1339
2015-09-20 09:06:01+02;1329
2015-09-20 09:26:01+02;1299
2015-09-20 11:02:01+02;1289
2015-09-20 14:26:01+02;1279
2015-09-20 15:42:01+02;1269
2015-09-20 17:34:01+02;1369
2015-09-21 06:50:01+02;1329
2015-09-21 09:14:01+02;1319
2015-09-21 10:26:01+02;1309
2015-09-21 10:42:02+02;1309
2015-09-21 11:42:01+02;1299
2015-09-21 12:34:01+02;1329
2015-09-21 13:46:01+02;1309
2015-09-21 14:22:01+02;1289
2015-09-21 14:46:01+02;1279
2015-09-21 17:46:01+02;1269
2015-09-21 21:34:01+02;1369
2015-09-22 06:54:01+02;1329
2015-09-22 07:26:01+02;1319
2015-09-22 09:38:01+02;1309
2015-09-22 10:34:01+02;1309
2015-09-22 11:50:01+02;1279
2015-09-22 12:34:01+02;1309
2015-09-22 12:38:01+02;1309
2015-09-22 13:42:01+02;1289
2015-09-22 14:30:01+02;1279
2015-09-22 18:54:01+02;1269
2015-09-22 21:18:01+02;1369
2015-09-23 06:54:01+02;1329
2015-09-23 06:58:01+02;1329
2015-09-23 07:54:01+02;1319
2015-09-23 10:54:01+02;1309
2015-09-23 12:02:01+02;1299
2015-09-23 12:30:01+02;1329
2015-09-23 14:02:01+02;1319
2015-09-23 15:14:01+02;1309
2015-09-23 15:38:01+02;1299
2015-09-23 16:46:01+02;1279
2015-09-23 18:42:01+02;1269
2015-09-23 21:34:01+02;1369
2015-09-24 06:50:01+02;1329
2015-09-24 09:26:01+02;1319
2015-09-24 09:58:01+02;1309
2015-09-24 10:22:01+02;1309
2015-09-24 10:34:01+02;1309
2015-09-24 11:50:01+02;1299
2015-09-24 12:34:01+02;1339
2015-09-24 12:42:01+02;1329
2015-09-24 13:46:01+02;1319
2015-09-24 13:50:01+02;1299
2015-09-24 15:34:01+02;1289
2015-09-24 21:34:01+02;1389
2015-09-25 06:54:01+02;1319
2015-09-25 07:02:01+02;1309
2015-09-25 10:22:01+02;1299
2015-09-25 11:42:01+02;1289
2015-09-25 12:34:01+02;1319
2015-09-25 13:26:01+02;1299
2015-09-25 13:54:01+02;1289
2015-09-25 15:14:01+02;1279
2015-09-25 16:26:01+02;1279
2015-09-25 21:18:01+02;1379
2015-09-26 07:50:01+02;1339
2015-09-26 09:26:01+02;1319
2015-09-26 10:58:01+02;1319
2015-09-26 11:30:01+02;1309
2015-09-26 12:34:01+02;1339
2015-09-26 13:06:01+02;1329
2015-09-26 14:02:01+02;1319
2015-09-26 14:46:01+02;1299
2015-09-26 15:30:01+02;1289
2015-09-26 17:38:01+02;1289
2015-09-26 18:02:01+02;1269
2015-09-26 20:34:02+02;1309
2015-09-27 13:58:01+02;1299
2015-09-27 15:30:01+02;1289
2015-09-27 17:18:01+02;1389
2015-09-28 06:50:01+02;1339
2015-09-28 07:18:01+02;1329
2015-09-28 07:46:01+02;1319
2015-09-28 09:18:01+02;1319
2015-09-28 10:06:01+02;1309
2015-09-28 10:42:01+02;1309
2015-09-28 11:50:01+02;1299
2015-09-28 12:46:01+02;1329
2015-09-28 13:06:01+02;1319
2015-09-28 13:50:01+02;1309
2015-09-28 15:18:01+02;1299
2015-09-28 17:42:01+02;1269
2015-09-28 21:34:01+02;1369
2015-09-29 06:46:01+02;1329
2015-09-29 07:22:01+02;1319
2015-09-29 09:26:01+02;1309
2015-09-29 10:58:01+02;1299
2015-09-29 12:50:01+02;1329
2015-09-29 13:30:01+02;1309
2015-09-29 13:58:01+02;1299
2015-09-29 14:30:01+02;1279
2015-09-29 18:30:01+02;1269
2015-09-29 18:42:01+02;1259
2015-09-29 21:34:01+02;1359
2015-09-30 06:58:01+02;1319
2015-09-30 07:30:01+02;1309
2015-09-30 09:18:01+02;1309
2015-09-30 09:42:01+02;1299
2015-09-30 10:46:01+02;1299
2015-09-30 11:34:01+02;1289
2015-09-30 12:34:01+02;1319
2015-09-30 13:34:01+02;1289
2015-09-30 14:34:01+02;1279
2015-09-30 14:58:01+02;1279
2015-09-30 16:10:02+02;1269
2015-09-30 17:54:01+02;1269
2015-09-30 18:02:01+02;1259
2015-09-30 19:26:01+02;1249
2015-10-01 02:06:01+02;1349
2015-10-01 06:50:01+02;1319
2015-10-01 07:30:01+02;1299
2015-10-01 09:26:01+02;1289
2015-10-01 09:58:01+02;1289
2015-10-01 11:30:02+02;1279
2015-10-01 11:34:01+02;1279
2015-10-01 12:06:01+02;1279
2015-10-01 12:34:01+02;1309
2015-10-01 13:34:01+02;1289
2015-10-01 14:42:01+02;1269
2015-10-01 18:02:01+02;1269
2015-10-01 18:54:01+02;1259
2015-10-02 02:06:01+02;1359
2015-10-02 06:50:02+02;1319
2015-10-02 07:18:01+02;1309
2015-10-02 09:14:01+02;1299
2015-10-02 10:58:01+02;1289
2015-10-02 12:02:01+02;1289
2015-10-02 12:34:01+02;1319
2015-10-02 13:06:01+02;1299
2015-10-02 13:18:01+02;1299
2015-10-02 14:34:01+02;1269
2015-10-02 19:54:01+02;1249
2015-10-03 02:06:01+02;1349
2015-10-03 08:42:01+02;1299
2015-10-03 10:58:01+02;1289
2015-10-03 14:06:01+02;1279
2015-10-03 14:22:01+02;1269
2015-10-03 15:26:01+02;1259
2015-10-04 02:06:01+02;1299
2015-10-04 10:58:01+02;1289
2015-10-04 13:58:01+02;1279
2015-10-04 14:42:01+02;1269
2015-10-05 02:06:01+02;1369
2015-10-05 06:50:01+02;1319
2015-10-05 07:22:01+02;1309
2015-10-05 09:14:01+02;1309
2015-10-05 10:38:01+02;1299
2015-10-05 10:42:01+02;1299
2015-10-05 11:46:01+02;1299
2015-10-05 12:38:01+02;1329
2015-10-05 13:46:01+02;1309
2015-10-05 13:54:01+02;1309
2015-10-05 14:18:01+02;1289
2015-10-05 15:50:01+02;1279
2015-10-05 17:34:01+02;1279
2015-10-05 18:06:01+02;1269
2015-10-05 18:30:01+02;1269
2015-10-05 19:30:01+02;1259
2015-10-05 21:22:01+02;1359
2015-10-06 06:54:01+02;1319
2015-10-06 07:18:01+02;1309
2015-10-06 09:30:01+02;1309
2015-10-06 10:58:01+02;1299
2015-10-06 11:30:01+02;1299
2015-10-06 12:34:01+02;1339
2015-10-06 12:38:01+02;1329
2015-10-06 13:30:01+02;1299
2015-10-06 14:46:01+02;1269
2015-10-06 18:58:01+02;1259
2015-10-07 02:06:01+02;1359
2015-10-07 06:46:01+02;1299
2015-10-07 09:14:01+02;1289
2015-10-07 10:42:01+02;1279
2015-10-07 12:30:01+02;1309
2015-10-07 13:30:01+02;1289
2015-10-07 13:42:01+02;1289
2015-10-07 14:42:01+02;1279
2015-10-07 15:46:01+02;1269
2015-10-07 19:34:01+02;1259
2015-10-07 21:34:01+02;1319
2015-10-08 09:30:01+02;1309
2015-10-08 10:58:01+02;1299
2015-10-08 12:30:01+02;1329
2015-10-08 13:22:01+02;1299
2015-10-08 13:58:01+02;1289
2015-10-08 15:30:01+02;1279
2015-10-08 18:42:02+02;1269
2015-10-09 02:06:01+02;1369
2015-10-09 06:58:01+02;1329
2015-10-09 08:06:01+02;1299
2015-10-09 10:42:01+02;1289
2015-10-09 12:34:01+02;1319
2015-10-09 13:30:01+02;1299
2015-10-09 14:46:01+02;1279
2015-10-09 19:26:01+02;1269
2015-10-10 02:06:01+02;1369
2015-10-10 07:46:01+02;1329
2015-10-10 09:26:01+02;1319
2015-10-10 10:18:01+02;1309
2015-10-10 11:14:01+02;1309
2015-10-10 12:50:01+02;1339
2015-10-10 13:42:01+02;1319
2015-10-10 15:26:01+02;1309
2015-10-10 16:06:01+02;1279
2015-10-10 16:50:01+02;1269
2015-10-10 21:06:02+02;1369
2015-10-11 08:54:01+02;1279
2015-10-11 09:06:01+02;1269
2015-10-11 12:38:01+02;1299
2015-10-11 14:02:01+02;1289
2015-10-11 14:26:01+02;1279
2015-10-11 14:42:01+02;1269
2015-10-12 02:06:01+02;1369
2015-10-12 06:58:01+02;1329
2015-10-12 07:30:01+02;1319
2015-10-12 09:10:01+02;1319
2015-10-12 09:58:01+02;1309
2015-10-12 10:46:01+02;1309
2015-10-12 11:26:01+02;1289
2015-10-12 12:26:01+02;1319
2015-10-12 13:18:01+02;1299
2015-10-12 15:10:01+02;1289
2015-10-12 18:18:01+02;1269
2015-10-12 20:18:01+02;1259
2015-10-12 21:22:01+02;1369
2015-10-13 07:06:01+02;1329
2015-10-13 07:18:01+02;1319
2015-10-13 09:26:01+02;1319
2015-10-13 10:18:01+02;1289
2015-10-13 12:34:01+02;1319
2015-10-13 13:18:02+02;1299
2015-10-13 13:58:01+02;1299
2015-10-13 14:02:01+02;1289
2015-10-13 15:30:01+02;1279
2015-10-13 18:22:01+02;1269
2015-10-13 19:42:01+02;1259
2015-10-13 21:34:01+02;1339
2015-10-14 06:50:01+02;1319
2015-10-14 09:22:01+02;1309
2015-10-14 10:06:01+02;1299
2015-10-14 11:38:01+02;1289
2015-10-14 11:50:01+02;1279
2015-10-14 12:30:01+02;1309
2015-10-14 13:22:01+02;1289
2015-10-14 14:22:01+02;1269
2015-10-14 15:18:01+02;1259
2015-10-14 18:14:01+02;1249
2015-10-14 19:42:01+02;1239
2015-10-15 02:06:01+02;1339
2015-10-15 06:58:01+02;1319
2015-10-15 07:06:01+02;1309
2015-10-15 07:18:01+02;1299
2015-10-15 09:30:01+02;1289
2015-10-15 10:58:01+02;1279
2015-10-15 11:42:01+02;1279
2015-10-15 12:26:01+02;1309
2015-10-15 13:26:01+02;1289
2015-10-15 13:54:01+02;1279
2015-10-15 14:38:01+02;1279
2015-10-15 14:42:01+02;1269
2015-10-15 15:30:01+02;1259
2015-10-15 17:46:01+02;1249
2015-10-15 19:46:01+02;1239
2015-10-16 02:06:01+02;1339
2015-10-16 06:50:02+02;1309
2015-10-16 07:26:01+02;1299
2015-10-16 10:06:01+02;1269
2015-10-16 12:26:01+02;1299
2015-10-16 12:54:01+02;1299
2015-10-16 13:26:01+02;1269
2015-10-16 14:30:01+02;1259
2015-10-16 14:50:01+02;1259
2015-10-16 15:10:01+02;1249
2015-10-16 16:14:01+02;1249
2015-10-16 19:18:01+02;1239
2015-10-16 21:18:01+02;1339
2015-10-17 07:54:01+02;1289
2015-10-17 10:30:01+02;1279
2015-10-17 12:38:01+02;1309
2015-10-17 13:02:01+02;1289
2015-10-17 13:58:01+02;1279
2015-10-17 14:30:01+02;1269
2015-10-17 15:30:01+02;1259
2015-10-17 16:02:01+02;1259
2015-10-17 16:30:01+02;1249
2015-10-17 20:34:01+02;1309
2015-10-18 08:58:01+02;1259
2015-10-18 12:38:01+02;1289
2015-10-18 13:30:01+02;1269
2015-10-18 13:42:01+02;1259
2015-10-18 15:22:01+02;1239
2015-10-18 17:34:01+02;1329
2015-10-19 06:50:01+02;1299
2015-10-19 08:14:01+02;1289
2015-10-19 09:10:01+02;1289
2015-10-19 10:42:01+02;1279
2015-10-19 11:26:01+02;1269
2015-10-19 12:38:01+02;1299
2015-10-19 13:18:01+02;1269
2015-10-19 14:46:01+02;1259
2015-10-19 18:26:01+02;1249
2015-10-19 18:58:01+02;1239
2015-10-20 02:06:01+02;1339
2015-10-20 06:46:01+02;1309
2015-10-20 07:30:01+02;1299
2015-10-20 09:30:01+02;1289
2015-10-20 10:46:01+02;1289
2015-10-20 11:38:01+02;1269
2015-10-20 12:46:01+02;1299
2015-10-20 13:34:01+02;1269
2015-10-20 14:42:01+02;1259
2015-10-20 15:30:01+02;1249
2015-10-20 17:14:01+02;1249
2015-10-20 18:02:01+02;1239
2015-10-20 19:42:01+02;1239
2015-10-21 02:06:01+02;1339
2015-10-21 06:50:01+02;1299
2015-10-21 07:30:01+02;1289
2015-10-21 09:50:01+02;1279
2015-10-21 10:18:01+02;1279
2015-10-21 11:38:01+02;1269
2015-10-21 12:34:01+02;1299
2015-10-21 13:10:01+02;1269
2015-10-21 13:42:01+02;1259
2015-10-21 14:34:01+02;1249
2015-10-21 16:50:01+02;1239
2015-10-21 18:34:01+02;1229
2015-10-21 21:22:01+02;1329
2015-10-22 06:46:01+02;1289
2015-10-22 07:10:01+02;1279
2015-10-22 09:50:01+02;1269
2015-10-22 10:58:01+02;1269
2015-10-22 11:22:01+02;1259
2015-10-22 12:38:01+02;1289
2015-10-22 12:54:01+02;1289
2015-10-22 13:02:01+02;1269
2015-10-22 14:14:01+02;1259
2015-10-22 14:42:01+02;1249
2015-10-22 15:38:01+02;1239
2015-10-22 17:58:01+02;1239
2015-10-22 19:02:01+02;1229
2015-10-23 02:06:01+02;1329
2015-10-23 06:50:01+02;1299
2015-10-23 07:14:01+02;1289
2015-10-23 07:34:01+02;1279
2015-10-23 09:18:01+02;1279
2015-10-23 10:42:01+02;1269
2015-10-23 11:58:01+02;1259
2015-10-23 12:34:01+02;1289
2015-10-23 13:10:01+02;1279
2015-10-23 13:26:01+02;1269
2015-10-23 15:14:01+02;1259
2015-10-23 18:50:01+02;1229
2015-10-23 19:54:01+02;1219
2015-10-24 02:06:01+02;1319
2015-10-24 07:42:01+02;1289
2015-10-24 09:26:01+02;1279
2015-10-24 10:22:01+02;1279
2015-10-24 10:46:01+02;1269
2015-10-24 12:22:01+02;1259
2015-10-24 12:26:01+02;1289
2015-10-24 13:46:01+02;1269
2015-10-24 14:46:01+02;1259
2015-10-24 15:50:01+02;1249
2015-10-24 15:58:01+02;1249
2015-10-24 16:58:01+02;1239
2015-10-24 18:54:01+02;1229
2015-10-25 02:06:01+02;1269
2015-10-25 11:06:01+01;1259
2015-10-25 13:58:01+01;1249
2015-10-25 14:06:01+01;1249
2015-10-25 14:22:01+01;1239
2015-10-25 14:38:01+01;1229
2015-10-25 18:22:01+01;1329
2015-10-26 06:54:01+01;1299
2015-10-26 09:14:01+01;1289
2015-10-26 09:58:01+01;1279
2015-10-26 12:22:01+01;1279
2015-10-26 12:26:01+01;1309
2015-10-26 13:26:01+01;1289
2015-10-26 13:50:01+01;1259
2015-10-26 14:50:01+01;1239
2015-10-26 18:06:01+01;1229
2015-10-27 03:06:01+01;1329
2015-10-27 06:46:01+01;1299
2015-10-27 09:34:01+01;1289
2015-10-27 11:02:02+01;1279
2015-10-27 12:02:01+01;1279
2015-10-27 12:42:01+01;1309
2015-10-27 13:14:01+01;1289
2015-10-27 13:42:01+01;1289
2015-10-27 14:26:01+01;1269
2015-10-27 14:34:01+01;1259
2015-10-27 15:26:02+01;1249
2015-10-27 16:46:01+01;1249
2015-10-27 17:30:01+01;1239
2015-10-28 02:06:01+01;1339
2015-10-28 06:50:01+01;1299
2015-10-28 09:14:01+01;1289
2015-10-28 09:46:01+01;1269
2015-10-28 12:30:02+01;1299
2015-10-28 13:42:01+01;1289
2015-10-28 14:18:01+01;1269
2015-10-28 15:14:01+01;1259
2015-10-28 17:30:01+01;1249
2015-10-28 18:02:01+01;1239
2015-10-28 19:54:01+01;1229
2015-10-28 21:34:01+01;1299
2015-10-29 07:18:01+01;1289
2015-10-29 10:30:01+01;1269
2015-10-29 11:46:01+01;1249
2015-10-29 12:38:01+01;1279
2015-10-29 13:34:01+01;1269
2015-10-29 13:42:01+01;1259
2015-10-29 14:42:01+01;1249
2015-10-29 17:58:01+01;1239
2015-10-30 04:06:01+01;1299
2015-10-30 09:30:01+01;1289
2015-10-30 10:42:01+01;1279
2015-10-30 11:02:01+01;1269
2015-10-30 12:38:01+01;1299
2015-10-30 13:26:01+01;1279
2015-10-30 14:38:01+01;1269
2015-10-30 15:18:01+01;1259
2015-10-30 18:10:01+01;1249
2015-10-31 04:06:01+01;1319
2015-10-31 07:58:01+01;1299
2015-10-31 08:50:01+01;1289
2015-10-31 08:58:01+01;1269
2015-10-31 12:34:01+01;1299
2015-10-31 13:38:01+01;1269
2015-10-31 14:42:01+01;1259
2015-10-31 17:30:01+01;1249
2015-10-31 17:38:01+01;1239
2015-11-01 04:06:01+01;1289
2015-11-01 09:22:01+01;1269
2015-11-01 14:58:01+01;1259
2015-11-01 15:34:01+01;1249
2015-11-02 04:06:01+01;1319
2015-11-02 06:54:01+01;1299
2015-11-02 10:26:01+01;1289
2015-11-02 11:50:01+01;1269
2015-11-02 12:42:01+01;1299
2015-11-02 13:02:01+01;1299
2015-11-02 13:30:01+01;1279
2015-11-02 14:34:01+01;1269
2015-11-02 14:42:01+01;1269
2015-11-02 16:02:01+01;1259
2015-11-03 02:06:01+01;1359
2015-11-03 06:54:01+01;1319
2015-11-03 07:46:01+01;1299
2015-11-03 11:02:01+01;1289
2015-11-03 12:34:01+01;1319
2015-11-03 13:22:01+01;1309
2015-11-03 13:26:01+01;1299
2015-11-03 15:30:01+01;1289
2015-11-03 16:30:01+01;1279
2015-11-03 16:46:01+01;1269
2015-11-03 17:22:01+01;1259
2015-11-03 17:50:01+01;1259
2015-11-04 04:06:01+01;1359
2015-11-04 06:50:01+01;1299
2015-11-04 10:46:01+01;1289
2015-11-04 11:58:01+01;1279
2015-11-04 12:34:01+01;1309
2015-11-04 13:26:01+01;1299
2015-11-04 13:54:01+01;1299
2015-11-04 14:50:01+01;1289
2015-11-04 15:14:01+01;1289
2015-11-04 15:38:01+01;1269
2015-11-04 17:54:01+01;1259
2015-11-05 04:06:01+01;1359
2015-11-05 06:50:01+01;1299
2015-11-05 06:58:01+01;1299
2015-11-05 10:46:01+01;1279
2015-11-05 12:42:01+01;1309
2015-11-05 13:38:01+01;1289
2015-11-05 16:34:01+01;1279
2015-11-05 17:34:01+01;1279
2015-11-05 19:22:01+01;1269
2015-11-06 02:06:01+01;1369
2015-11-06 06:50:01+01;1309
2015-11-06 09:14:01+01;1299
2015-11-06 10:42:01+01;1289
2015-11-06 12:30:01+01;1319
2015-11-06 13:18:01+01;1309
2015-11-06 13:30:01+01;1299
2015-11-06 13:46:01+01;1279
2015-11-06 14:34:01+01;1279
2015-11-06 14:42:01+01;1279
2015-11-06 18:10:01+01;1269
2015-11-07 02:06:01+01;1369
2015-11-07 07:58:01+01;1309
2015-11-07 09:46:01+01;1309
2015-11-07 10:58:01+01;1299
2015-11-07 11:30:01+01;1279
2015-11-07 12:34:01+01;1309
2015-11-07 13:30:01+01;1279
2015-11-07 14:02:01+01;1279
2015-11-07 15:38:01+01;1269
2015-11-07 17:02:01+01;1269
2015-11-08 02:06:01+01;1369
2015-11-08 08:50:01+01;1309
2015-11-08 10:58:01+01;1309
2015-11-08 12:54:01+01;1339
2015-11-08 13:14:01+01;1319
2015-11-08 13:18:01+01;1309
2015-11-08 13:58:01+01;1299
2015-11-08 14:58:01+01;1279
2015-11-08 15:06:01+01;1279
2015-11-08 16:38:01+01;1259
2015-11-09 02:06:01+01;1379
2015-11-09 06:06:01+01;1279
2015-11-09 12:34:01+01;1309
2015-11-09 13:02:01+01;1289
2015-11-09 13:30:01+01;1289
2015-11-09 15:06:01+01;1269
2015-11-09 18:34:01+01;1269
2015-11-10 02:06:01+01;1369
2015-11-10 07:06:01+01;1309
2015-11-10 10:06:01+01;1309
2015-11-10 11:02:01+01;1299
2015-11-10 12:02:01+01;1299
2015-11-10 12:34:01+01;1329
2015-11-10 13:10:01+01;1299
2015-11-10 13:58:01+01;1299
2015-11-10 15:30:01+01;1299
2015-11-10 17:30:01+01;1289
2015-11-10 18:34:01+01;1279
2015-11-11 02:06:01+01;1379
2015-11-11 06:46:01+01;1339
2015-11-11 07:06:01+01;1319
2015-11-11 08:30:02+01;1299
2015-11-11 10:46:01+01;1299
2015-11-11 12:38:01+01;1329
2015-11-11 13:22:01+01;1299
2015-11-11 13:42:01+01;1299
2015-11-11 17:54:01+01;1289
2015-11-11 17:58:01+01;1279
2015-11-11 19:38:01+01;1269
2015-11-12 06:02:01+01;1319
2015-11-12 07:14:01+01;1319
2015-11-12 09:26:01+01;1309
2015-11-12 11:02:01+01;1299
2015-11-12 12:30:02+01;1329
2015-11-12 13:46:01+01;1309
2015-11-12 14:42:01+01;1299
2015-11-12 14:46:01+01;1299
2015-11-12 15:10:01+01;1289
2015-11-12 17:30:01+01;1279
2015-11-13 02:06:01+01;1359
2015-11-13 06:50:01+01;1329
2015-11-13 06:58:01+01;1319
2015-11-13 07:54:01+01;1319
2015-11-13 09:14:01+01;1309
2015-11-13 10:14:01+01;1309
2015-11-13 10:46:01+01;1299
2015-11-13 11:18:01+01;1299
2015-11-13 11:46:01+01;1289
2015-11-13 12:42:01+01;1319
2015-11-13 13:30:01+01;1299
2015-11-13 14:38:01+01;1289
2015-11-13 15:14:01+01;1279
2015-11-13 18:22:01+01;1269
2015-11-14 02:06:01+01;1349
2015-11-14 07:42:01+01;1319
2015-11-14 08:22:01+01;1289
2015-11-14 11:46:01+01;1269
2015-11-14 12:38:01+01;1299
2015-11-14 13:30:01+01;1269
2015-11-14 13:34:01+01;1279
2015-11-14 14:02:02+01;1269
2015-11-14 15:30:01+01;1259
2015-11-14 16:06:01+01;1259
2015-11-14 20:34:01+01;1329
2015-11-15 08:54:01+01;1309
2015-11-15 09:30:01+01;1299
2015-11-15 10:38:01+01;1299
2015-11-15 10:58:01+01;1289
2015-11-15 13:42:01+01;1289
2015-11-15 13:58:01+01;1279
2015-11-15 14:30:01+01;1259
2015-11-15 17:06:01+01;1359
2015-11-16 06:46:01+01;1319
2015-11-16 07:26:01+01;1309
2015-11-16 07:50:01+01;1299
2015-11-16 10:42:01+01;1289
2015-11-16 12:38:01+01;1319
2015-11-16 13:26:01+01;1299
2015-11-16 14:26:01+01;1289
2015-11-16 15:14:01+01;1279
2015-11-16 16:30:01+01;1269
2015-11-16 17:22:01+01;1269
2015-11-16 18:02:01+01;1249
2015-11-17 02:06:01+01;1349
2015-11-17 06:50:01+01;1309
2015-11-17 07:18:01+01;1299
2015-11-17 07:42:01+01;1289
2015-11-17 10:14:01+01;1269
2015-11-17 12:26:01+01;1299
2015-11-17 13:22:01+01;1279
2015-11-17 13:30:01+01;1269
2015-11-17 15:30:01+01;1259
2015-11-17 18:54:01+01;1249
2015-11-18 02:06:01+01;1349
2015-11-18 06:46:01+01;1309
2015-11-18 07:18:01+01;1299
2015-11-18 08:10:01+01;1289
2015-11-18 08:18:01+01;1289
2015-11-18 10:42:01+01;1279
2015-11-18 10:46:01+01;1279
2015-11-18 11:22:01+01;1269
2015-11-18 12:34:01+01;1299
2015-11-18 13:02:01+01;1289
2015-11-18 13:26:01+01;1279
2015-11-18 14:34:01+01;1259
2015-11-18 16:10:01+01;1249
2015-11-18 18:26:01+01;1239
2015-11-19 02:06:01+01;1339
2015-11-19 06:50:01+01;1299
2015-11-19 07:58:01+01;1279
2015-11-19 12:34:01+01;1309
2015-11-19 15:02:01+01;1259
2015-11-19 16:14:01+01;1249
2015-11-19 17:46:01+01;1239
2015-11-19 21:34:01+01;1329
2015-11-20 06:50:01+01;1309
2015-11-20 08:10:01+01;1299
2015-11-20 08:22:01+01;1299
2015-11-20 09:54:01+01;1289
2015-11-20 10:30:01+01;1279
2015-11-20 11:02:01+01;1269
2015-11-20 11:54:01+01;1259
2015-11-20 12:34:01+01;1289
2015-11-20 13:26:01+01;1269
2015-11-20 13:50:01+01;1259
2015-11-20 14:54:01+01;1249
2015-11-20 17:46:01+01;1239
2015-11-21 04:06:01+01;1339
2015-11-21 07:46:01+01;1309
2015-11-21 08:42:01+01;1289
2015-11-21 09:18:01+01;1279
2015-11-21 11:42:01+01;1269
2015-11-21 12:34:01+01;1299
2015-11-21 13:58:01+01;1289
2015-11-21 14:06:01+01;1279
2015-11-21 15:06:01+01;1259
2015-11-21 16:58:02+01;1249
2015-11-21 18:54:01+01;1239
2015-11-21 20:34:01+01;1319
2015-11-22 08:50:01+01;1309
2015-11-22 09:26:01+01;1299
2015-11-22 09:46:01+01;1279
2015-11-22 13:18:01+01;1269
2015-11-22 13:58:01+01;1259
2015-11-22 15:18:01+01;1239
2015-11-23 02:06:02+01;1339
2015-11-23 06:46:01+01;1309
2015-11-23 09:14:01+01;1299
2015-11-23 10:38:01+01;1289
2015-11-23 11:10:01+01;1279
2015-11-23 12:34:01+01;1309
2015-11-23 13:14:01+01;1299
2015-11-23 13:38:01+01;1289
2015-11-23 14:42:01+01;1269
2015-11-23 15:10:01+01;1259
2015-11-23 17:42:01+01;1249
2015-11-23 19:54:01+01;1239
2015-11-24 02:06:01+01;1339
2015-11-24 06:50:01+01;1309
2015-11-24 08:38:01+01;1269
2015-11-24 09:14:01+01;1269
2015-11-24 10:58:01+01;1259
2015-11-24 12:38:01+01;1289
2015-11-24 13:30:01+01;1279
2015-11-24 14:02:01+01;1269
2015-11-24 14:22:01+01;1269
2015-11-24 15:26:01+01;1259
2015-11-24 15:54:01+01;1249
2015-11-24 18:22:01+01;1239
2015-11-25 02:06:01+01;1339
2015-11-25 06:58:01+01;1299
2015-11-25 08:02:01+01;1279
2015-11-25 10:46:01+01;1269
2015-11-25 12:34:01+01;1299
2015-11-25 13:38:01+01;1279
2015-11-25 14:34:01+01;1259
2015-11-25 15:50:01+01;1259
2015-11-25 17:26:01+01;1249
2015-11-25 18:18:01+01;1239
2015-11-26 02:06:01+01;1339
2015-11-26 06:50:01+01;1309
2015-11-26 08:46:01+01;1279
2015-11-26 11:02:01+01;1269
2015-11-26 12:30:01+01;1299
2015-11-26 13:34:01+01;1269
2015-11-26 13:58:01+01;1269
2015-11-26 15:30:01+01;1269
2015-11-27 02:06:01+01;1369
2015-11-27 06:50:01+01;1329
2015-11-27 07:26:01+01;1309
2015-11-27 09:14:01+01;1299
2015-11-27 09:22:01+01;1299
2015-11-27 10:46:01+01;1289
2015-11-27 11:18:01+01;1289
2015-11-27 12:54:01+01;1259
2015-11-27 13:46:01+01;1259
2015-11-27 14:54:01+01;1249
2015-11-28 02:06:01+01;1349
2015-11-28 07:50:01+01;1309
2015-11-28 08:10:01+01;1309
2015-11-28 09:22:01+01;1299
2015-11-28 09:54:01+01;1289
2015-11-28 11:30:01+01;1269
2015-11-28 12:30:01+01;1299
2015-11-28 13:26:01+01;1299
2015-11-28 13:30:01+01;1279
2015-11-28 13:46:01+01;1279
2015-11-28 14:38:01+01;1269
2015-11-28 16:34:01+01;1259
2015-11-29 02:06:01+01;1359
2015-11-29 08:50:01+01;1319
2015-11-29 09:22:01+01;1289
2015-11-29 13:54:01+01;1279
2015-11-29 15:30:01+01;1249
2015-11-30 02:06:01+01;1349
2015-11-30 06:50:01+01;1309
2015-11-30 07:58:01+01;1299
2015-11-30 08:22:01+01;1289
2015-11-30 08:26:01+01;1299
2015-11-30 08:50:01+01;1289
2015-11-30 10:42:01+01;1279
2015-11-30 12:42:01+01;1309
2015-11-30 13:50:01+01;1289
2015-11-30 15:14:01+01;1279
2015-11-30 17:18:01+01;1259
2015-11-30 18:38:01+01;1249
2015-11-30 20:02:01+01;1239
2015-12-01 00:42:01+01;1239
2015-12-01 02:06:01+01;1339
2015-12-01 06:50:01+01;1319
2015-12-01 07:34:01+01;1289
2015-12-01 08:34:02+01;1279
2015-12-01 10:58:01+01;1269
2015-12-01 12:34:01+01;1299
2015-12-01 13:58:01+01;1289
2015-12-01 14:38:01+01;1289
2015-12-01 14:46:01+01;1279
2015-12-01 16:42:01+01;1269
2015-12-01 17:34:01+01;1269
2015-12-01 19:02:01+01;1259
2015-12-01 22:34:01+01;1359
2015-12-02 06:42:01+01;1319
2015-12-02 09:14:01+01;1309
2015-12-02 10:42:01+01;1299
2015-12-02 10:46:01+01;1289
2015-12-02 12:34:01+01;1319
2015-12-02 13:06:01+01;1289
2015-12-02 13:46:01+01;1279
2015-12-02 14:18:01+01;1269
2015-12-02 15:50:01+01;1259
2015-12-02 16:46:01+01;1249
2015-12-02 21:34:01+01;1349
2015-12-03 06:54:01+01;1309
2015-12-03 07:22:01+01;1279
2015-12-03 11:10:01+01;1269
2015-12-03 12:34:01+01;1299
2015-12-03 13:06:01+01;1279
2015-12-03 13:54:01+01;1269
2015-12-03 14:42:01+01;1259
2015-12-03 15:22:01+01;1259
2015-12-03 16:30:01+01;1249
2015-12-03 17:46:01+01;1249
2015-12-03 19:58:01+01;1239
2015-12-03 21:34:01+01;1339
2015-12-04 06:50:01+01;1299
2015-12-04 07:50:01+01;1279
2015-12-04 10:46:01+01;1269
2015-12-04 12:34:01+01;1299
2015-12-04 13:18:01+01;1279
2015-12-04 14:18:01+01;1269
2015-12-04 14:38:01+01;1259
2015-12-04 16:10:01+01;1249
2015-12-04 16:34:01+01;1239
2015-12-04 22:06:01+01;1339
2015-12-05 07:42:01+01;1299
2015-12-05 08:14:01+01;1289
2015-12-05 08:38:01+01;1279
2015-12-05 09:46:01+01;1269
2015-12-05 09:58:01+01;1259
2015-12-05 11:30:01+01;1259
2015-12-05 11:50:01+01;1249
2015-12-05 11:58:01+01;1249
2015-12-05 12:34:01+01;1279
2015-12-05 13:10:01+01;1249
2015-12-05 13:54:01+01;1239
2015-12-05 16:30:01+01;1229
2015-12-06 02:06:01+01;1329
2015-12-06 08:50:01+01;1279
2015-12-06 08:58:01+01;1269
2015-12-06 09:26:01+01;1249
2015-12-06 14:26:01+01;1229
2015-12-06 14:50:01+01;1219
2015-12-06 18:06:01+01;1319
2015-12-07 06:46:01+01;1279
2015-12-07 09:42:01+01;1269
2015-12-07 10:46:01+01;1259
2015-12-07 11:30:01+01;1249
2015-12-07 12:30:01+01;1279
2015-12-07 13:30:01+01;1259
2015-12-07 14:42:01+01;1239
2015-12-07 17:30:01+01;1229
2015-12-07 17:46:01+01;1219
2015-12-08 02:06:01+01;1319
2015-12-08 06:50:01+01;1279
2015-12-08 08:58:01+01;1279
2015-12-08 09:42:01+01;1269
2015-12-08 10:18:01+01;1249
2015-12-08 11:30:01+01;1229
2015-12-08 12:38:01+01;1259
2015-12-08 13:10:01+01;1249
2015-12-08 13:34:01+01;1239
2015-12-08 14:18:01+01;1239
2015-12-08 15:58:01+01;1229
2015-12-08 17:26:01+01;1219
2015-12-09 02:06:01+01;1319
2015-12-09 06:42:01+01;1279
2015-12-09 07:26:01+01;1269
2015-12-09 08:06:01+01;1259
2015-12-09 10:06:01+01;1249
2015-12-09 10:22:01+01;1239
2015-12-09 11:46:01+01;1239
2015-12-09 12:34:01+01;1269
2015-12-09 13:30:01+01;1249
2015-12-09 13:50:01+01;1239
2015-12-09 14:14:01+01;1229
2015-12-09 15:18:01+01;1229
2015-12-09 15:30:01+01;1219
2015-12-09 16:22:01+01;1219
2015-12-09 16:54:01+01;1209
2015-12-09 17:30:01+01;1209
2015-12-09 18:46:01+01;1199
2015-12-09 21:34:01+01;1299
2015-12-10 06:50:01+01;1269
2015-12-10 08:14:01+01;1269
2015-12-10 08:46:01+01;1249
2015-12-10 10:50:01+01;1239
2015-12-10 12:34:01+01;1269
2015-12-10 13:26:01+01;1249
2015-12-10 13:30:01+01;1239
2015-12-10 14:14:01+01;1229
2015-12-10 14:42:01+01;1219
2015-12-10 15:46:01+01;1209
2015-12-10 17:22:01+01;1199
2015-12-10 19:54:01+01;1199
2015-12-10 21:34:01+01;1299
2015-12-11 06:50:01+01;1269
2015-12-11 07:34:01+01;1269
2015-12-11 09:30:01+01;1259
2015-12-11 10:10:01+01;1249
2015-12-11 10:42:01+01;1239
2015-12-11 11:34:01+01;1239
2015-12-11 11:46:01+01;1229
2015-12-11 12:38:01+01;1259
2015-12-11 13:14:01+01;1229
2015-12-11 14:22:01+01;1229
2015-12-11 15:34:01+01;1219
2015-12-11 18:14:01+01;1209
2015-12-11 22:06:01+01;1309
2015-12-12 07:54:01+01;1279
2015-12-12 09:34:02+01;1259
2015-12-12 10:46:01+01;1239
2015-12-12 11:22:01+01;1239
2015-12-12 12:34:01+01;1269
2015-12-12 13:30:01+01;1249
2015-12-12 14:46:01+01;1229
2015-12-12 15:58:01+01;1229
2015-12-12 16:14:01+01;1219
2015-12-12 19:58:01+01;1209
2015-12-12 21:34:01+01;1329
2015-12-13 08:50:01+01;1279
2015-12-13 09:02:01+01;1279
2015-12-13 10:58:01+01;1269
2015-12-13 11:34:01+01;1249
2015-12-13 12:06:01+01;1239
2015-12-13 13:46:01+01;1239
2015-12-13 14:38:02+01;1229
2015-12-13 15:30:01+01;1229
2015-12-13 15:42:01+01;1219
2015-12-13 16:10:01+01;1219
2015-12-13 16:14:01+01;1219
2015-12-13 17:34:01+01;1329
2015-12-14 06:50:01+01;1279
2015-12-14 07:06:01+01;1279
2015-12-14 08:30:01+01;1269
2015-12-14 08:34:01+01;1269
2015-12-14 09:34:01+01;1259
2015-12-14 10:58:01+01;1259
2015-12-14 11:30:01+01;1249
2015-12-14 12:38:01+01;1279
2015-12-14 13:22:01+01;1269
2015-12-14 13:30:01+01;1259
2015-12-14 13:34:01+01;1259
2015-12-14 13:38:01+01;1249
2015-12-14 14:22:01+01;1229
2015-12-14 15:58:01+01;1219
2015-12-14 17:30:01+01;1219
2015-12-14 21:34:01+01;1319
2015-12-15 06:46:01+01;1279
2015-12-15 07:38:01+01;1279
2015-12-15 08:58:01+01;1249
2015-12-15 09:46:01+01;1239
2015-12-15 11:42:01+01;1229
2015-12-15 12:34:01+01;1259
2015-12-15 13:26:01+01;1239
2015-12-15 13:42:01+01;1239
2015-12-15 14:18:01+01;1239
2015-12-15 15:06:01+01;1229
2015-12-15 15:42:01+01;1229
2015-12-15 16:30:01+01;1219
2015-12-15 17:42:01+01;1219
2015-12-15 19:54:01+01;1219
2015-12-15 21:34:01+01;1319
2015-12-16 06:54:01+01;1279
2015-12-16 07:14:01+01;1269
2015-12-16 09:22:01+01;1259
2015-12-16 09:46:01+01;1249
2015-12-16 10:50:01+01;1239
2015-12-16 11:22:01+01;1229
2015-12-16 12:34:01+01;1259
2015-12-16 13:30:01+01;1239
2015-12-16 14:30:01+01;1229
2015-12-16 15:38:01+01;1219
2015-12-16 16:58:01+01;1209
2015-12-16 21:34:01+01;1309
2015-12-17 06:50:01+01;1259
2015-12-17 10:38:01+01;1259
2015-12-17 10:58:01+01;1249
2015-12-17 11:34:01+01;1239
2015-12-17 12:34:01+01;1269
2015-12-17 13:30:01+01;1249
2015-12-17 13:38:01+01;1239
2015-12-17 14:18:01+01;1229
2015-12-17 15:50:02+01;1219
2015-12-17 17:34:01+01;1209
2015-12-17 21:34:01+01;1309
2015-12-18 07:06:01+01;1279
2015-12-18 07:14:01+01;1269
2015-12-18 10:34:01+01;1259
2015-12-18 10:46:01+01;1239
2015-12-18 11:50:01+01;1239
2015-12-18 12:34:01+01;1269
2015-12-18 13:30:01+01;1249
2015-12-18 13:54:01+01;1239
2015-12-18 14:58:02+01;1229
2015-12-18 15:22:01+01;1219
2015-12-18 18:18:01+01;1219
2015-12-18 18:38:01+01;1219
2015-12-18 20:14:01+01;1209
2015-12-18 22:34:01+01;1319
2015-12-19 07:50:01+01;1269
2015-12-19 08:46:01+01;1269
2015-12-19 10:14:01+01;1259
2015-12-19 11:10:01+01;1239
2015-12-19 11:14:01+01;1229
2015-12-19 12:06:01+01;1229
2015-12-19 12:30:01+01;1259
2015-12-19 12:50:01+01;1259
2015-12-19 13:14:01+01;1259
2015-12-19 13:26:01+01;1239
2015-12-19 14:02:01+01;1229
2015-12-19 14:54:01+01;1229
2015-12-19 15:50:01+01;1219
2015-12-19 21:26:01+01;1319
2015-12-20 08:54:01+01;1269
2015-12-20 13:30:01+01;1269
2015-12-20 14:14:01+01;1259
2015-12-20 15:26:01+01;1249
2015-12-20 15:46:01+01;1219
2015-12-20 17:06:01+01;1319
2015-12-21 06:50:01+01;1279
2015-12-21 07:02:01+01;1269
2015-12-21 10:46:01+01;1259
2015-12-21 11:02:01+01;1239
2015-12-21 12:42:01+01;1269
2015-12-21 13:30:01+01;1249
2015-12-21 13:34:01+01;1239
2015-12-21 15:02:01+01;1229
2015-12-21 16:50:01+01;1219
2015-12-21 17:18:01+01;1209
2015-12-21 18:42:01+01;1209
2015-12-21 21:34:01+01;1309
2015-12-22 06:50:01+01;1269
2015-12-22 09:58:01+01;1259
2015-12-22 11:34:01+01;1249
2015-12-22 12:06:01+01;1229
2015-12-22 12:38:01+01;1259
2015-12-22 13:26:01+01;1239
2015-12-22 13:38:01+01;1229
2015-12-22 14:38:01+01;1219
2015-12-22 16:34:01+01;1209
2015-12-22 21:26:01+01;1309
2015-12-23 06:46:01+01;1269
2015-12-23 08:54:01+01;1229
2015-12-23 12:42:01+01;1259
2015-12-23 13:30:01+01;1239
2015-12-23 13:38:01+01;1229
2015-12-23 14:42:01+01;1219
2015-12-23 16:30:01+01;1219
2015-12-23 17:14:01+01;1209
2015-12-23 21:34:01+01;1309
2015-12-24 07:26:01+01;1259
2015-12-24 08:18:01+01;1249
2015-12-24 10:06:01+01;1249
2015-12-24 11:30:01+01;1239
2015-12-24 11:34:01+01;1229
2015-12-24 14:50:01+01;1349
2015-12-26 20:22:01+01;1349
2015-12-27 09:14:01+01;1239
2015-12-27 09:30:01+01;1229
2015-12-27 10:18:01+01;1219
2015-12-27 10:54:01+01;1209
2015-12-27 11:38:01+01;1199
2015-12-27 12:30:01+01;1229
2015-12-27 13:26:01+01;1229
2015-12-27 13:38:01+01;1209
2015-12-27 14:14:01+01;1199
2015-12-27 17:34:01+01;1299
2015-12-28 06:54:01+01;1259
2015-12-28 08:14:01+01;1249
2015-12-28 08:38:01+01;1229
2015-12-28 09:06:01+01;1229
2015-12-28 10:06:01+01;1219
2015-12-28 12:38:01+01;1249
2015-12-28 13:26:01+01;1229
2015-12-28 13:42:01+01;1219
2015-12-28 15:54:01+01;1209
2015-12-28 19:14:01+01;1199
2015-12-28 21:34:01+01;1299
2015-12-29 06:50:01+01;1269
2015-12-29 08:06:01+01;1259
2015-12-29 09:58:01+01;1249
2015-12-29 10:46:01+01;1249
2015-12-29 11:58:01+01;1229
2015-12-29 12:34:01+01;1259
2015-12-29 13:34:01+01;1229
2015-12-29 16:14:01+01;1219
2015-12-29 16:50:01+01;1219
2015-12-29 18:58:01+01;1199
2015-12-29 21:34:01+01;1299
2015-12-30 06:54:01+01;1259
2015-12-30 08:42:01+01;1219
2015-12-30 11:34:01+01;1209
2015-12-30 12:34:01+01;1239
2015-12-30 13:30:01+01;1219
2015-12-30 15:22:01+01;1209
2015-12-30 16:58:01+01;1199
2015-12-30 17:06:01+01;1199
2015-12-30 21:34:01+01;1299
2015-12-31 07:34:01+01;1239
2015-12-31 14:34:01+01;1339
2016-01-02 07:30:01+01;1279
2016-01-02 08:34:01+01;1279
2016-01-02 11:10:01+01;1239
2016-01-02 12:46:01+01;1269
2016-01-02 13:30:01+01;1249
2016-01-02 13:38:01+01;1249
2016-01-02 16:06:01+01;1239
2016-01-02 18:50:01+01;1229
2016-01-02 20:34:01+01;1329
2016-01-03 08:50:01+01;1259
2016-01-03 09:26:01+01;1249
2016-01-03 10:10:01+01;1239
2016-01-03 11:10:01+01;1229
2016-01-03 11:50:01+01;1219
2016-01-03 12:30:01+01;1239
2016-01-03 13:06:01+01;1219
2016-01-03 14:26:01+01;1209
2016-01-03 15:10:01+01;1199
2016-01-03 17:34:01+01;1299
2016-01-04 06:50:01+01;1259
2016-01-04 10:34:01+01;1249
2016-01-04 10:42:01+01;1239
2016-01-04 12:34:01+01;1269
2016-01-04 13:26:01+01;1249
2016-01-04 13:50:01+01;1239
2016-01-04 16:14:01+01;1229
2016-01-04 19:02:01+01;1219
2016-01-04 21:22:01+01;1319
2016-01-05 07:02:01+01;1269
2016-01-05 09:46:01+01;1249
2016-01-05 12:46:01+01;1279
2016-01-05 13:06:01+01;1279
2016-01-05 13:14:01+01;1269
2016-01-05 13:18:01+01;1269
2016-01-05 13:30:01+01;1259
2016-01-05 13:34:01+01;1249
2016-01-05 15:42:01+01;1239
2016-01-05 18:26:01+01;1229
2016-01-05 21:18:01+01;1329
2016-01-06 06:46:01+01;1259
2016-01-06 10:42:01+01;1259
2016-01-06 12:10:01+01;1249
2016-01-06 12:34:01+01;1279
2016-01-06 13:30:01+01;1259
2016-01-06 13:34:01+01;1249
2016-01-06 15:38:01+01;1229
2016-01-06 16:50:02+01;1209
2016-01-06 19:06:01+01;1199
2016-01-06 21:34:01+01;1299
2016-01-07 07:02:01+01;1279
2016-01-07 07:14:01+01;1259
2016-01-07 07:46:01+01;1249
2016-01-07 08:30:01+01;1229
2016-01-07 12:38:01+01;1259
2016-01-07 13:46:01+01;1239
2016-01-07 13:50:01+01;1229
2016-01-07 16:02:01+01;1219
2016-01-07 17:22:01+01;1199
2016-01-07 21:18:01+01;1299
2016-01-08 06:46:01+01;1259
2016-01-08 09:14:01+01;1249
2016-01-08 11:10:01+01;1239
2016-01-08 12:34:01+01;1269
2016-01-08 13:10:01+01;1239
2016-01-08 13:38:01+01;1229
2016-01-08 14:46:01+01;1229
2016-01-08 15:02:01+01;1219
2016-01-08 16:06:01+01;1209
2016-01-08 18:06:01+01;1199
2016-01-08 21:34:01+01;1299
2016-01-09 07:38:01+01;1259
2016-01-09 11:02:01+01;1249
2016-01-09 12:06:01+01;1239
2016-01-09 12:46:01+01;1269
2016-01-09 13:06:01+01;1259
2016-01-09 13:14:01+01;1259
2016-01-09 13:22:01+01;1249
2016-01-09 13:42:01+01;1229
2016-01-09 15:06:01+01;1219
2016-01-09 15:58:01+01;1209
2016-01-09 17:18:01+01;1199
2016-01-09 18:02:01+01;1189
2016-01-09 20:34:02+01;1259
2016-01-10 08:58:01+01;1249
2016-01-10 12:14:01+01;1239
2016-01-10 14:06:01+01;1239
2016-01-10 14:18:02+01;1229
2016-01-10 15:02:01+01;1219
2016-01-10 15:46:01+01;1209
2016-01-10 16:50:02+01;1199
2016-01-10 17:34:01+01;1309
2016-01-11 06:58:01+01;1239
2016-01-11 12:30:01+01;1239
2016-01-11 12:50:01+01;1259
2016-01-11 13:10:01+01;1229
2016-01-11 13:34:01+01;1229
2016-01-11 13:50:02+01;1219
2016-01-11 15:10:01+01;1209
2016-01-11 16:30:01+01;1199
2016-01-11 17:50:01+01;1189
2016-01-11 21:34:01+01;1289
2016-01-12 06:50:02+01;1229
2016-01-12 07:30:01+01;1229
2016-01-12 09:42:01+01;1199
2016-01-12 12:34:01+01;1229
2016-01-12 13:30:01+01;1199
2016-01-12 16:14:01+01;1189
2016-01-12 19:02:01+01;1189
2016-01-12 21:34:01+01;1289
2016-01-13 06:50:02+01;1239
2016-01-13 10:02:01+01;1229
2016-01-13 11:30:01+01;1219
2016-01-13 12:02:01+01;1209
2016-01-13 12:34:01+01;1239
2016-01-13 13:22:01+01;1219
2016-01-13 15:22:01+01;1209
2016-01-13 16:22:01+01;1199
2016-01-13 17:30:01+01;1189
2016-01-13 17:58:01+01;1189
2016-01-13 21:34:01+01;1289
2016-01-14 06:50:01+01;1239
2016-01-14 08:34:01+01;1229
2016-01-14 11:02:01+01;1219
2016-01-14 12:38:01+01;1249
2016-01-14 13:02:01+01;1239
2016-01-14 13:34:01+01;1219
2016-01-14 14:34:01+01;1209
2016-01-14 15:34:01+01;1209
2016-01-14 15:54:01+01;1199
2016-01-14 16:42:01+01;1159
2016-01-14 18:58:01+01;1159
2016-01-14 21:34:01+01;1259
2016-01-15 06:50:01+01;1219
2016-01-15 09:58:01+01;1209
2016-01-15 11:10:01+01;1199
2016-01-15 12:34:01+01;1229
2016-01-15 13:10:01+01;1199
2016-01-15 15:58:01+01;1189
2016-01-15 16:02:01+01;1189
2016-01-15 16:06:01+01;1179
2016-01-15 16:14:01+01;1169
2016-01-15 17:58:01+01;1169
2016-01-15 21:34:01+01;1269
2016-01-16 07:50:01+01;1229
2016-01-16 08:46:01+01;1219
2016-01-16 11:46:01+01;1199
2016-01-16 12:38:01+01;1229
2016-01-16 13:26:01+01;1209
2016-01-16 17:38:01+01;1189
2016-01-16 17:50:01+01;1189
2016-01-16 18:02:01+01;1189
2016-01-16 18:14:02+01;1179
2016-01-16 20:34:01+01;1279
2016-01-17 08:42:01+01;1219
2016-01-17 09:34:01+01;1209
2016-01-17 16:02:01+01;1179
2016-01-17 17:34:01+01;1279
2016-01-18 06:50:01+01;1189
2016-01-18 07:42:01+01;1179
2016-01-18 09:34:01+01;1179
2016-01-18 10:22:01+01;1169
2016-01-18 12:46:01+01;1199
2016-01-18 13:30:02+01;1179
2016-01-18 18:30:02+01;1169
2016-01-18 21:34:01+01;1269
2016-01-19 06:54:01+01;1229
2016-01-19 08:30:01+01;1219
2016-01-19 10:06:01+01;1199
2016-01-19 12:30:02+01;1229
2016-01-19 13:30:02+01;1209
2016-01-19 13:38:01+01;1199
2016-01-19 15:38:01+01;1179
2016-01-19 16:46:01+01;1169
2016-01-19 18:46:01+01;1169
2016-01-19 21:18:01+01;1269
2016-01-20 06:50:02+01;1229
2016-01-20 08:34:01+01;1209
2016-01-20 10:02:01+01;1209
2016-01-20 11:06:01+01;1209
2016-01-20 11:14:01+01;1189
2016-01-20 15:42:01+01;1179
2016-01-20 16:34:01+01;1159
2016-01-20 18:42:01+01;1149
2016-01-20 21:34:01+01;1249
2016-01-21 06:58:01+01;1219
2016-01-21 08:30:02+01;1219
2016-01-21 10:46:01+01;1199
2016-01-21 11:34:01+01;1189
2016-01-21 12:30:01+01;1219
2016-01-21 13:30:02+01;1189
2016-01-21 14:54:01+01;1179
2016-01-21 16:38:01+01;1159
2016-01-21 21:34:01+01;1259
2016-01-22 06:54:01+01;1219
2016-01-22 09:26:01+01;1219
2016-01-22 10:14:01+01;1209
2016-01-22 10:54:01+01;1209
2016-01-22 11:58:01+01;1179
2016-01-22 12:02:01+01;1179
2016-01-22 12:34:01+01;1209
2016-01-22 13:38:01+01;1179
2016-01-22 15:34:01+01;1179
2016-01-22 16:10:01+01;1159
2016-01-22 18:30:02+01;1159
2016-01-22 19:50:02+01;1149
2016-01-22 21:34:01+01;1249
2016-01-23 07:46:01+01;1219
2016-01-23 08:06:01+01;1219
2016-01-23 12:30:01+01;1209
2016-01-23 12:42:01+01;1229
2016-01-23 12:46:01+01;1239
2016-01-23 13:30:02+01;1229
2016-01-23 13:58:01+01;1219
2016-01-23 14:34:01+01;1199
2016-01-23 16:14:01+01;1189
2016-01-23 18:14:01+01;1189
2016-01-23 20:34:01+01;1289
2016-01-24 08:50:02+01;1229
2016-01-24 09:50:02+01;1229
2016-01-24 10:38:01+01;1229
2016-01-24 10:42:01+01;1219
2016-01-24 11:46:01+01;1219
2016-01-24 14:30:01+01;1209
2016-01-24 15:10:01+01;1179
2016-01-24 16:18:01+01;1169
2016-01-24 17:22:01+01;1269
2016-01-25 06:46:01+01;1239
2016-01-25 08:30:01+01;1239
2016-01-25 08:54:01+01;1239
2016-01-25 10:50:01+01;1229
2016-01-25 11:18:01+01;1219
2016-01-25 12:38:01+01;1249
2016-01-25 13:34:01+01;1229
2016-01-25 14:50:01+01;1219
2016-01-25 15:34:01+01;1189
2016-01-25 16:58:01+01;1179
2016-01-25 21:34:01+01;1279
2016-01-26 06:54:01+01;1239
2016-01-26 09:58:01+01;1229
2016-01-26 11:30:01+01;1229
2016-01-26 12:26:01+01;1219
2016-01-26 12:30:02+01;1249
2016-01-26 13:38:01+01;1219
2016-01-26 14:46:01+01;1189
2016-01-26 16:06:01+01;1179
2016-01-26 19:54:01+01;1169
2016-01-26 20:54:01+01;1159
2016-01-26 22:06:01+01;1239
2016-01-27 06:50:02+01;1229
2016-01-27 08:26:01+01;1229
2016-01-27 09:34:01+01;1209
2016-01-27 11:06:01+01;1199
2016-01-27 12:38:01+01;1229
2016-01-27 13:26:01+01;1219
2016-01-27 13:34:01+01;1209
2016-01-27 15:14:01+01;1179
2016-01-27 17:18:01+01;1169
2016-01-27 22:34:01+01;1229
2016-01-28 06:50:01+01;1229
2016-01-28 09:34:01+01;1189
2016-01-28 12:58:01+01;1219
2016-01-28 13:30:01+01;1199
2016-01-28 13:42:01+01;1189
2016-01-28 15:10:01+01;1169
2016-01-28 18:30:01+01;1169
2016-01-28 23:06:01+01;1229
2016-01-29 06:54:01+01;1209
2016-01-29 11:34:01+01;1199
2016-01-29 11:54:01+01;1189
2016-01-29 12:34:01+01;1219
2016-01-29 13:34:01+01;1199
2016-01-29 14:50:01+01;1179
2016-01-29 16:30:01+01;1179
2016-01-29 22:34:01+01;1249
2016-01-30 07:58:01+01;1219
2016-01-30 08:22:01+01;1219
2016-01-30 09:22:01+01;1219
2016-01-30 12:34:01+01;1249
2016-01-30 14:02:01+01;1199
2016-01-30 16:14:01+01;1189
2016-01-30 16:22:01+01;1189
2016-01-31 05:06:01+01;1249
2016-01-31 08:58:01+01;1219
2016-01-31 09:50:01+01;1219
2016-01-31 13:46:01+01;1199
2016-01-31 15:06:01+01;1189
2016-01-31 15:14:01+01;1189
2016-01-31 16:14:01+01;1179
2016-01-31 22:34:01+01;1239
2016-02-01 06:54:01+01;1239
2016-02-01 08:30:01+01;1239
2016-02-01 09:50:01+01;1229
2016-02-01 11:38:01+01;1219
2016-02-01 11:50:01+01;1199
2016-02-01 12:30:01+01;1229
2016-02-01 13:34:01+01;1219
2016-02-01 15:54:01+01;1189
2016-02-01 18:14:01+01;1189
2016-02-02 05:06:01+01;1239
2016-02-02 06:58:01+01;1229
2016-02-02 10:38:01+01;1209
2016-02-02 11:46:01+01;1209
2016-02-02 11:58:01+01;1199
2016-02-02 12:34:01+01;1229
2016-02-02 13:10:01+01;1219
2016-02-02 13:34:01+01;1199
2016-02-02 17:46:01+01;1189
2016-02-02 19:14:01+01;1179
2016-02-03 05:06:01+01;1229
2016-02-03 11:06:01+01;1229
2016-02-03 12:38:01+01;1259
2016-02-03 13:14:01+01;1239
2016-02-03 13:34:01+01;1229
2016-02-03 14:30:01+01;1189
2016-02-03 16:30:01+01;1179
2016-02-03 18:34:01+01;1169
2016-02-04 05:06:01+01;1229
2016-02-04 06:50:01+01;1209
2016-02-04 09:02:01+01;1199
2016-02-04 09:46:01+01;1189
2016-02-04 11:30:01+01;1179
2016-02-04 11:58:01+01;1179
2016-02-04 12:38:01+01;1209
2016-02-04 13:22:01+01;1189
2016-02-04 13:30:01+01;1179
2016-02-04 14:50:01+01;1169
2016-02-04 18:18:01+01;1159
2016-02-04 19:54:01+01;1149
2016-02-05 05:06:01+01;1229
2016-02-05 06:46:01+01;1219
2016-02-05 07:10:01+01;1199
2016-02-05 10:14:01+01;1189
2016-02-05 11:34:01+01;1179
2016-02-05 12:34:01+01;1209
2016-02-05 13:30:01+01;1189
2016-02-05 15:02:01+01;1169
2016-02-05 16:06:02+01;1159
2016-02-05 17:34:01+01;1149
2016-02-06 05:06:01+01;1209
2016-02-06 07:46:01+01;1209
2016-02-06 08:46:01+01;1209
2016-02-06 09:50:01+01;1199
2016-02-06 11:22:01+01;1199
2016-02-06 11:58:01+01;1189
2016-02-06 12:42:01+01;1219
2016-02-06 13:30:01+01;1199
2016-02-06 15:10:01+01;1169
2016-02-06 16:58:01+01;1169
2016-02-06 17:50:01+01;1159
2016-02-07 05:06:01+01;1209
2016-02-07 08:58:01+01;1199
2016-02-07 10:14:01+01;1179
2016-02-07 11:30:01+01;1179
2016-02-07 11:34:01+01;1169
2016-02-07 12:02:01+01;1169
2016-02-07 14:30:01+01;1159
2016-02-07 15:02:01+01;1149
2016-02-07 15:30:01+01;1149
2016-02-08 05:06:01+01;1209
2016-02-08 06:54:01+01;1199
2016-02-08 10:54:01+01;1199
2016-02-08 11:54:01+01;1199
2016-02-08 11:58:01+01;1189
2016-02-08 12:06:01+01;1189
2016-02-08 12:34:01+01;1219
2016-02-08 13:26:01+01;1199
2016-02-08 15:42:01+01;1189
2016-02-08 16:10:01+01;1169
2016-02-08 16:30:01+01;1169
2016-02-08 17:30:01+01;1159
2016-02-08 18:42:01+01;1149
2016-02-09 05:06:01+01;1209
2016-02-09 06:50:01+01;1189
2016-02-09 08:46:01+01;1159
2016-02-09 10:14:01+01;1159
2016-02-09 12:30:01+01;1189
2016-02-09 13:34:01+01;1159
2016-02-09 14:54:01+01;1159
2016-02-09 17:38:01+01;1149
2016-02-10 05:06:01+01;1199
2016-02-10 06:50:01+01;1189
2016-02-10 10:26:01+01;1189
2016-02-10 11:26:01+01;1189
2016-02-10 12:10:01+01;1189
2016-02-10 12:34:01+01;1219
2016-02-10 12:54:01+01;1209
2016-02-10 13:30:01+01;1199
2016-02-10 15:58:01+01;1149
2016-02-10 17:06:01+01;1149
2016-02-10 18:50:01+01;1139
2016-02-11 05:06:01+01;1179
2016-02-11 12:22:01+01;1169
2016-02-11 12:38:01+01;1199
2016-02-11 13:26:01+01;1189
2016-02-11 13:34:01+01;1179
2016-02-11 13:58:01+01;1169
2016-02-11 15:18:01+01;1159
2016-02-11 16:34:01+01;1139
2016-02-11 16:38:02+01;1139
2016-02-11 17:50:01+01;1129
2016-02-12 05:06:01+01;1179
2016-02-12 11:02:01+01;1169
2016-02-12 11:30:01+01;1159
2016-02-12 12:34:01+01;1149
2016-02-12 12:38:01+01;1179
2016-02-12 13:34:01+01;1169
2016-02-12 15:38:01+01;1149
2016-02-12 16:22:01+01;1139
2016-02-12 17:34:01+01;1119
2016-02-12 18:06:01+01;1109
2016-02-12 18:42:01+01;1109
2016-02-13 05:06:01+01;1199
2016-02-13 07:42:01+01;1179
2016-02-13 07:54:01+01;1179
2016-02-13 09:02:01+01;1169
2016-02-13 10:26:01+01;1169
2016-02-13 12:30:01+01;1159
2016-02-13 12:34:01+01;1189
2016-02-13 13:22:01+01;1189
2016-02-13 13:30:01+01;1169
2016-02-13 14:46:01+01;1159
2016-02-13 15:06:01+01;1149
2016-02-13 15:58:01+01;1149
2016-02-13 18:06:01+01;1139
2016-02-13 18:58:01+01;1129
2016-02-14 05:06:01+01;1179
2016-02-14 08:54:01+01;1169
2016-02-14 11:30:01+01;1149
2016-02-14 14:50:01+01;1149
2016-02-14 15:10:01+01;1129
2016-02-14 15:26:01+01;1129
2016-02-15 05:06:01+01;1189
2016-02-15 07:26:01+01;1169
2016-02-15 11:14:01+01;1169
2016-02-15 11:30:01+01;1169
2016-02-15 11:46:01+01;1139
2016-02-15 12:34:01+01;1129
2016-02-15 12:38:01+01;1159
2016-02-15 13:30:01+01;1159
2016-02-15 14:46:01+01;1139
2016-02-15 16:18:01+01;1129
2016-02-16 05:06:01+01;1209
2016-02-16 06:46:01+01;1189
2016-02-16 07:42:01+01;1179
2016-02-16 09:30:01+01;1169
2016-02-16 12:34:01+01;1199
2016-02-16 13:10:01+01;1199
2016-02-16 13:30:01+01;1169
2016-02-16 14:26:01+01;1159
2016-02-16 16:58:01+01;1149
2016-02-16 19:34:01+01;1139
2016-02-17 05:06:01+01;1199
2016-02-17 11:06:01+01;1189
2016-02-17 11:26:01+01;1169
2016-02-17 12:30:01+01;1199
2016-02-17 13:34:01+01;1179
2016-02-17 16:18:01+01;1159
2016-02-17 17:54:01+01;1149
2016-02-18 05:06:01+01;1209
2016-02-18 08:06:01+01;1199
2016-02-18 09:46:01+01;1189
2016-02-18 11:58:01+01;1179
2016-02-18 12:10:01+01;1149
2016-02-18 12:50:01+01;1179
2016-02-18 14:50:01+01;1159
2016-02-18 16:42:01+01;1149
2016-02-18 19:06:01+01;1139
2016-02-19 05:06:02+01;1229
2016-02-19 06:58:01+01;1169
2016-02-19 07:18:01+01;1159
2016-02-19 09:02:01+01;1149
2016-02-19 09:46:01+01;1149
2016-02-19 11:14:01+01;1149
2016-02-19 12:34:01+01;1179
2016-02-19 13:06:01+01;1169
2016-02-19 13:50:01+01;1159
2016-02-19 14:26:01+01;1149
2016-02-19 16:06:01+01;1139
2016-02-19 16:14:01+01;1139
2016-02-19 17:30:01+01;1129
2016-02-20 05:06:01+01;1219
2016-02-20 07:38:01+01;1189
2016-02-20 08:38:01+01;1189
2016-02-20 11:34:01+01;1179
2016-02-20 11:42:01+01;1179
2016-02-20 12:26:01+01;1209
2016-02-20 13:14:01+01;1209
2016-02-20 13:50:01+01;1209
2016-02-20 15:18:01+01;1159
2016-02-20 15:42:01+01;1159
2016-02-20 16:34:01+01;1149
2016-02-20 17:46:01+01;1139
2016-02-20 18:30:01+01;1139
2016-02-21 05:06:01+01;1219
2016-02-21 08:50:01+01;1199
2016-02-21 08:58:01+01;1169
2016-02-21 09:46:01+01;1159
2016-02-21 11:38:01+01;1139
2016-02-21 16:06:01+01;1129
2016-02-22 05:06:01+01;1219
2016-02-22 07:02:01+01;1199
2016-02-22 07:10:01+01;1189
2016-02-22 07:30:01+01;1189
2016-02-22 08:18:01+01;1189
2016-02-22 10:58:01+01;1189
2016-02-22 11:18:01+01;1149
2016-02-22 11:58:01+01;1149
2016-02-22 12:26:01+01;1139
2016-02-22 12:38:01+01;1169
2016-02-22 13:10:01+01;1159
2016-02-22 13:42:01+01;1149
2016-02-22 15:50:01+01;1149
2016-02-22 15:58:01+01;1139
2016-02-22 16:06:01+01;1139
2016-02-22 17:38:01+01;1129
2016-02-23 05:06:01+01;1209
2016-02-23 06:50:01+01;1189
2016-02-23 06:58:01+01;1189
2016-02-23 07:14:01+01;1179
2016-02-23 09:58:01+01;1169
2016-02-23 10:46:01+01;1159
2016-02-23 11:50:01+01;1149
2016-02-23 12:34:01+01;1179
2016-02-23 13:30:01+01;1169
2016-02-23 13:42:01+01;1159
2016-02-23 15:34:01+01;1149
2016-02-23 17:10:01+01;1139
2016-02-23 17:42:01+01;1139
2016-02-23 19:14:01+01;1129
2016-02-24 05:06:01+01;1209
2016-02-24 06:54:01+01;1189
2016-02-24 09:46:01+01;1179
2016-02-24 11:46:01+01;1169
2016-02-24 12:34:01+01;1199
2016-02-24 13:34:01+01;1179
2016-02-24 14:38:01+01;1159
2016-02-24 14:58:01+01;1139
2016-02-24 17:58:01+01;1129
2016-02-25 05:06:01+01;1199
2016-02-25 06:46:01+01;1189
2016-02-25 07:22:02+01;1179
2016-02-25 11:42:01+01;1179
2016-02-25 12:30:01+01;1209
2016-02-25 12:42:01+01;1169
2016-02-25 12:46:01+01;1169
2016-02-25 14:26:01+01;1169
2016-02-25 14:38:01+01;1139
2016-02-25 16:50:01+01;1129
2016-02-25 18:38:01+01;1119
2016-02-26 05:06:01+01;1209
2016-02-26 06:46:01+01;1179
2016-02-26 09:58:01+01;1169
2016-02-26 10:18:01+01;1169
2016-02-26 11:02:01+01;1169
2016-02-26 11:46:01+01;1149
2016-02-26 12:38:01+01;1179
2016-02-26 13:46:01+01;1159
2016-02-26 14:30:01+01;1149
2016-02-26 16:50:01+01;1129
2016-02-27 05:06:01+01;1229
2016-02-27 07:42:01+01;1199
2016-02-27 08:10:01+01;1139
2016-02-27 09:30:01+01;1139
2016-02-27 10:50:01+01;1139
2016-02-27 11:32:01+01;1129
2016-02-27 12:36:01+01;1159
2016-02-27 13:28:01+01;1149
2016-02-27 15:00:01+01;1149
2016-02-27 15:20:01+01;1149
2016-02-27 16:48:01+01;1139
2016-02-27 19:00:01+01;1139
2016-02-28 05:04:01+01;1199
2016-02-28 09:46:01+01;1189
2016-02-28 11:28:01+01;1189
2016-02-28 11:58:01+01;1139
2016-02-28 12:44:01+01;1169
2016-02-28 13:34:01+01;1149
2016-02-28 14:14:01+01;1149
2016-02-28 14:26:01+01;1139
2016-02-28 16:04:01+01;1139
2016-02-29 05:04:01+01;1219
2016-02-29 06:56:01+01;1199
2016-02-29 07:00:01+01;1199
2016-02-29 07:04:01+01;1189
2016-02-29 10:18:01+01;1189
2016-02-29 11:12:01+01;1169
2016-02-29 12:00:01+01;1149
2016-02-29 12:34:01+01;1179
2016-02-29 12:46:01+01;1149
2016-02-29 13:32:01+01;1139
2016-02-29 15:00:01+01;1129
2016-03-01 05:04:01+01;1219
2016-03-01 06:54:01+01;1209
2016-03-01 07:42:01+01;1189
2016-03-01 10:02:01+01;1169
2016-03-01 10:14:01+01;1159
2016-03-01 12:34:01+01;1189
2016-03-01 13:14:01+01;1179
2016-03-01 13:36:01+01;1149
2016-03-01 18:30:01+01;1149
2016-03-01 18:34:01+01;1139
2016-03-02 05:04:01+01;1209
2016-03-02 06:44:01+01;1189
2016-03-02 11:30:01+01;1159
2016-03-02 12:30:01+01;1189
2016-03-02 12:56:01+01;1179
2016-03-02 13:14:01+01;1169
2016-03-02 13:32:01+01;1169
2016-03-02 13:45:01+01;1169
2016-03-02 14:24:01+01;1159
2016-03-02 17:10:01+01;1159
2016-03-02 18:28:01+01;1149
2016-03-02 20:46:01+01;1139
2016-03-03 05:04:01+01;1209
2016-03-03 06:54:01+01;1199
2016-03-03 08:04:01+01;1189
2016-03-03 08:12:01+01;1189
2016-03-03 10:18:01+01;1179
2016-03-03 11:58:01+01;1169
2016-03-03 12:16:01+01;1159
2016-03-03 12:34:01+01;1189
2016-03-03 13:06:01+01;1179
2016-03-03 15:14:01+01;1159
2016-03-03 16:44:01+01;1149
2016-03-03 17:40:01+01;1149
2016-03-03 17:44:01+01;1139
2016-03-04 05:04:01+01;1219
2016-03-04 06:46:01+01;1189
2016-03-04 09:48:01+01;1179
2016-03-04 10:54:01+01;1179
2016-03-04 11:04:01+01;1169
2016-03-04 12:34:01+01;1199
2016-03-04 13:06:01+01;1189
2016-03-04 13:32:01+01;1179
2016-03-04 14:58:01+01;1169
2016-03-04 15:34:01+01;1159
2016-03-04 16:30:01+01;1149
2016-03-05 06:48:01+01;1219
2016-03-05 07:06:01+01;1209
2016-03-05 07:54:01+01;1189
2016-03-05 10:28:01+01;1169
2016-03-05 12:04:01+01;1149
2016-03-05 12:40:01+01;1149
2016-03-05 13:22:01+01;1149
2016-03-05 13:54:01+01;1149
2016-03-05 15:12:01+01;1139
2016-03-06 05:04:01+01;1199
2016-03-06 08:52:01+01;1189
2016-03-06 11:14:01+01;1159
2016-03-06 11:56:01+01;1139
2016-03-06 12:28:01+01;1169
2016-03-06 12:46:01+01;1159
2016-03-06 13:20:01+01;1159
2016-03-06 14:30:01+01;1139
2016-03-07 05:04:01+01;1199
2016-03-07 06:52:01+01;1189
2016-03-07 08:44:01+01;1189
2016-03-07 10:46:01+01;1179
2016-03-07 12:32:01+01;1199
2016-03-07 12:44:01+01;1199
2016-03-07 13:18:01+01;1189
2016-03-07 13:32:01+01;1179
2016-03-07 14:44:02+01;1169
2016-03-07 17:44:01+01;1159
2016-03-08 05:04:01+01;1219
2016-03-08 07:14:01+01;1219
2016-03-08 07:28:01+01;1209
2016-03-08 09:48:01+01;1169
2016-03-08 12:34:01+01;1199
2016-03-08 12:38:01+01;1189
2016-03-08 13:10:01+01;1169
2016-03-08 13:40:01+01;1169
2016-03-08 14:20:01+01;1169
2016-03-09 05:04:01+01;1239
2016-03-09 06:52:01+01;1229
2016-03-09 06:54:01+01;1229
2016-03-09 07:18:01+01;1219
2016-03-09 08:28:01+01;1209
2016-03-09 09:24:01+01;1209
2016-03-09 09:50:01+01;1199
2016-03-09 12:40:01+01;1219
2016-03-09 13:08:01+01;1209
2016-03-09 13:34:01+01;1199
2016-03-09 16:46:01+01;1199
2016-03-09 17:10:01+01;1199
2016-03-09 17:40:01+01;1179
2016-03-10 05:04:01+01;1239
2016-03-10 07:12:01+01;1229
2016-03-10 07:26:02+01;1229
2016-03-10 08:42:01+01;1219
2016-03-10 09:26:01+01;1179
2016-03-10 12:30:01+01;1169
2016-03-10 12:42:01+01;1189
2016-03-10 13:24:01+01;1189
2016-03-10 13:34:01+01;1179
2016-03-10 18:08:01+01;1169
2016-03-11 05:04:01+01;1249
2016-03-11 06:48:01+01;1229
2016-03-11 06:56:01+01;1229
2016-03-11 07:44:01+01;1169
2016-03-11 08:02:01+01;1229
2016-03-11 08:22:01+01;1179
2016-03-11 12:36:02+01;1209
2016-03-11 13:06:01+01;1199
2016-03-11 13:28:01+01;1179
2016-03-12 05:04:01+01;1249
2016-03-12 07:44:01+01;1239
2016-03-12 08:50:01+01;1229
2016-03-12 09:04:01+01;1219
2016-03-12 10:10:01+01;1219
2016-03-12 11:16:01+01;1219
2016-03-12 12:16:01+01;1219
2016-03-12 12:30:01+01;1239
2016-03-12 13:50:01+01;1219
2016-03-12 14:52:01+01;1219
2016-03-12 15:20:01+01;1209
2016-03-12 15:42:01+01;1189
2016-03-12 16:44:01+01;1189
2016-03-12 17:12:01+01;1179
2016-03-12 18:10:01+01;1179
2016-03-13 05:04:01+01;1259
2016-03-13 08:40:01+01;1209
2016-03-13 16:20:01+01;1199
2016-03-13 16:48:01+01;1189
2016-03-14 05:04:01+01;1259
2016-03-14 06:54:01+01;1219
2016-03-14 07:06:01+01;1199
2016-03-14 08:54:01+01;1179
2016-03-14 09:32:01+01;1179
2016-03-14 12:32:01+01;1199
2016-03-14 12:44:01+01;1199
2016-03-14 13:42:01+01;1179
2016-03-14 17:32:01+01;1179
2016-03-15 05:04:01+01;1239
2016-03-15 07:28:01+01;1219
2016-03-15 10:12:01+01;1199
2016-03-15 12:32:01+01;1219
2016-03-15 13:36:01+01;1199
2016-03-15 15:46:01+01;1189
2016-03-15 16:18:01+01;1189
2016-03-15 17:32:01+01;1169
2016-03-16 05:04:01+01;1229
2016-03-16 07:32:01+01;1219
2016-03-16 09:54:01+01;1209
2016-03-16 10:58:01+01;1189
2016-03-16 11:56:01+01;1169
2016-03-16 12:30:01+01;1189
2016-03-16 13:28:01+01;1189
2016-03-16 13:32:01+01;1179
2016-03-16 13:34:01+01;1169
2016-03-16 18:28:01+01;1169
2016-03-16 18:40:01+01;1169
2016-03-17 05:04:01+01;1239
2016-03-17 06:54:01+01;1229
2016-03-17 07:26:01+01;1219
2016-03-17 07:56:01+01;1209
2016-03-17 11:34:01+01;1199
2016-03-17 11:44:01+01;1199
2016-03-17 11:58:01+01;1169
2016-03-17 12:36:01+01;1189
2016-03-17 13:32:01+01;1169
2016-03-17 20:30:01+01;1159
2016-03-18 04:04:01+01;1199
2016-03-18 05:04:01+01;1229
2016-03-18 06:38:01+01;1219
2016-03-18 08:44:01+01;1209
2016-03-18 09:00:01+01;1209
2016-03-18 11:34:01+01;1179
2016-03-18 12:44:01+01;1209
2016-03-18 13:14:01+01;1199
2016-03-18 13:24:01+01;1189
2016-03-18 13:34:01+01;1179
2016-03-18 18:18:01+01;1179
2016-03-18 19:42:01+01;1169
2016-03-19 05:04:01+01;1229
2016-03-19 08:58:01+01;1219
2016-03-19 09:04:01+01;1219
2016-03-19 09:58:01+01;1209
2016-03-19 10:58:01+01;1199
2016-03-19 12:34:01+01;1219
2016-03-19 13:30:01+01;1209
2016-03-19 13:34:01+01;1199
2016-03-19 15:36:01+01;1179
2016-03-19 18:16:01+01;1179
2016-03-20 05:04:01+01;1239
2016-03-20 07:32:01+01;1229
2016-03-20 09:54:01+01;1199
2016-03-20 11:42:02+01;1179
2016-03-20 12:38:01+01;1199
2016-03-20 14:50:01+01;1179
2016-03-20 15:12:01+01;1159
2016-03-20 21:42:01+01;1159
2016-03-21 05:04:01+01;1229
2016-03-21 10:14:01+01;1219
2016-03-21 10:28:01+01;1199
2016-03-21 11:00:01+01;1189
2016-03-21 12:30:01+01;1209
2016-03-21 13:34:01+01;1189
2016-03-21 18:12:01+01;1179
2016-03-21 18:54:01+01;1169
2016-03-22 05:04:01+01;1229
2016-03-22 07:54:01+01;1219
2016-03-22 11:40:01+01;1219
2016-03-22 12:08:01+01;1209
2016-03-22 12:26:01+01;1229
2016-03-22 13:34:01+01;1219
2016-03-22 14:30:02+01;1219
2016-03-22 15:38:01+01;1209
2016-03-22 15:58:01+01;1189
2016-03-22 17:42:01+01;1189
2016-03-22 18:40:01+01;1189
2016-03-22 20:06:01+01;1179
2016-03-23 05:04:01+01;1239
2016-03-23 07:00:02+01;1229
2016-03-23 08:22:01+01;1229
2016-03-23 08:58:01+01;1219
2016-03-23 10:12:01+01;1209
2016-03-23 10:44:01+01;1209
2016-03-23 11:24:01+01;1199
2016-03-23 12:36:02+01;1219
2016-03-23 13:18:01+01;1209
2016-03-23 14:00:01+01;1199
2016-03-23 14:44:01+01;1189
2016-03-23 17:50:01+01;1189
2016-03-23 20:24:01+01;1179
2016-03-24 00:22:01+01;1229
2016-03-24 05:04:01+01;1239
2016-03-24 07:42:01+01;1229
2016-03-24 08:20:02+01;1219
2016-03-24 08:26:01+01;1219
2016-03-24 09:10:01+01;1219
2016-03-24 10:28:01+01;1209
2016-03-24 12:38:01+01;1229
2016-03-24 13:38:01+01;1209
2016-03-24 17:06:01+01;1199
2016-03-24 18:20:01+01;1199
2016-03-24 18:58:01+01;1189
2016-03-24 19:34:01+01;1189
2016-03-25 03:04:01+01;1249
2016-03-25 07:18:01+01;1239
2016-03-25 08:14:01+01;1229
2016-03-25 09:04:01+01;1219
2016-03-25 10:06:02+01;1199
2016-03-25 12:36:01+01;1209
2016-03-25 13:50:01+01;1199
2016-03-25 14:34:01+01;1199
2016-03-25 15:24:01+01;1189
2016-03-25 16:02:01+01;1189
2016-03-26 03:04:01+01;1249
2016-03-26 07:48:01+01;1189
2016-03-26 12:32:01+01;1209
2016-03-26 14:06:01+01;1189
2016-03-27 03:08:01+02;1259
2016-03-27 08:36:01+02;1249
2016-03-27 08:58:01+02;1219
2016-03-27 18:28:01+02;1209
2016-03-28 03:04:02+02;1269
2016-03-28 07:58:01+02;1259
2016-03-28 09:04:01+02;1219
2016-03-28 13:34:01+02;1239
2016-03-28 13:42:01+02;1219
2016-03-28 16:10:01+02;1209
2016-03-28 16:58:01+02;1209
2016-03-29 03:04:01+02;1259
2016-03-29 09:12:01+02;1239
2016-03-29 11:24:01+02;1229
2016-03-29 11:58:02+02;1219
2016-03-29 12:34:01+02;1239
2016-03-29 13:24:01+02;1229
2016-03-29 15:40:01+02;1219
2016-03-29 18:28:01+02;1209
2016-03-29 19:24:01+02;1209
2016-03-29 20:10:01+02;1209
2016-03-30 03:04:01+02;1269
2016-03-30 07:18:01+02;1259
2016-03-30 08:22:01+02;1239
2016-03-30 10:44:01+02;1229
2016-03-30 12:30:01+02;1249
2016-03-30 13:22:01+02;1239
2016-03-30 13:32:01+02;1229
2016-03-30 18:44:01+02;1219
2016-03-30 18:50:01+02;1219
2016-03-30 20:56:01+02;1209
2016-03-31 03:04:01+02;1279
2016-03-31 06:28:01+02;1269
2016-03-31 07:00:01+02;1259
2016-03-31 07:40:01+02;1259
2016-03-31 08:56:01+02;1239
2016-03-31 11:34:01+02;1229
2016-03-31 11:58:01+02;1229
2016-03-31 12:58:01+02;1249
2016-03-31 13:12:01+02;1229
2016-03-31 17:44:01+02;1229
2016-03-31 18:26:01+02;1219
2016-03-31 19:14:01+02;1219
2016-03-31 19:56:02+02;1209
2016-04-01 03:04:01+02;1279
2016-04-01 06:48:01+02;1259
2016-04-01 10:16:01+02;1259
2016-04-01 11:14:01+02;1249
2016-04-01 11:20:01+02;1239
2016-04-01 12:32:02+02;1259
2016-04-01 12:58:01+02;1279
2016-04-01 13:10:01+02;1259
2016-04-01 13:26:01+02;1249
2016-04-01 13:42:01+02;1239
2016-04-01 14:58:01+02;1239
2016-04-01 15:58:01+02;1229
2016-04-01 16:00:01+02;1229
2016-04-01 17:44:01+02;1219
2016-04-01 20:00:01+02;1219
2016-04-01 21:02:01+02;1209
2016-04-02 03:04:01+02;1279
2016-04-02 07:42:01+02;1259
2016-04-02 10:14:01+02;1259
2016-04-02 12:34:01+02;1279
2016-04-02 12:40:01+02;1279
2016-04-02 13:38:01+02;1259
2016-04-02 15:36:01+02;1249
2016-04-02 15:58:01+02;1229
2016-04-02 18:52:01+02;1229
2016-04-03 03:04:01+02;1289
2016-04-03 09:14:01+02;1249
2016-04-03 14:08:01+02;1239
2016-04-03 16:12:01+02;1229
2016-04-04 03:04:01+02;1289
2016-04-04 06:30:01+02;1279
2016-04-04 06:58:01+02;1279
2016-04-04 08:00:01+02;1259
2016-04-04 08:58:01+02;1259
2016-04-04 13:34:01+02;1279
2016-04-04 13:40:01+02;1259
2016-04-04 14:30:01+02;1259
2016-04-04 14:46:01+02;1249
2016-04-04 14:58:01+02;1239
2016-04-04 15:32:01+02;1219
2016-04-04 18:12:01+02;1209
2016-04-05 03:04:01+02;1269
2016-04-05 10:44:01+02;1249
2016-04-05 10:52:01+02;1249
2016-04-05 15:14:01+02;1229
2016-04-05 17:40:02+02;1199
2016-04-05 20:00:01+02;1199
2016-04-06 03:04:01+02;1259
2016-04-06 10:10:01+02;1259
2016-04-06 10:40:01+02;1249
2016-04-06 11:44:01+02;1249
2016-04-06 15:02:01+02;1239
2016-04-06 16:06:01+02;1229
2016-04-06 17:40:01+02;1209
2016-04-06 19:58:01+02;1209
2016-04-07 03:34:01+02;1269
2016-04-07 07:46:01+02;1259
2016-04-07 08:34:01+02;1249
2016-04-07 10:56:01+02;1239
2016-04-07 15:38:01+02;1229
2016-04-07 17:14:01+02;1219
2016-04-07 17:36:01+02;1219
2016-04-08 03:18:01+02;1279
2016-04-08 06:22:01+02;1269
2016-04-08 06:38:01+02;1269
2016-04-08 06:48:01+02;1219
2016-04-08 07:20:01+02;1219
2016-04-08 10:06:01+02;1209
2016-04-08 11:20:01+02;1199
2016-04-09 03:20:01+02;1259
2016-04-09 07:20:01+02;1259
2016-04-09 12:00:01+02;1239
2016-04-09 13:38:01+02;1229
2016-04-09 15:50:02+02;1219
2016-04-09 17:44:01+02;1209
2016-04-10 03:20:01+02;1269
2016-04-10 08:36:01+02;1269
2016-04-10 09:04:01+02;1239
2016-04-10 10:50:01+02;1229
2016-04-10 11:50:01+02;1229
2016-04-10 12:28:01+02;1209
2016-04-10 15:56:01+02;1209
2016-04-11 03:18:01+02;1269
2016-04-11 06:28:01+02;1269
2016-04-11 09:28:01+02;1259
2016-04-11 10:12:02+02;1239
2016-04-11 11:22:01+02;1259
2016-04-11 11:28:01+02;1239
2016-04-11 11:38:01+02;1229
2016-04-11 14:58:01+02;1229
2016-04-11 17:36:01+02;1219
2016-04-12 03:18:01+02;1279
2016-04-12 07:20:01+02;1269
2016-04-12 11:38:01+02;1249
2016-04-12 13:38:01+02;1239
2016-04-12 15:58:01+02;1229
2016-04-12 17:58:01+02;1229
2016-04-12 19:58:01+02;1219
2016-04-13 03:18:01+02;1279
2016-04-13 07:30:01+02;1269
2016-04-13 07:36:01+02;1269
2016-04-13 11:36:01+02;1259
2016-04-13 13:50:01+02;1249
2016-04-13 14:58:01+02;1249
2016-04-13 16:06:01+02;1239
2016-04-13 16:40:01+02;1239
2016-04-13 18:02:01+02;1229
2016-04-13 18:38:01+02;1219
2016-04-14 03:18:01+02;1289
2016-04-14 10:58:01+02;1289
2016-04-14 11:36:01+02;1269
2016-04-14 13:50:01+02;1259
2016-04-14 16:28:01+02;1249
2016-04-14 19:12:01+02;1249
2016-04-14 19:18:01+02;1239
2016-04-15 03:20:01+02;1299
2016-04-15 06:28:01+02;1289
2016-04-15 06:42:01+02;1289
2016-04-15 10:14:01+02;1279
2016-04-15 11:44:01+02;1259
2016-04-15 16:44:01+02;1259
2016-04-15 16:58:01+02;1249
2016-04-15 17:36:01+02;1249
2016-04-15 17:42:01+02;1239
2016-04-15 19:44:02+02;1229
2016-04-16 03:18:01+02;1289
2016-04-16 11:42:01+02;1279
2016-04-16 11:58:01+02;1269
2016-04-16 12:20:01+02;1259
2016-04-16 15:26:01+02;1249
2016-04-16 16:50:01+02;1249
2016-04-16 16:56:01+02;1239
2016-04-16 17:42:01+02;1239
2016-04-16 17:54:01+02;1229
2016-04-16 19:24:01+02;1229
2016-04-17 03:20:01+02;1289
2016-04-17 08:30:01+02;1259
2016-04-17 09:38:01+02;1249
2016-04-17 15:04:01+02;1229
2016-04-18 03:18:01+02;1289
2016-04-18 06:24:01+02;1289
2016-04-18 09:28:01+02;1279
2016-04-18 11:38:01+02;1279
2016-04-18 12:04:01+02;1269
2016-04-18 15:12:01+02;1269
2016-04-18 15:36:01+02;1249
2016-04-18 16:58:01+02;1249
2016-04-18 17:58:01+02;1239
2016-04-18 19:40:01+02;1239
2016-04-18 19:48:01+02;1229
2016-04-19 03:20:01+02;1289
2016-04-19 10:12:01+02;1289
2016-04-19 10:30:01+02;1269
2016-04-19 11:44:01+02;1249
2016-04-19 18:06:02+02;1249
2016-04-19 18:14:01+02;1239
2016-04-19 19:50:01+02;1239
2016-04-19 20:50:01+02;1239
2016-04-20 03:18:01+02;1299
2016-04-20 06:06:01+02;1299
2016-04-20 06:40:01+02;1289
2016-04-20 07:58:01+02;1229
2016-04-20 08:34:01+02;1229
2016-04-20 08:54:01+02;1229
2016-04-20 10:00:01+02;1219
2016-04-20 12:30:01+02;1249
2016-04-20 12:58:01+02;1239
2016-04-20 13:36:01+02;1239
2016-04-20 13:42:01+02;1219
2016-04-20 17:58:01+02;1209
2016-04-21 03:18:01+02;1219
2016-04-21 06:04:01+02;1279
2016-04-21 06:40:02+02;1219
2016-04-21 12:34:01+02;1239
2016-04-21 13:46:01+02;1219
2016-04-22 03:18:01+02;1279
2016-04-22 06:36:01+02;1279
2016-04-22 10:06:01+02;1269
2016-04-22 10:58:01+02;1269
2016-04-22 11:04:01+02;1229
2016-04-22 12:22:01+02;1249
2016-04-22 13:16:01+02;1249
2016-04-22 13:40:01+02;1249
2016-04-22 13:46:01+02;1229
2016-04-22 19:40:01+02;1229
2016-04-23 03:20:01+02;1289
2016-04-23 07:44:01+02;1289
2016-04-23 08:48:01+02;1279
2016-04-23 09:32:02+02;1239
2016-04-23 12:24:01+02;1259
2016-04-23 13:30:01+02;1239
2016-04-23 16:50:01+02;1229
2016-04-23 18:10:01+02;1229
2016-04-24 03:18:01+02;1299
2016-04-24 09:02:01+02;1259
2016-04-24 09:06:01+02;1299
2016-04-24 09:30:01+02;1259
2016-04-24 11:16:01+02;1259
2016-04-24 11:32:01+02;1249
2016-04-24 11:42:01+02;1249
2016-04-24 19:12:01+02;1239
2016-04-24 21:46:01+02;1239
2016-04-25 03:20:01+02;1299
2016-04-25 05:58:01+02;1279
2016-04-25 06:28:01+02;1279
2016-04-25 07:02:01+02;1249
2016-04-25 12:28:01+02;1269
2016-04-25 13:50:01+02;1249
2016-04-25 18:26:01+02;1249
2016-04-25 18:40:01+02;1239
2016-04-26 03:18:01+02;1299
2016-04-26 06:28:01+02;1299
2016-04-26 06:54:01+02;1289
2016-04-26 11:02:01+02;1289
2016-04-26 11:14:01+02;1279
2016-04-26 12:26:01+02;1299
2016-04-26 13:40:01+02;1279
2016-04-26 15:20:01+02;1259
2016-04-26 16:36:01+02;1249
2016-04-26 16:42:01+02;1249
2016-04-27 03:20:01+02;1309
2016-04-27 06:36:01+02;1299
2016-04-27 06:54:01+02;1289
2016-04-27 10:08:01+02;1279
2016-04-27 11:34:01+02;1269
2016-04-27 12:34:01+02;1289
2016-04-27 13:20:01+02;1279
2016-04-27 14:08:01+02;1269
2016-04-27 14:48:01+02;1259
2016-04-27 17:02:01+02;1259
2016-04-27 18:28:01+02;1249
2016-04-28 03:18:01+02;1309
2016-04-28 06:34:01+02;1289
2016-04-28 10:06:01+02;1289
2016-04-28 11:38:01+02;1279
2016-04-28 12:30:01+02;1299
2016-04-28 13:40:01+02;1289
2016-04-28 14:58:01+02;1269
2016-04-28 17:07:01+02;1269
2016-04-28 17:34:01+02;1269
2016-04-28 17:58:01+02;1259
2016-04-28 18:10:01+02;1239
2016-04-29 03:18:01+02;1299
2016-04-29 09:00:01+02;1289
2016-04-29 12:00:01+02;1269
2016-04-29 17:58:01+02;1269
2016-04-29 18:14:01+02;1259
2016-04-29 18:28:01+02;1259
2016-04-29 19:54:01+02;1249
2016-04-30 03:18:01+02;1309
2016-04-30 08:18:01+02;1299
2016-04-30 10:06:01+02;1299
2016-04-30 11:02:01+02;1289
2016-04-30 11:28:01+02;1289
2016-04-30 12:24:01+02;1309
2016-04-30 13:34:01+02;1289
2016-04-30 15:02:01+02;1279
2016-04-30 15:26:01+02;1269
2016-04-30 16:12:01+02;1269
2016-04-30 17:06:01+02;1259
2016-04-30 17:54:01+02;1249
2016-04-30 19:14:01+02;1249
2016-05-01 03:18:01+02;1309
2016-05-01 08:08:01+02;1279
2016-05-01 14:32:01+02;1269
2016-05-01 15:04:01+02;1259
2016-05-01 15:42:01+02;1259
2016-05-01 19:40:01+02;1259
2016-05-01 21:26:06+02;1259
2016-05-02 03:21:01+02;1319
2016-05-02 06:33:01+02;1299
2016-05-02 09:09:01+02;1299
2016-05-02 11:29:01+02;1289
2016-05-02 12:01:01+02;1269
2016-05-02 12:29:01+02;1289
2016-05-02 13:33:01+02;1279
2016-05-02 13:37:01+02;1269
2016-05-02 18:45:01+02;1259
2016-05-03 03:18:01+02;1319
2016-05-03 06:28:01+02;1279
2016-05-03 07:22:01+02;1279
2016-05-03 10:18:01+02;1249
2016-05-03 11:40:01+02;1249
2016-05-03 11:48:01+02;1249
2016-05-03 12:32:01+02;1269
2016-05-03 13:40:01+02;1269
2016-05-03 15:30:02+02;1249
2016-05-03 16:28:01+02;1249
2016-05-03 17:42:01+02;1249
2016-05-03 18:28:02+02;1249
2016-05-04 03:18:01+02;1309
2016-05-04 08:06:01+02;1299
2016-05-04 09:00:01+02;1299
2016-05-04 09:32:01+02;1289
2016-05-04 11:08:01+02;1279
2016-05-04 11:14:01+02;1269
2016-05-04 11:58:01+02;1259
2016-05-04 12:24:01+02;1279
2016-05-04 13:34:01+02;1259
2016-05-04 17:08:01+02;1249
2016-05-04 17:50:01+02;1239
2016-05-05 03:20:01+02;1299
2016-05-05 07:20:01+02;1299
2016-05-05 09:00:01+02;1249
2016-05-05 09:48:01+02;1239
2016-05-06 03:20:01+02;1299
2016-05-06 06:38:01+02;1299
2016-05-06 09:00:01+02;1289
2016-05-06 10:28:01+02;1279
2016-05-06 11:14:01+02;1269
2016-05-06 12:34:01+02;1289
2016-05-06 13:36:01+02;1269
2016-05-06 14:34:01+02;1269
2016-05-06 15:38:01+02;1259
2016-05-06 18:58:01+02;1239
2016-05-06 20:22:01+02;1249
2016-05-06 20:44:01+02;1239
2016-05-07 03:18:01+02;1299
2016-05-07 06:58:01+02;1299
2016-05-07 07:58:02+02;1289
2016-05-07 10:08:01+02;1289
2016-05-07 11:20:01+02;1279
2016-05-07 11:58:01+02;1269
2016-05-07 12:06:01+02;1269
2016-05-07 12:28:01+02;1289
2016-05-07 13:38:01+02;1279
2016-05-07 15:06:01+02;1249
2016-05-07 16:42:01+02;1249
2016-05-07 17:58:01+02;1239
2016-05-07 18:12:01+02;1239
2016-05-08 03:18:01+02;1299
2016-05-08 08:54:01+02;1249
2016-05-08 18:12:01+02;1239
2016-05-08 19:56:01+02;1239
2016-05-09 03:18:01+02;1299
2016-05-09 06:38:01+02;1299
2016-05-09 07:36:01+02;1279
2016-05-09 09:48:01+02;1279
2016-05-09 10:22:01+02;1269
2016-05-09 11:58:01+02;1259
2016-05-09 12:26:01+02;1279
2016-05-09 13:34:01+02;1259
2016-05-09 14:50:01+02;1239
2016-05-09 16:08:01+02;1229
2016-05-09 18:14:01+02;1229
2016-05-10 03:18:01+02;1289
2016-05-10 06:48:01+02;1289
2016-05-10 07:28:01+02;1279
2016-05-10 10:28:01+02;1269
2016-05-10 11:44:01+02;1249
2016-05-10 12:16:01+02;1239
2016-05-10 12:30:01+02;1259
2016-05-10 13:32:01+02;1249
2016-05-10 17:50:01+02;1229
2016-05-10 19:40:01+02;1229
2016-05-11 03:18:01+02;1289
2016-05-11 06:30:01+02;1279
2016-05-11 07:02:01+02;1229
2016-05-11 12:26:01+02;1249
2016-05-11 15:00:02+02;1229
2016-05-12 03:18:01+02;1289
2016-05-12 06:30:01+02;1279
2016-05-12 07:44:01+02;1279
2016-05-12 08:58:01+02;1239
2016-05-12 10:50:01+02;1239
2016-05-12 12:06:01+02;1239
2016-05-12 12:16:01+02;1239
2016-05-12 12:40:01+02;1259
2016-05-12 13:36:01+02;1239
2016-05-12 15:38:01+02;1239
2016-05-12 17:44:01+02;1229
2016-05-12 20:00:01+02;1219
2016-05-13 03:18:01+02;1299
2016-05-13 06:28:01+02;1289
2016-05-13 07:00:01+02;1289
2016-05-13 09:28:01+02;1279
2016-05-13 10:10:01+02;1279
2016-05-13 12:00:01+02;1269
2016-05-13 12:18:01+02;1259
2016-05-13 12:28:01+02;1279
2016-05-13 14:28:01+02;1259
2016-05-13 15:02:01+02;1259
2016-05-13 18:14:01+02;1249
2016-05-14 03:18:01+02;1309
2016-05-14 05:30:01+02;1259
2016-05-14 07:36:01+02;1259
2016-05-14 08:12:01+02;1259
2016-05-14 09:38:01+02;1259
2016-05-14 12:22:01+02;1279
2016-05-14 13:10:01+02;1259
2016-05-14 20:10:01+02;1259
2016-05-15 03:20:01+02;1319
2016-05-15 07:24:01+02;1299
2016-05-15 08:16:01+02;1269
2016-05-15 17:58:01+02;1259
2016-05-15 19:56:01+02;1249
2016-05-16 03:18:01+02;1309
2016-05-16 07:34:01+02;1269
2016-05-17 03:20:01+02;1329
2016-05-17 06:20:01+02;1289
2016-05-17 11:36:01+02;1279
2016-05-17 13:14:01+02;1299
2016-05-17 13:22:01+02;1289
2016-05-17 13:28:01+02;1279
2016-05-17 17:24:01+02;1279
2016-05-17 17:42:01+02;1269
2016-05-17 18:14:01+02;1259
2016-05-18 03:18:01+02;1319
2016-05-18 08:58:01+02;1309
2016-05-18 10:28:01+02;1299
2016-05-18 11:36:01+02;1279
2016-05-18 12:40:01+02;1299
2016-05-18 13:34:01+02;1279
2016-05-18 17:58:01+02;1269
2016-05-19 03:20:01+02;1329
2016-05-19 06:54:01+02;1319
2016-05-19 07:44:01+02;1319
2016-05-19 09:58:01+02;1309
2016-05-19 10:22:01+02;1269
2016-05-19 12:22:01+02;1289
2016-05-19 13:34:01+02;1269
2016-05-19 17:32:01+02;1259
2016-05-20 03:18:01+02;1319
2016-05-20 09:14:01+02;1309
2016-05-20 12:10:01+02;1289
2016-05-20 12:30:01+02;1309
2016-05-20 14:32:01+02;1289
2016-05-20 18:40:01+02;1279
2016-05-20 19:28:01+02;1269
2016-05-20 20:00:01+02;1269
2016-05-21 03:18:01+02;1329
2016-05-21 08:00:01+02;1309
2016-05-21 09:44:01+02;1279
2016-05-21 12:28:01+02;1299
2016-05-21 13:34:01+02;1279
2016-05-21 17:12:01+02;1269
2016-05-22 03:18:02+02;1329
2016-05-22 07:48:01+02;1319
2016-05-22 09:02:01+02;1289
2016-05-22 15:06:01+02;1279
2016-05-22 15:56:01+02;1269
2016-05-22 16:48:01+02;1269
2016-05-23 03:18:01+02;1329
2016-05-23 06:58:01+02;1319
2016-05-23 10:28:01+02;1309
2016-05-23 11:58:01+02;1299
2016-05-23 12:30:01+02;1319
2016-05-23 13:28:01+02;1299
2016-05-23 15:00:01+02;1289
2016-05-23 17:20:01+02;1279
2016-05-23 19:44:01+02;1269
2016-05-24 03:18:01+02;1329
2016-05-24 06:58:01+02;1319
2016-05-24 08:58:01+02;1319
2016-05-24 10:12:01+02;1319
2016-05-24 10:36:01+02;1309
2016-05-24 10:56:01+02;1309
2016-05-24 11:38:01+02;1299
2016-05-24 11:56:01+02;1289
2016-05-24 12:28:01+02;1309
2016-05-24 13:34:01+02;1289
2016-05-24 18:14:01+02;1269
2016-05-24 19:12:01+02;1269
2016-05-24 20:28:01+02;1259
2016-05-24 21:50:02+02;1259
2016-05-25 03:18:01+02;1329
2016-05-25 05:38:01+02;1319
2016-05-25 08:04:01+02;1319
2016-05-25 09:00:02+02;1309
2016-05-25 10:30:01+02;1299
2016-05-25 11:54:01+02;1289
2016-05-25 12:56:01+02;1309
2016-05-25 13:24:01+02;1299
2016-05-25 13:34:01+02;1289
2016-05-25 14:36:02+02;1279
2016-05-25 19:50:01+02;1279
2016-05-26 03:20:01+02;1339
2016-05-26 08:12:01+02;1329
2016-05-26 08:58:01+02;1319
2016-05-26 09:08:01+02;1299
2016-05-26 19:24:01+02;1299
2016-05-27 03:20:01+02;1359
2016-05-27 06:00:01+02;1349
2016-05-27 07:08:01+02;1329
2016-05-27 07:42:01+02;1329
2016-05-27 10:58:01+02;1319
2016-05-27 11:40:01+02;1319
2016-05-27 11:58:01+02;1309
2016-05-27 12:18:02+02;1299
2016-05-27 12:32:01+02;1319
2016-05-27 13:30:01+02;1319
2016-05-27 17:06:01+02;1289
2016-05-27 19:10:01+02;1279
2016-05-28 03:20:01+02;1339
2016-05-28 05:28:01+02;1299
2016-05-28 10:10:01+02;1299
2016-05-28 11:38:01+02;1299
2016-05-28 12:12:01+02;1299
2016-05-28 12:30:01+02;1319
2016-05-28 13:04:01+02;1314
2016-05-28 13:06:01+02;1319
2016-05-28 13:36:02+02;1309
2016-05-28 16:12:01+02;1299
2016-05-28 18:40:01+02;1279
2016-05-28 19:10:01+02;1279
2016-05-29 03:18:01+02;1339
2016-05-29 08:36:01+02;1299
2016-05-29 11:58:01+02;1289
2016-05-29 19:14:01+02;1279
2016-05-30 03:18:01+02;1339
2016-05-30 06:58:01+02;1339
2016-05-30 10:28:01+02;1329
2016-05-30 11:10:01+02;1309
2016-05-30 12:28:01+02;1329
2016-05-30 13:28:01+02;1309
2016-05-30 16:42:01+02;1299
2016-05-30 17:26:01+02;1299
2016-05-30 19:24:01+02;1289
2016-05-31 03:20:01+02;1369
2016-05-31 05:50:01+02;1349
2016-05-31 07:04:01+02;1339
2016-05-31 09:12:01+02;1329
2016-05-31 11:58:01+02;1309
2016-05-31 12:26:01+02;1329
2016-05-31 13:34:01+02;1309
2016-05-31 16:06:01+02;1299
2016-05-31 19:28:01+02;1279
2016-06-01 03:18:01+02;1359
2016-06-01 05:54:02+02;1359
2016-06-01 06:58:01+02;1349
2016-06-01 09:46:01+02;1339
2016-06-01 11:06:01+02;1329
2016-06-01 11:42:01+02;1329
2016-06-01 12:22:01+02;1349
2016-06-01 13:34:01+02;1329
2016-06-01 17:32:01+02;1309
2016-06-01 19:10:01+02;1299
2016-06-01 19:40:01+02;1289
2016-06-02 03:18:01+02;1369
2016-06-02 05:38:01+02;1359
2016-06-02 05:56:01+02;1359
2016-06-02 07:26:01+02;1349
2016-06-02 11:42:01+02;1339
2016-06-02 12:22:01+02;1339
2016-06-02 12:32:01+02;1359
2016-06-02 13:32:01+02;1339
2016-06-02 14:28:02+02;1339
2016-06-02 15:34:01+02;1329
2016-06-02 16:12:01+02;1319
2016-06-02 18:14:01+02;1309
2016-06-02 18:40:01+02;1309
2016-06-02 19:10:01+02;1299
2016-06-02 19:40:01+02;1289
2016-06-03 03:18:01+02;1369
2016-06-03 05:48:01+02;1359
2016-06-03 05:54:01+02;1359
2016-06-03 07:00:01+02;1349
2016-06-03 09:36:01+02;1339
2016-06-03 10:14:01+02;1329
2016-06-03 11:44:01+02;1319
2016-06-03 12:32:01+02;1339
2016-06-03 13:40:02+02;1319
2016-06-03 15:14:01+02;1309
2016-06-03 16:44:01+02;1299
2016-06-03 19:14:01+02;1299
2016-06-03 21:14:01+02;1299
2016-06-04 03:18:01+02;1379
2016-06-04 05:56:01+02;1359
2016-06-04 07:14:01+02;1349
2016-06-04 09:06:01+02;1339
2016-06-04 09:20:01+02;1339
2016-06-04 12:32:01+02;1359
2016-06-04 13:18:01+02;1349
2016-06-04 13:28:01+02;1339
2016-06-04 13:32:01+02;1339
2016-06-04 15:00:02+02;1319
2016-06-04 17:40:01+02;1309
2016-06-04 18:10:01+02;1299
2016-06-04 19:54:01+02;1289
2016-06-05 03:18:01+02;1369
2016-06-05 06:30:01+02;1359
2016-06-05 07:30:01+02;1359
2016-06-05 08:00:01+02;1299
2016-06-05 11:18:01+02;1299
2016-06-05 14:22:01+02;1289
2016-06-06 03:18:01+02;1369
2016-06-06 05:50:01+02;1359
2016-06-06 05:56:01+02;1359
2016-06-06 06:56:01+02;1349
2016-06-06 10:14:01+02;1349
2016-06-06 11:34:01+02;1329
2016-06-06 12:30:02+02;1349
2016-06-06 13:32:01+02;1329
2016-06-06 14:42:01+02;1319
2016-06-06 18:10:01+02;1309
2016-06-06 18:54:01+02;1299
2016-06-06 19:58:01+02;1299
2016-06-07 03:20:01+02;1359
2016-06-07 07:44:01+02;1349
2016-06-07 12:28:01+02;1369
2016-06-07 13:32:01+02;1349
2016-06-07 14:58:01+02;1339
2016-06-07 15:40:01+02;1329
2016-06-07 16:58:01+02;1309
2016-06-07 17:30:01+02;1309
2016-06-07 18:24:01+02;1299
2016-06-08 03:20:01+02;1359
2016-06-08 06:34:01+02;1349
2016-06-08 07:06:01+02;1349
2016-06-08 08:42:01+02;1349
2016-06-08 11:32:01+02;1319
2016-06-08 12:38:01+02;1339
2016-06-08 13:02:01+02;1319
2016-06-08 18:58:01+02;1319
2016-06-08 19:28:01+02;1279
2016-06-09 03:20:01+02;1359
2016-06-09 05:38:01+02;1349
2016-06-09 06:34:01+02;1329
2016-06-09 12:50:01+02;1349
2016-06-09 13:14:01+02;1329
2016-06-09 14:32:01+02;1319
2016-06-09 15:12:01+02;1299
2016-06-09 15:42:01+02;1289
2016-06-09 18:14:01+02;1279
2016-06-10 03:18:01+02;1359
2016-06-10 05:32:01+02;1299
2016-06-10 11:50:01+02;1299
2016-06-10 12:36:01+02;1319
2016-06-10 13:32:01+02;1299
2016-06-10 14:52:01+02;1299
2016-06-10 15:14:01+02;1299
2016-06-11 03:18:01+02;1349
2016-06-11 06:32:01+02;1349
2016-06-11 08:16:01+02;1339
2016-06-11 12:22:02+02;1339
2016-06-11 14:30:01+02;1299
2016-06-11 15:10:01+02;1289
2016-06-11 17:10:01+02;1289
2016-06-11 18:44:01+02;1279
2016-06-12 03:20:01+02;1349
2016-06-12 06:32:01+02;1329
2016-06-12 08:46:01+02;1299
2016-06-12 09:26:01+02;1289
2016-06-13 03:20:01+02;1329
2016-06-13 12:34:01+02;1349
2016-06-13 13:34:01+02;1329
2016-06-13 13:48:01+02;1349
2016-06-13 13:50:02+02;1329
2016-06-13 14:06:01+02;1339
2016-06-13 14:12:01+02;1329
2016-06-13 14:36:01+02;1329
2016-06-13 15:58:01+02;1329
2016-06-13 16:44:01+02;1309
2016-06-13 18:42:01+02;1299
2016-06-13 19:28:01+02;1289
2016-06-13 20:22:01+02;1289
2016-06-14 03:18:01+02;1329
2016-06-14 12:28:01+02;1349
2016-06-14 13:34:01+02;1329
2016-06-14 15:14:01+02;1309
2016-06-14 17:10:01+02;1299
2016-06-14 18:42:01+02;1299
2016-06-14 19:10:01+02;1289
2016-06-15 03:18:01+02;1329
2016-06-15 06:32:01+02;1299
2016-06-15 12:36:01+02;1319
2016-06-15 13:28:01+02;1299
2016-06-15 18:28:01+02;1289
2016-06-15 20:08:01+02;1289
2016-06-15 20:10:01+02;1279
2016-06-16 03:20:01+02;1329
2016-06-16 11:56:01+02;1319
2016-06-16 12:30:01+02;1339
2016-06-16 14:22:01+02;1329
2016-06-16 14:30:01+02;1329
2016-06-16 15:14:01+02;1309
2016-06-16 16:58:01+02;1299
2016-06-16 17:58:01+02;1289
2016-06-16 19:58:01+02;1269
2016-06-17 03:18:01+02;1329
2016-06-17 09:58:01+02;1319
2016-06-17 11:56:01+02;1299
2016-06-17 12:30:01+02;1319
2016-06-17 14:34:01+02;1319
2016-06-17 15:34:01+02;1299
2016-06-17 17:44:01+02;1289
2016-06-17 18:56:01+02;1279
2016-06-17 19:10:01+02;1279
2016-06-17 19:40:01+02;1269
2016-06-18 03:18:01+02;1329
2016-06-18 09:58:01+02;1319
2016-06-18 10:36:01+02;1319
2016-06-18 12:24:01+02;1319
2016-06-18 13:36:01+02;1319
2016-06-18 15:12:01+02;1299
2016-06-18 16:18:01+02;1299
2016-06-18 17:38:01+02;1279
2016-06-18 17:50:01+02;1279
2016-06-18 19:10:01+02;1269
2016-06-18 20:06:01+02;1269
2016-06-19 03:18:01+02;1329
2016-06-19 06:28:01+02;1319
2016-06-19 07:40:01+02;1279
2016-06-19 16:58:01+02;1279
2016-06-20 03:20:01+02;1329
2016-06-20 06:34:01+02;1329
2016-06-20 11:00:01+02;1319
2016-06-20 12:12:01+02;1309
2016-06-20 12:32:01+02;1329
2016-06-20 13:26:01+02;1319
2016-06-20 14:28:01+02;1309
2016-06-20 17:34:01+02;1299
2016-06-20 18:28:01+02;1289
2016-06-20 19:28:01+02;1279
2016-06-21 03:18:01+02;1329
2016-06-21 12:20:01+02;1329
2016-06-21 12:38:01+02;1349
2016-06-21 13:00:01+02;1329
2016-06-21 14:38:01+02;1319
2016-06-21 16:12:01+02;1299
2016-06-21 17:58:01+02;1289
2016-06-21 18:06:01+02;1289
2016-06-21 20:06:01+02;1289
2016-06-22 03:18:01+02;1329
2016-06-22 11:58:01+02;1319
2016-06-22 12:06:01+02;1319
2016-06-22 12:26:01+02;1339
2016-06-22 13:34:01+02;1319
2016-06-22 14:38:01+02;1319
2016-06-22 16:28:01+02;1309
2016-06-22 18:08:01+02;1299
2016-06-22 19:06:02+02;1299
2016-06-22 19:54:01+02;1289
2016-06-23 03:18:01+02;1329
2016-06-23 10:14:01+02;1319
2016-06-23 12:26:01+02;1339
2016-06-23 13:34:01+02;1319
2016-06-23 14:58:01+02;1319
2016-06-23 17:58:01+02;1299
2016-06-23 19:40:01+02;1289
2016-06-24 03:18:01+02;1329
2016-06-24 12:48:01+02;1349
2016-06-24 13:26:01+02;1339
2016-06-24 14:34:01+02;1339
2016-06-24 15:40:01+02;1329
2016-06-24 16:43:01+02;1309
2016-06-24 17:32:01+02;1299
2016-06-24 17:40:01+02;1299
2016-06-24 19:28:01+02;1289
2016-06-25 03:20:01+02;1329
2016-06-25 11:40:01+02;1329
2016-06-25 11:58:01+02;1319
2016-06-25 12:32:01+02;1339
2016-06-25 13:20:02+02;1319
2016-06-25 13:34:01+02;1319
2016-06-25 15:28:01+02;1309
2016-06-25 16:24:01+02;1299
2016-06-25 17:58:02+02;1289
2016-06-25 18:10:01+02;1279
2016-06-25 19:54:01+02;1269
2016-06-26 03:18:01+02;1329
2016-06-26 05:04:01+02;1299
2016-06-26 18:26:01+02;1299
2016-06-26 18:40:01+02;1289
2016-06-26 18:58:01+02;1289
2016-06-27 03:18:01+02;1329
2016-06-27 12:02:01+02;1309
2016-06-27 12:32:01+02;1329
2016-06-27 14:38:01+02;1319
2016-06-27 16:10:01+02;1309
2016-06-27 17:44:01+02;1299
2016-06-27 18:00:01+02;1289
2016-06-28 03:18:01+02;1329
2016-06-28 07:20:02+02;1329
2016-06-28 10:12:01+02;1319
2016-06-28 11:58:01+02;1299
2016-06-28 12:20:01+02;1299
2016-06-28 12:32:01+02;1319
2016-06-28 13:02:01+02;1319
2016-06-28 13:24:01+02;1299
2016-06-28 14:50:01+02;1299
2016-06-28 18:33:01+02;1289
2016-06-29 03:20:01+02;1309
2016-06-29 12:34:01+02;1329
2016-06-29 13:30:01+02;1309
2016-06-29 15:32:01+02;1299
2016-06-29 18:28:01+02;1279
2016-06-30 03:18:01+02;1329
2016-06-30 09:58:01+02;1329
2016-06-30 10:14:01+02;1279
2016-06-30 12:34:01+02;1299
2016-06-30 13:30:01+02;1279
2016-06-30 19:30:01+02;1269
2016-07-01 03:20:01+02;1329
2016-07-01 06:30:01+02;1319
2016-07-01 12:34:01+02;1339
2016-07-01 13:00:02+02;1329
2016-07-01 13:34:02+02;1319
2016-07-01 14:42:01+02;1319
2016-07-01 15:12:01+02;1289
2016-07-01 17:36:01+02;1279
2016-07-01 17:40:02+02;1279
2016-07-01 19:58:01+02;1269
2016-07-02 03:18:01+02;1329
2016-07-02 10:28:02+02;1319
2016-07-02 11:16:01+02;1299
2016-07-02 12:30:01+02;1319
2016-07-02 12:56:01+02;1319
2016-07-02 14:28:01+02;1309
2016-07-02 15:38:01+02;1299
2016-07-02 15:58:02+02;1289
2016-07-02 17:00:02+02;1279
2016-07-02 18:06:01+02;1269
2016-07-02 18:28:01+02;1269
2016-07-03 03:20:01+02;1329
2016-07-03 06:30:01+02;1319
2016-07-03 07:12:01+02;1289
2016-07-03 18:28:01+02;1269
2016-07-04 03:18:01+02;1329
2016-07-04 06:30:01+02;1319
2016-07-04 12:32:01+02;1339
2016-07-04 13:00:01+02;1329
2016-07-04 13:34:01+02;1319
2016-07-04 14:04:01+02;1319
2016-07-04 14:28:01+02;1309
2016-07-04 15:12:01+02;1289
2016-07-04 17:58:01+02;1269
2016-07-05 03:20:02+02;1329
2016-07-05 06:32:01+02;1319
2016-07-05 10:02:01+02;1289
2016-07-05 10:42:01+02;1289
2016-07-05 12:30:01+02;1309
2016-07-05 13:38:01+02;1289
2016-07-05 19:14:01+02;1269
2016-07-06 03:20:02+02;1329
2016-07-06 06:30:01+02;1319
2016-07-06 10:14:01+02;1309
2016-07-06 12:28:01+02;1329
2016-07-06 13:02:01+02;1319
2016-07-06 13:16:01+02;1309
2016-07-06 14:22:01+02;1309
2016-07-06 15:34:01+02;1309
2016-07-06 16:40:01+02;1299
2016-07-06 17:22:01+02;1299
2016-07-06 18:00:02+02;1279
2016-07-06 18:28:01+02;1269
2016-07-07 03:18:01+02;1329
2016-07-07 06:32:01+02;1319
2016-07-07 09:28:01+02;1279
2016-07-07 09:56:01+02;1269
2016-07-07 12:24:01+02;1289
2016-07-07 13:30:01+02;1269
2016-07-07 14:30:01+02;1259
2016-07-07 18:10:01+02;1249
2016-07-08 03:18:01+02;1329
2016-07-08 06:32:01+02;1299
2016-07-08 12:14:01+02;1289
2016-07-08 12:30:01+02;1309
2016-07-08 13:36:01+02;1299
2016-07-08 15:42:02+02;1289
2016-07-08 16:56:01+02;1279
2016-07-08 17:58:01+02;1249
2016-07-09 03:18:01+02;1319
2016-07-09 06:30:01+02;1299
2016-07-09 06:58:01+02;1269
2016-07-09 07:34:01+02;1259
2016-07-09 12:24:01+02;1279
2016-07-09 13:14:01+02;1269
2016-07-09 13:40:01+02;1259
2016-07-09 17:44:01+02;1239
2016-07-09 19:10:01+02;1239
2016-07-09 19:26:01+02;1229
2016-07-10 03:18:01+02;1309
2016-07-10 06:28:01+02;1279
2016-07-10 09:30:01+02;1239
2016-07-11 03:20:01+02;1309
2016-07-11 06:34:01+02;1289
2016-07-11 12:32:01+02;1309
2016-07-11 13:32:01+02;1289
2016-07-11 14:44:01+02;1269
2016-07-11 18:00:01+02;1269
2016-07-11 18:08:01+02;1259
2016-07-11 18:14:01+02;1239
2016-07-11 18:44:01+02;1239
2016-07-11 20:00:01+02;1239
2016-07-12 03:18:01+02;1319
2016-07-12 06:34:01+02;1289
2016-07-12 10:10:02+02;1279
2016-07-12 11:32:01+02;1269
2016-07-12 12:38:01+02;1289
2016-07-12 13:28:01+02;1269
2016-07-12 17:12:01+02;1259
2016-07-12 17:34:01+02;1249
2016-07-12 17:58:01+02;1239
2016-07-13 03:20:01+02;1319
2016-07-13 06:32:01+02;1289
2016-07-13 07:42:01+02;1249
2016-07-13 10:44:02+02;1239
2016-07-13 12:28:01+02;1259
2016-07-13 13:30:02+02;1239
2016-07-13 18:28:01+02;1229
2016-07-14 03:18:01+02;1309
2016-07-14 06:30:01+02;1279
2016-07-14 12:30:01+02;1299
2016-07-14 13:28:01+02;1279
2016-07-14 15:02:01+02;1269
2016-07-14 16:42:01+02;1259
2016-07-14 18:28:01+02;1249
2016-07-15 03:20:01+02;1319
2016-07-15 06:32:01+02;1299
2016-07-15 10:42:01+02;1289
2016-07-15 10:58:02+02;1279
2016-07-15 11:06:01+02;1279
2016-07-15 11:30:01+02;1259
2016-07-15 12:04:01+02;1259
2016-07-15 12:32:01+02;1279
2016-07-15 13:30:01+02;1269
2016-07-15 13:36:01+02;1259
2016-07-15 15:20:01+02;1259
2016-07-15 16:34:01+02;1249
2016-07-15 17:12:01+02;1239
2016-07-15 18:50:01+02;1229
2016-07-15 19:50:01+02;1229
2016-07-16 03:18:01+02;1309
2016-07-16 06:28:01+02;1279
2016-07-16 11:46:01+02;1249
2016-07-16 17:40:02+02;1249
2016-07-16 18:58:02+02;1249
2016-07-16 19:40:01+02;1249
2016-07-17 03:18:01+02;1279
2016-07-17 08:54:01+02;1249
2016-07-18 03:18:01+02;1319
2016-07-18 06:32:01+02;1299
2016-07-18 10:04:01+02;1259
2016-07-18 11:50:01+02;1249
2016-07-18 12:26:02+02;1269
2016-07-18 13:40:02+02;1259
2016-07-18 15:06:01+02;1239
2016-07-18 18:28:01+02;1239
2016-07-19 03:18:01+02;1299
2016-07-19 06:36:01+02;1289
2016-07-19 08:44:01+02;1249
2016-07-19 11:12:01+02;1239
2016-07-19 12:28:01+02;1239
2016-07-19 12:34:01+02;1259
2016-07-19 13:38:01+02;1239
2016-07-19 15:00:01+02;1239
2016-07-19 15:44:01+02;1239
2016-07-19 19:56:01+02;1229
2016-07-19 20:28:01+02;1229
2016-07-20 03:18:01+02;1299
2016-07-20 06:28:01+02;1239
2016-07-20 12:36:01+02;1259
2016-07-20 13:34:01+02;1239
2016-07-20 19:12:01+02;1239
2016-07-20 19:28:01+02;1219
2016-07-21 03:20:01+02;1289
2016-07-21 06:32:01+02;1269
2016-07-21 12:48:01+02;1289
2016-07-21 13:26:01+02;1279
2016-07-21 13:28:01+02;1269
2016-07-21 14:50:01+02;1269
2016-07-21 15:44:01+02;1269
2016-07-21 15:58:01+02;1249
2016-07-21 17:58:01+02;1239
2016-07-21 18:40:01+02;1229
2016-07-21 19:54:01+02;1219
2016-07-22 03:18:02+02;1269
2016-07-22 09:40:02+02;1229
2016-07-22 10:58:01+02;1229
2016-07-22 12:24:01+02;1249
2016-07-22 13:38:01+02;1229
2016-07-22 16:42:01+02;1229
2016-07-23 03:18:01+02;1269
2016-07-23 12:34:01+02;1289
2016-07-23 13:38:01+02;1269
2016-07-23 15:34:01+02;1259
2016-07-23 15:58:01+02;1239
2016-07-23 17:58:01+02;1229
2016-07-23 18:24:01+02;1229
2016-07-24 03:18:01+02;1269
2016-07-24 09:00:01+02;1239
2016-07-24 18:38:01+02;1229
2016-07-25 03:18:01+02;1269
2016-07-25 09:00:01+02;1269
2016-07-25 10:02:01+02;1249
2016-07-25 12:24:01+02;1269
2016-07-25 13:36:01+02;1249
2016-07-25 18:28:01+02;1219
2016-07-25 20:26:01+02;1219
2016-07-26 03:18:01+02;1269
2016-07-26 09:16:01+02;1239
2016-07-26 10:58:01+02;1229
2016-07-26 11:34:01+02;1219
2016-07-26 12:32:01+02;1239
2016-07-26 13:34:01+02;1219
2016-07-26 18:18:01+02;1219
2016-07-27 03:20:01+02;1269
2016-07-27 12:46:01+02;1289
2016-07-27 13:14:02+02;1269
2016-07-27 17:12:01+02;1249
2016-07-27 18:28:01+02;1239
2016-07-27 20:12:01+02;1219
2016-07-28 03:18:01+02;1269
2016-07-28 15:42:01+02;1259
2016-07-28 16:28:01+02;1249
2016-07-28 17:58:01+02;1239
2016-07-28 18:58:01+02;1229
2016-07-28 20:02:01+02;1229
2016-07-29 03:21:01+02;1269
2016-07-29 06:39:01+02;1249
2016-07-29 12:32:01+02;1269
2016-07-29 13:21:02+02;1239
2016-07-29 15:06:01+02;1239
2016-07-30 03:21:01+02;1269
2016-07-30 10:51:01+02;1259
2016-07-30 12:35:01+02;1279
2016-07-30 13:28:01+02;1259
2016-07-30 15:06:01+02;1249
2016-07-30 19:39:01+02;1239
2016-07-31 03:19:02+02;1269
2016-07-31 08:02:01+02;1249
2016-07-31 16:28:01+02;1239
2016-07-31 16:36:01+02;1239
2016-08-01 03:20:01+02;1269
2016-08-01 12:06:01+02;1269
2016-08-01 12:46:01+02;1289
2016-08-01 13:24:01+02;1279
2016-08-01 13:32:01+02;1269
2016-08-01 14:23:01+02;1269
2016-08-01 15:11:01+02;1259
2016-08-01 15:35:01+02;1259
2016-08-01 16:44:01+02;1249
2016-08-01 18:28:01+02;1249
2016-08-01 19:59:01+02;1239
2016-08-02 03:19:01+02;1269
2016-08-02 06:35:01+02;1269
2016-08-02 12:31:01+02;1289
2016-08-02 13:42:01+02;1269
2016-08-02 15:44:01+02;1259
2016-08-02 16:39:01+02;1259
2016-08-02 17:51:01+02;1259
2016-08-02 17:59:01+02;1239
2016-08-02 19:08:01+02;1239
2016-08-02 20:19:01+02;1239
2016-08-03 03:19:01+02;1269
2016-08-03 15:00:01+02;1269
2016-08-03 15:40:01+02;1259
2016-08-03 15:59:01+02;1259
2016-08-03 16:08:01+02;1259
2016-08-03 16:11:01+02;1249
2016-08-03 17:40:01+02;1239
2016-08-03 18:42:01+02;1239
2016-08-03 19:28:01+02;1229
2016-08-03 19:55:01+02;1219
2016-08-03 21:51:01+02;1219
2016-08-04 03:19:01+02;1269
2016-08-04 14:12:01+02;1269
2016-08-04 15:06:01+02;1269
2016-08-04 15:44:01+02;1259
2016-08-04 16:12:01+02;1239
2016-08-04 16:52:01+02;1239
2016-08-04 18:24:01+02;1229
2016-08-04 19:59:01+02;1229
2016-08-04 20:11:01+02;1219
2016-08-05 03:19:01+02;1269
2016-08-05 07:52:02+02;1269
2016-08-05 08:16:01+02;1259
2016-08-05 10:12:01+02;1249
2016-08-05 12:32:01+02;1269
2016-08-05 12:59:01+02;1259
2016-08-05 13:04:01+02;1269
2016-08-05 13:24:01+02;1259
2016-08-05 13:35:02+02;1249
2016-08-05 15:28:01+02;1249
2016-08-05 15:59:01+02;1239
2016-08-05 17:56:02+02;1229
2016-08-05 20:11:01+02;1219
2016-08-06 03:19:01+02;1249
2016-08-06 11:32:01+02;1249
2016-08-06 15:44:01+02;1249
2016-08-06 16:27:01+02;1249
2016-08-06 16:40:01+02;1239
2016-08-06 19:35:01+02;1229
2016-08-07 03:19:01+02;1249
2016-08-07 06:28:01+02;1249
2016-08-07 08:12:01+02;1239
2016-08-08 03:19:01+02;1249
2016-08-08 12:35:01+02;1269
2016-08-08 13:35:01+02;1259
2016-08-08 15:12:01+02;1259
2016-08-08 15:40:01+02;1259
2016-08-08 16:15:01+02;1249
2016-08-08 16:36:02+02;1249
2016-08-08 19:59:01+02;1229
2016-08-09 03:20:01+02;1269
2016-08-09 10:31:01+02;1249
2016-08-09 11:11:01+02;1229
2016-08-09 12:31:01+02;1249
2016-08-09 13:36:01+02;1229
2016-08-10 03:19:01+02;1249
2016-08-10 06:32:01+02;1249
2016-08-10 15:20:01+02;1249
2016-08-10 15:40:01+02;1239
2016-08-10 18:40:01+02;1239
2016-08-11 03:19:01+02;1249
2016-08-11 12:19:01+02;1249
2016-08-11 12:27:01+02;1269
2016-08-11 13:35:01+02;1249
2016-08-11 14:48:01+02;1249
2016-08-11 16:55:01+02;1249
2016-08-11 19:00:01+02;1239
2016-08-11 20:06:01+02;1239
2016-08-12 03:20:01+02;1249
2016-08-12 07:39:01+02;1239
2016-08-12 12:20:01+02;1259
2016-08-12 13:35:01+02;1239
2016-08-12 17:39:01+02;1239
2016-08-13 03:19:01+02;1259
2016-08-13 06:31:01+02;1259
2016-08-13 12:46:01+02;1279
2016-08-13 13:24:01+02;1259
2016-08-13 15:44:01+02;1249
2016-08-13 16:28:01+02;1249
2016-08-13 18:56:02+02;1249
2016-08-13 19:40:01+02;1239
2016-08-14 03:19:01+02;1269
2016-08-14 07:28:01+02;1249
2016-08-14 11:51:01+02;1239
2016-08-15 03:20:01+02;1259
2016-08-15 12:19:01+02;1279
2016-08-15 13:35:01+02;1259
2016-08-15 14:39:02+02;1259
2016-08-15 16:31:01+02;1249
2016-08-15 20:23:01+02;1249
2016-08-16 03:19:01+02;1269
2016-08-16 07:02:01+02;1259
2016-08-16 12:35:01+02;1279
2016-08-16 13:40:01+02;1259
2016-08-16 14:06:01+02;1259
2016-08-16 15:28:01+02;1259
2016-08-16 16:28:01+02;1249
2016-08-16 16:48:01+02;1249
2016-08-16 18:20:01+02;1249
2016-08-16 19:56:02+02;1239
2016-08-17 03:19:01+02;1269
2016-08-17 08:31:01+02;1259
2016-08-17 12:28:01+02;1279
2016-08-17 13:04:01+02;1279
2016-08-17 13:36:01+02;1259
2016-08-17 14:20:01+02;1259
2016-08-17 15:02:01+02;1249
2016-08-17 15:19:01+02;1249
2016-08-17 16:59:02+02;1229
2016-08-17 17:04:01+02;1229
2016-08-18 03:19:01+02;1269
2016-08-18 07:28:01+02;1259
2016-08-18 15:39:01+02;1259
2016-08-18 15:52:01+02;1259
2016-08-18 18:12:01+02;1249
2016-08-18 19:15:01+02;1249
2016-08-18 21:08:01+02;1249
2016-08-19 03:19:01+02;1269
2016-08-19 07:55:01+02;1259
2016-08-19 12:31:01+02;1279
2016-08-19 13:35:01+02;1259
2016-08-19 16:28:01+02;1259
2016-08-19 19:11:01+02;1249
2016-08-20 03:19:01+02;1279
2016-08-20 12:35:01+02;1299
2016-08-20 13:11:01+02;1279
2016-08-20 16:28:01+02;1269
2016-08-20 22:20:01+02;1269
2016-08-21 03:20:01+02;1279
2016-08-21 14:59:01+02;1269
2016-08-22 12:39:01+02;1289
2016-08-22 13:36:01+02;1279
2016-08-22 15:31:01+02;1279
2016-08-22 16:12:02+02;1269
2016-08-22 16:31:01+02;1259
2016-08-22 19:56:01+02;1249
2016-08-23 03:19:01+02;1279
2016-08-23 11:55:02+02;1269
2016-08-23 15:36:01+02;1269
2016-08-23 17:06:01+02;1269
2016-08-23 19:00:01+02;1259
2016-08-23 20:04:01+02;1259
2016-08-24 03:20:01+02;1279
2016-08-24 16:51:01+02;1279
2016-08-24 18:28:01+02;1269
2016-08-24 18:56:01+02;1259
2016-08-24 19:20:01+02;1259
2016-08-24 20:06:01+02;1259
2016-08-25 03:19:01+02;1279
2016-08-25 17:24:01+02;1269
2016-08-25 18:27:01+02;1259
2016-08-25 19:35:01+02;1249
2016-08-26 03:19:01+02;1269
2016-08-26 18:31:01+02;1259
2016-08-26 19:31:01+02;1259
2016-08-26 19:56:01+02;1269
2016-08-26 20:04:01+02;1259
2016-08-26 21:39:01+02;1259
2016-08-27 03:19:01+02;1269
2016-08-27 12:36:01+02;1289
2016-08-27 13:35:01+02;1269
2016-08-27 16:04:01+02;1259
2016-08-28 03:19:01+02;1269
2016-08-28 16:44:01+02;1259
2016-08-28 18:20:01+02;1259
2016-08-29 03:19:01+02;1269
2016-08-29 12:27:01+02;1289
2016-08-29 13:35:01+02;1269
2016-08-29 14:48:02+02;1269
2016-08-29 19:28:01+02;1269
2016-08-30 03:19:01+02;1269
2016-08-30 17:02:01+02;1259
2016-08-30 18:59:01+02;1259
2016-08-30 20:06:01+02;1259
2016-08-31 04:18:01+02;1349
2016-08-31 05:36:01+02;1349
2016-08-31 06:32:01+02;1309
2016-08-31 11:20:01+02;1299
2016-08-31 15:22:02+02;1289
2016-08-31 15:40:01+02;1279
2016-08-31 18:38:01+02;1279
2016-08-31 18:42:01+02;1269
2016-08-31 20:10:01+02;1259
2016-08-31 21:04:01+02;1249
2016-09-01 03:18:01+02;1349
2016-09-01 06:26:01+02;1339
2016-09-01 06:32:01+02;1319
2016-09-01 09:12:01+02;1279
2016-09-01 09:58:01+02;1269
2016-09-01 12:04:01+02;1269
2016-09-01 12:46:01+02;1289
2016-09-01 13:22:01+02;1279
2016-09-01 13:34:01+02;1269
2016-09-01 13:42:01+02;1269
2016-09-01 14:38:01+02;1269
2016-09-01 18:48:01+02;1259
2016-09-01 19:10:01+02;1259
2016-09-01 19:48:01+02;1249
2016-09-02 03:20:01+02;1349
2016-09-02 05:50:01+02;1339
2016-09-02 06:32:01+02;1309
2016-09-02 08:48:01+02;1299
2016-09-02 12:06:01+02;1299
2016-09-02 15:02:01+02;1289
2016-09-02 15:06:01+02;1289
2016-09-02 16:12:01+02;1279
2016-09-02 17:28:01+02;1279
2016-09-02 18:12:01+02;1269
2016-09-02 20:48:01+02;1269
2016-09-02 21:38:01+02;1269
2016-09-03 03:18:01+02;1339
2016-09-03 06:30:01+02;1319
2016-09-03 07:10:01+02;1299
2016-09-03 10:18:01+02;1279
2016-09-03 12:32:01+02;1299
2016-09-03 13:34:01+02;1279
2016-09-03 16:08:01+02;1259
2016-09-04 03:18:01+02;1339
2016-09-04 06:28:01+02;1309
2016-09-04 09:02:01+02;1259
2016-09-04 11:36:01+02;1259
2016-09-04 19:54:01+02;1249
2016-09-05 03:20:01+02;1339
2016-09-05 05:38:01+02;1329
2016-09-05 06:32:01+02;1309
2016-09-05 07:36:01+02;1299
2016-09-05 11:52:02+02;1299
2016-09-05 15:06:01+02;1299
2016-09-05 16:02:01+02;1279
2016-09-05 17:50:01+02;1279
2016-09-05 17:58:01+02;1269
2016-09-05 18:54:01+02;1249
2016-09-05 20:06:01+02;1249
2016-09-05 22:06:01+02;1249
2016-09-06 03:18:01+02;1339
2016-09-06 05:38:01+02;1309
2016-09-06 06:28:01+02;1309
2016-09-06 06:30:01+02;1299
2016-09-06 09:14:01+02;1259
2016-09-06 12:40:01+02;1279
2016-09-06 13:34:01+02;1259
2016-09-06 17:28:01+02;1249
2016-09-06 19:40:01+02;1249
2016-09-07 03:19:31+02;1339
2016-09-07 05:37:31+02;1329
2016-09-07 06:33:31+02;1299
2016-09-07 11:37:31+02;1279
2016-09-07 12:07:31+02;1279
2016-09-07 12:27:31+02;1269
2016-09-07 15:07:31+02;1269
2016-09-07 17:57:31+02;1259
2016-09-07 18:37:31+02;1259
2016-09-07 19:53:31+02;1249
2016-09-07 21:37:31+02;1249
2016-09-08 03:17:31+02;1339
2016-09-08 05:43:31+02;1329
2016-09-08 06:33:31+02;1309
2016-09-08 09:59:31+02;1279
2016-09-08 10:39:31+02;1279
2016-09-08 10:55:31+02;1269
2016-09-08 14:59:31+02;1259
2016-09-08 17:57:31+02;1249
2016-09-08 19:39:31+02;1239
2016-09-09 03:19:31+02;1329
2016-09-09 05:37:31+02;1319
2016-09-09 06:33:31+02;1289
2016-09-09 11:57:31+02;1289
2016-09-09 12:35:31+02;1309
2016-09-09 13:37:31+02;1289
2016-09-09 14:57:31+02;1289
2016-09-09 15:01:31+02;1279
2016-09-09 15:27:31+02;1279
2016-09-09 15:37:31+02;1259
2016-09-09 15:57:31+02;1259
2016-09-09 20:57:31+02;1259
2016-09-10 03:19:31+02;1349
2016-09-10 06:05:31+02;1339
2016-09-10 06:31:31+02;1309
2016-09-10 11:13:31+02;1299
2016-09-10 14:19:31+02;1299
2016-09-10 16:43:31+02;1279
2016-09-10 19:33:31+02;1269
2016-09-10 19:51:31+02;1259
2016-09-11 03:19:31+02;1359
2016-09-11 04:33:31+02;1289
2016-09-11 15:57:31+02;1289
2016-09-12 03:17:31+02;1369
2016-09-12 06:11:31+02;1339
2016-09-12 06:31:31+02;1339
2016-09-12 08:57:31+02;1329
2016-09-12 10:25:31+02;1319
2016-09-12 11:19:31+02;1299
2016-09-12 11:23:31+02;1319
2016-09-12 11:33:32+02;1309
2016-09-12 11:49:31+02;1299
2016-09-12 12:49:31+02;1319
2016-09-12 13:25:31+02;1309
2016-09-12 13:29:31+02;1299
2016-09-12 13:35:31+02;1309
2016-09-12 13:41:31+02;1299
2016-09-12 13:53:31+02;1299
2016-09-12 14:19:31+02;1299
2016-09-12 16:59:31+02;1269
2016-09-12 19:13:32+02;1269
2016-09-12 21:05:31+02;1269
2016-09-13 03:17:31+02;1359
2016-09-13 05:27:31+02;1349
2016-09-13 06:29:31+02;1319
2016-09-13 08:25:31+02;1309
2016-09-13 14:05:31+02;1299
2016-09-13 14:33:31+02;1299
2016-09-13 15:41:31+02;1289
2016-09-13 16:27:31+02;1269
2016-09-13 16:49:31+02;1269
2016-09-13 17:57:31+02;1259
2016-09-13 19:13:31+02;1259
2016-09-13 19:27:31+02;1259
2016-09-14 03:19:31+02;1349
2016-09-14 05:07:31+02;1339
2016-09-14 06:13:31+02;1309
2016-09-14 08:23:31+02;1299
2016-09-14 12:07:31+02;1289
2016-09-14 12:27:31+02;1309
2016-09-14 13:27:31+02;1299
2016-09-14 14:57:31+02;1299
2016-09-14 16:13:31+02;1289
2016-09-14 16:31:31+02;1269
2016-09-14 17:57:32+02;1269
2016-09-14 18:27:31+02;1269
2016-09-14 19:35:31+02;1259
2016-09-14 20:25:31+02;1259
2016-09-15 03:19:31+02;1349
2016-09-15 06:09:31+02;1309
2016-09-15 08:05:31+02;1299
2016-09-15 11:57:31+02;1279
2016-09-15 13:48:31+02;1279
2016-09-15 15:17:31+02;1279
2016-09-15 16:35:31+02;1279
2016-09-15 16:43:31+02;1269
2016-09-15 17:50:31+02;1269
2016-09-15 19:05:31+02;1259
2016-09-15 19:45:31+02;1259
2016-09-15 20:13:31+02;1259
2016-09-15 20:39:31+02;1249
2016-09-16 03:17:31+02;1339
2016-09-16 06:11:31+02;1309
2016-09-16 07:19:31+02;1299
2016-09-16 10:45:31+02;1299
2016-09-16 12:05:31+02;1299
2016-09-16 12:37:31+02;1319
2016-09-16 13:33:31+02;1299
2016-09-16 14:15:31+02;1299
2016-09-16 15:07:31+02;1299
2016-09-16 15:23:32+02;1289
2016-09-16 16:57:31+02;1279
2016-09-16 18:03:31+02;1279
2016-09-16 18:57:31+02;1269
2016-09-16 19:05:31+02;1269
2016-09-16 20:05:31+02;1269
2016-09-16 20:07:31+02;1259
2016-09-16 21:37:32+02;1259
2016-09-17 03:19:31+02;1349
2016-09-17 06:13:31+02;1319
2016-09-17 07:21:31+02;1269
2016-09-17 11:49:31+02;1259
2016-09-17 12:39:32+02;1279
2016-09-17 13:37:31+02;1269
2016-09-17 14:19:31+02;1259
2016-09-17 15:05:31+02;1239
2016-09-18 03:17:31+02;1329
2016-09-18 06:27:31+02;1289
2016-09-18 08:55:31+02;1269
2016-09-18 12:49:31+02;1259
2016-09-18 14:54:31+02;1259
2016-09-18 16:15:31+02;1259
2016-09-18 17:32:31+02;1259
2016-09-18 17:37:31+02;1239
2016-09-18 18:44:31+02;1239
2016-09-18 19:30:31+02;1239
2016-09-19 03:17:31+02;1329
2016-09-19 06:13:31+02;1289
2016-09-19 08:39:31+02;1279
2016-09-19 17:39:31+02;1279
2016-09-19 17:57:31+02;1269
2016-09-19 19:19:31+02;1259
2016-09-20 03:19:31+02;1349
2016-09-20 06:37:31+02;1339
2016-09-20 07:23:31+02;1339
2016-09-20 08:27:31+02;1329
2016-09-20 09:57:31+02;1319
2016-09-20 15:15:31+02;1299
2016-09-20 15:33:31+02;1299
2016-09-20 16:21:31+02;1289
2016-09-20 16:41:31+02;1279
2016-09-20 17:41:31+02;1269
2016-09-20 19:39:31+02;1249
2016-09-21 03:17:31+02;1329
2016-09-21 07:35:31+02;1329
2016-09-21 08:27:31+02;1279
2016-09-21 12:33:31+02;1299
2016-09-21 13:27:31+02;1279
2016-09-21 18:39:31+02;1269
2016-09-21 20:39:31+02;1259
2016-09-22 03:19:31+02;1349
2016-09-22 06:13:31+02;1339
2016-09-22 06:23:31+02;1339
2016-09-22 10:29:31+02;1329
2016-09-22 11:01:31+02;1329
2016-09-22 11:33:31+02;1319
2016-09-22 11:57:31+02;1319
2016-09-22 12:09:31+02;1309
2016-09-22 14:19:31+02;1299
2016-09-22 15:33:31+02;1299
2016-09-22 15:39:31+02;1289
2016-09-22 16:13:31+02;1279
2016-09-22 17:53:31+02;1269
2016-09-22 20:11:31+02;1259
2016-09-23 03:19:32+02;1349
2016-09-23 06:11:31+02;1339
2016-09-23 06:19:31+02;1339
2016-09-23 06:39:31+02;1329
2016-09-23 10:57:31+02;1319
2016-09-23 11:57:31+02;1309
2016-09-23 14:37:31+02;1299
2016-09-23 16:57:32+02;1279
2016-09-23 17:43:31+02;1279
2016-09-23 18:05:31+02;1289
2016-09-23 18:13:31+02;1279
2016-09-23 18:47:31+02;1279
2016-09-23 19:39:31+02;1269
2016-09-23 20:23:31+02;1259
2016-09-23 20:51:31+02;1259
2016-09-24 03:19:31+02;1349
2016-09-24 06:55:31+02;1339
2016-09-24 10:19:31+02;1329
2016-09-24 11:37:31+02;1319
2016-09-24 15:39:32+02;1309
2016-09-24 15:47:31+02;1309
2016-09-24 16:43:31+02;1289
2016-09-24 19:23:31+02;1279
2016-09-24 20:51:31+02;1269
2016-09-25 03:17:31+02;1359
2016-09-25 06:33:31+02;1349
2016-09-25 08:05:31+02;1279
2016-09-26 03:19:31+02;1359
2016-09-26 06:13:31+02;1349
2016-09-26 06:33:31+02;1339
2016-09-26 06:35:31+02;1339
2016-09-26 09:12:31+02;1289
2016-09-26 12:35:31+02;1309
2016-09-26 13:27:31+02;1299
2016-09-26 14:33:31+02;1299
2016-09-26 16:43:31+02;1279
2016-09-26 17:03:31+02;1279
2016-09-26 18:19:31+02;1269
2016-09-26 20:41:31+02;1259
2016-09-27 03:19:31+02;1349
2016-09-27 06:13:31+02;1339
2016-09-27 07:43:31+02;1339
2016-09-27 09:03:31+02;1339
2016-09-27 09:51:31+02;1329
2016-09-27 11:09:31+02;1299
2016-09-27 11:37:31+02;1299
2016-09-27 12:01:31+02;1289
2016-09-27 12:13:31+02;1279
2016-09-27 12:27:31+02;1279
2016-09-27 16:11:31+02;1269
2016-09-27 18:27:31+02;1259
2016-09-27 18:57:31+02;1259
2016-09-27 19:39:31+02;1249
2016-09-27 19:55:31+02;1249
2016-09-28 03:19:31+02;1339
2016-09-28 07:39:31+02;1329
2016-09-28 10:33:31+02;1319
2016-09-28 12:33:31+02;1339
2016-09-28 13:03:31+02;1339
2016-09-28 13:35:31+02;1329
2016-09-28 14:17:31+02;1299
2016-09-28 16:09:31+02;1279
2016-09-28 17:19:31+02;1279
2016-09-28 17:23:31+02;1279
2016-09-28 18:35:31+02;1269
2016-09-28 18:59:31+02;1269
2016-09-28 19:43:31+02;1259
2016-09-28 21:37:31+02;1249
2016-09-29 03:17:31+02;1349
2016-09-29 05:37:31+02;1339
2016-09-29 06:11:31+02;1329
2016-09-29 06:59:31+02;1309
2016-09-29 10:27:31+02;1269
2016-09-29 12:33:31+02;1289
2016-09-29 13:27:31+02;1269
2016-09-29 18:07:31+02;1269
2016-09-29 18:15:31+02;1259
2016-09-29 18:33:31+02;1259
2016-09-29 20:59:31+02;1249
2016-09-30 03:17:31+02;1329
2016-09-30 05:35:31+02;1329
2016-09-30 09:03:31+02;1319
2016-09-30 10:07:31+02;1319
2016-09-30 11:51:31+02;1249
2016-09-30 12:41:31+02;1269
2016-09-30 13:49:31+02;1269
2016-09-30 14:23:31+02;1269
2016-09-30 15:13:31+02;1259
2016-09-30 17:57:31+02;1249
2016-09-30 18:19:31+02;1249
2016-10-01 03:19:31+02;1339
2016-10-01 06:19:31+02;1329
2016-10-01 07:47:31+02;1329
2016-10-01 11:05:31+02;1319
2016-10-01 14:17:31+02;1299
2016-10-01 16:27:31+02;1289
2016-10-01 16:29:31+02;1289
2016-10-01 17:09:31+02;1269
2016-10-01 18:15:31+02;1259
2016-10-01 18:33:31+02;1249
2016-10-02 03:17:31+02;1339
2016-10-02 08:05:31+02;1329
2016-10-02 08:33:31+02;1289
2016-10-02 10:59:31+02;1289
2016-10-03 03:17:31+02;1379
2016-10-03 06:29:31+02;1359
2016-10-03 08:17:31+02;1299
2016-10-03 14:13:31+02;1299
2016-10-03 14:27:31+02;1299
2016-10-03 14:47:31+02;1289
2016-10-04 03:17:31+02;1379
2016-10-04 05:37:31+02;1369
2016-10-04 05:57:31+02;1359
2016-10-04 07:09:31+02;1349
2016-10-04 09:19:32+02;1339
2016-10-04 10:01:31+02;1339
2016-10-04 10:49:31+02;1329
2016-10-04 12:15:31+02;1309
2016-10-04 13:49:31+02;1309
2016-10-04 14:33:31+02;1309
2016-10-04 15:13:31+02;1289
2016-10-04 15:19:31+02;1289
2016-10-04 16:13:31+02;1279
2016-10-04 18:27:31+02;1279
2016-10-04 18:41:31+02;1269
2016-10-04 20:05:31+02;1269
2016-10-04 20:23:31+02;1259
2016-10-04 21:05:31+02;1259
2016-10-05 03:17:31+02;1349
2016-10-05 06:41:31+02;1339
2016-10-05 07:43:31+02;1339
2016-10-05 08:19:31+02;1339
2016-10-05 10:27:31+02;1269
2016-10-05 12:33:31+02;1289
2016-10-05 13:33:31+02;1269
2016-10-05 18:59:31+02;1259
2016-10-05 20:13:31+02;1259
2016-10-06 03:17:31+02;1349
2016-10-06 05:37:31+02;1339
2016-10-06 07:31:31+02;1339
2016-10-06 09:03:31+02;1329
2016-10-06 11:57:31+02;1279
2016-10-06 12:15:31+02;1279
2016-10-06 12:25:31+02;1279
2016-10-06 12:33:31+02;1299
2016-10-06 13:33:31+02;1279
2016-10-06 14:29:31+02;1279
2016-10-06 15:37:31+02;1279
2016-10-06 15:59:31+02;1269
2016-10-06 16:25:31+02;1269
2016-10-06 16:59:31+02;1269
2016-10-06 21:23:31+02;1269
2016-10-07 03:19:31+02;1359
2016-10-07 05:43:31+02;1349
2016-10-07 06:25:31+02;1339
2016-10-07 07:19:31+02;1299
2016-10-07 12:41:31+02;1319
2016-10-07 13:31:31+02;1309
2016-10-07 13:39:31+02;1299
2016-10-07 14:57:31+02;1299
2016-10-07 18:09:31+02;1289
2016-10-07 20:39:31+02;1279
2016-10-08 03:19:31+02;1369
2016-10-08 06:49:31+02;1359
2016-10-08 09:39:32+02;1349
2016-10-08 11:13:31+02;1339
2016-10-08 12:15:31+02;1299
2016-10-08 14:57:31+02;1299
2016-10-08 16:21:31+02;1289
2016-10-08 18:09:31+02;1289
2016-10-08 19:07:31+02;1279
2016-10-09 03:19:31+02;1369
2016-10-09 04:03:31+02;1299
2016-10-09 10:57:31+02;1299
2016-10-09 16:49:31+02;1289
2016-10-09 17:43:31+02;1279
2016-10-09 18:33:31+02;1269
2016-10-10 03:19:31+02;1359
2016-10-10 05:37:31+02;1349
2016-10-10 08:09:31+02;1349
2016-10-10 08:15:31+02;1339
2016-10-10 08:27:31+02;1319
2016-10-10 12:33:31+02;1339
2016-10-10 13:59:31+02;1319
2016-10-10 16:27:31+02;1309
2016-10-10 18:59:31+02;1299
2016-10-10 20:13:31+02;1289
2016-10-10 20:23:31+02;1289
2016-10-11 03:19:31+02;1379
2016-10-11 05:37:31+02;1369
2016-10-11 06:29:31+02;1369
2016-10-11 07:03:31+02;1359
2016-10-11 09:25:31+02;1349
2016-10-11 11:37:31+02;1339
2016-10-11 11:57:31+02;1339
2016-10-11 14:17:31+02;1339
2016-10-11 14:47:31+02;1309
2016-10-11 16:41:31+02;1289
2016-10-11 17:37:31+02;1289
2016-10-11 18:57:31+02;1289
2016-10-11 20:39:31+02;1279
2016-10-12 03:17:31+02;1369
2016-10-12 05:37:31+02;1359
2016-10-12 09:27:31+02;1349
2016-10-12 10:57:31+02;1309
2016-10-12 12:27:31+02;1329
2016-10-12 13:27:31+02;1309
2016-10-12 16:03:31+02;1299
2016-10-12 17:43:31+02;1299
2016-10-12 19:03:31+02;1289
2016-10-12 19:07:31+02;1289
2016-10-12 20:23:31+02;1289
2016-10-12 21:27:31+02;1279
2016-10-13 03:19:31+02;1379
2016-10-13 05:27:31+02;1359
2016-10-13 06:49:31+02;1349
2016-10-13 09:25:31+02;1339
2016-10-13 14:59:31+02;1319
2016-10-13 17:53:31+02;1309
2016-10-13 18:07:31+02;1299
2016-10-13 19:19:31+02;1289
2016-10-13 21:59:31+02;1279
2016-10-14 03:17:31+02;1379
2016-10-14 05:27:31+02;1369
2016-10-14 07:05:31+02;1359
2016-10-14 11:05:31+02;1349
2016-10-14 11:39:31+02;1339
2016-10-14 11:49:31+02;1339
2016-10-14 12:15:31+02;1329
2016-10-14 12:49:31+02;1349
2016-10-14 13:27:31+02;1339
2016-10-14 13:57:31+02;1329
2016-10-14 14:47:31+02;1309
2016-10-14 16:37:31+02;1299
2016-10-14 17:29:31+02;1289
2016-10-15 15:50:07+02;1309
2016-10-15 16:10:32+02;1309
2016-10-15 17:10:31+02;1299
2016-10-15 18:58:31+02;1289
2016-10-16 03:17:31+02;1379
2016-10-16 07:33:31+02;1369
2016-10-16 07:53:31+02;1299
2016-10-17 03:17:31+02;1389
2016-10-17 05:27:31+02;1379
2016-10-17 05:57:31+02;1369
2016-10-17 06:23:31+02;1359
2016-10-17 09:29:31+02;1339
2016-10-17 09:41:31+02;1339
2016-10-17 10:29:31+02;1329
2016-10-17 12:01:31+02;1319
2016-10-17 12:05:31+02;1319
2016-10-17 12:19:31+02;1319
2016-10-17 15:01:31+02;1309
2016-10-17 15:39:31+02;1309
2016-10-17 18:03:31+02;1299
2016-10-18 03:19:31+02;1389
2016-10-18 05:27:31+02;1379
2016-10-18 06:13:31+02;1369
2016-10-18 07:03:31+02;1359
2016-10-18 07:39:31+02;1349
2016-10-18 09:41:31+02;1339
2016-10-18 11:53:31+02;1329
2016-10-18 12:27:31+02;1349
2016-10-18 13:13:31+02;1339
2016-10-18 14:37:31+02;1329
2016-10-18 15:17:31+02;1329
2016-10-18 16:35:31+02;1319
2016-10-18 16:43:31+02;1319
2016-10-18 18:27:31+02;1299
2016-10-18 18:57:31+02;1299
2016-10-18 19:57:31+02;1289
2016-10-18 21:05:31+02;1289
2016-10-19 03:17:31+02;1329
2016-10-19 07:57:31+02;1299
2016-10-19 08:21:31+02;1299
2016-10-19 08:27:31+02;1289
2016-10-19 10:21:31+02;1289
2016-10-19 10:37:31+02;1279
2016-10-19 10:43:31+02;1279
2016-10-19 12:31:31+02;1299
2016-10-19 13:33:31+02;1279
2016-10-19 14:51:31+02;1269
2016-10-20 03:17:31+02;1359
2016-10-20 05:43:32+02;1349
2016-10-20 07:05:31+02;1279
2016-10-20 12:33:31+02;1299
2016-10-20 13:27:31+02;1279
2016-10-21 03:19:31+02;1369
2016-10-21 05:37:31+02;1359
2016-10-21 07:27:31+02;1339
2016-10-21 10:37:31+02;1309
2016-10-21 15:11:31+02;1309
2016-10-21 16:55:31+02;1299
2016-10-21 17:17:31+02;1299
2016-10-21 18:49:31+02;1289
2016-10-21 19:49:31+02;1279
2016-10-21 21:29:31+02;1269
2016-10-22 03:17:31+02;1369
2016-10-22 06:33:31+02;1349
2016-10-22 07:33:31+02;1349
2016-10-22 09:37:31+02;1339
2016-10-22 10:37:31+02;1339
2016-10-22 11:47:31+02;1329
2016-10-22 12:11:31+02;1329
2016-10-22 12:33:31+02;1349
2016-10-22 13:41:31+02;1329
2016-10-22 13:57:31+02;1329
2016-10-22 14:49:31+02;1299
2016-10-22 16:49:31+02;1289
2016-10-22 18:19:31+02;1279
2016-10-22 19:03:31+02;1269
2016-10-23 03:17:31+02;1359
2016-10-23 06:07:31+02;1319
2016-10-23 07:53:31+02;1289
2016-10-23 09:09:31+02;1299
2016-10-23 09:21:31+02;1269
2016-10-23 12:55:31+02;1289
2016-10-23 13:23:31+02;1279
2016-10-23 13:33:31+02;1269
2016-10-24 03:17:31+02;1359
2016-10-24 05:37:31+02;1349
2016-10-24 06:51:31+02;1349
2016-10-24 06:57:32+02;1339
2016-10-24 10:05:31+02;1329
2016-10-24 12:27:31+02;1319
2016-10-24 12:41:31+02;1339
2016-10-24 12:49:31+02;1339
2016-10-24 13:01:31+02;1329
2016-10-24 13:07:31+02;1319
2016-10-24 14:27:31+02;1309
2016-10-24 17:15:31+02;1299
2016-10-24 19:57:31+02;1299
2016-10-24 20:33:31+02;1289
2016-10-25 03:17:31+02;1389
2016-10-25 05:49:31+02;1369
2016-10-25 06:13:31+02;1369
2016-10-25 07:17:31+02;1359
2016-10-25 09:21:31+02;1349
2016-10-25 11:37:31+02;1339
2016-10-25 14:35:31+02;1329
2016-10-25 15:57:31+02;1329
2016-10-25 16:27:31+02;1319
2016-10-25 18:37:31+02;1309
2016-10-25 19:27:31+02;1299
2016-10-25 20:13:31+02;1289
2016-10-25 21:49:31+02;1279
2016-10-26 03:19:31+02;1379
2016-10-26 05:37:31+02;1369
2016-10-26 06:55:31+02;1359
2016-10-26 07:27:32+02;1349
2016-10-26 07:51:31+02;1349
2016-10-26 09:21:31+02;1339
2016-10-26 09:51:31+02;1339
2016-10-26 11:29:31+02;1329
2016-10-26 12:05:31+02;1329
2016-10-26 12:17:31+02;1329
2016-10-26 12:35:31+02;1349
2016-10-26 12:47:31+02;1349
2016-10-26 12:57:31+02;1329
2016-10-26 14:07:31+02;1319
2016-10-26 14:53:31+02;1319
2016-10-26 16:23:31+02;1309
2016-10-26 17:07:31+02;1309
2016-10-26 18:27:31+02;1299
2016-10-26 19:19:31+02;1289
2016-10-26 20:49:31+02;1279
2016-10-26 22:05:31+02;1269
2016-10-27 03:17:31+02;1369
2016-10-27 06:05:31+02;1359
2016-10-27 06:57:31+02;1349
2016-10-27 07:51:31+02;1349
2016-10-27 08:51:31+02;1339
2016-10-27 09:51:31+02;1339
2016-10-27 10:51:31+02;1329
2016-10-27 11:51:31+02;1329
2016-10-27 14:27:31+02;1319
2016-10-27 16:51:31+02;1309
2016-10-27 18:27:31+02;1299
2016-10-27 19:47:31+02;1289
2016-10-27 21:59:31+02;1279
2016-10-28 03:17:31+02;1369
2016-10-28 05:43:31+02;1369
2016-10-28 07:49:31+02;1359
2016-10-28 09:51:31+02;1349
2016-10-28 11:53:31+02;1339
2016-10-28 12:37:31+02;1359
2016-10-28 13:23:31+02;1339
2016-10-28 14:51:31+02;1329
2016-10-28 14:57:31+02;1329
2016-10-28 16:35:31+02;1319
2016-10-28 17:15:31+02;1309
2016-10-28 18:49:31+02;1309
2016-10-28 19:37:31+02;1299
2016-10-28 21:05:31+02;1299
2016-10-28 21:37:31+02;1289
2016-10-29 03:19:31+02;1379
2016-10-29 05:57:31+02;1369
2016-10-29 07:35:31+02;1369
2016-10-29 07:41:31+02;1359
2016-10-29 08:19:31+02;1359
2016-10-29 09:21:31+02;1349
2016-10-29 10:15:31+02;1339
2016-10-29 10:45:31+02;1329
2016-10-29 11:09:31+02;1319
2016-10-29 12:33:31+02;1339
2016-10-29 13:27:31+02;1319
2016-10-29 14:53:31+02;1309
2016-10-29 16:07:31+02;1309
2016-10-29 17:07:31+02;1299
2016-10-29 18:23:31+02;1299
2016-10-29 19:07:31+02;1289
2016-10-29 21:07:31+02;1279
2016-10-30 03:19:31+01;1369
2016-10-30 07:27:31+01;1369
2016-10-30 07:47:31+01;1369
2016-10-30 08:09:31+01;1319
2016-10-30 10:21:31+01;1309
2016-10-30 11:27:31+01;1289
2016-10-31 03:17:31+01;1379
2016-10-31 05:27:31+01;1369
2016-10-31 06:03:31+01;1359
2016-10-31 06:57:31+01;1359
2016-10-31 07:51:31+01;1349
2016-10-31 08:37:31+01;1349
2016-10-31 09:53:31+01;1339
2016-10-31 10:37:31+01;1339
2016-10-31 11:43:31+01;1279
2016-10-31 12:35:31+01;1299
2016-10-31 14:19:31+01;1279
2016-11-01 03:17:31+01;1369
2016-11-01 04:03:31+01;1299
2016-11-01 09:31:31+01;1289
2016-11-01 14:27:31+01;1269
2016-11-02 03:17:31+01;1359
2016-11-02 05:41:31+01;1349
2016-11-02 06:57:31+01;1339
2016-11-02 08:07:31+01;1329
2016-11-02 10:07:31+01;1319
2016-11-02 12:07:31+01;1309
2016-11-02 12:37:31+01;1329
2016-11-02 13:31:31+01;1309
2016-11-02 14:53:31+01;1299
2016-11-02 16:51:31+01;1289
2016-11-02 18:11:31+01;1279
2016-11-02 20:51:31+01;1269
2016-11-03 03:19:31+01;1359
2016-11-03 06:53:31+01;1349
2016-11-03 07:07:31+01;1349
2016-11-03 08:51:31+01;1339
2016-11-03 11:05:31+01;1329
2016-11-03 14:49:31+01;1309
2016-11-03 15:31:31+01;1309
2016-11-03 15:57:31+01;1309
2016-11-03 16:49:31+01;1299
2016-11-03 18:17:31+01;1289
2016-11-03 18:51:31+01;1289
2016-11-03 20:24:31+01;1279
2016-11-03 20:36:31+01;1279
2016-11-04 03:17:31+01;1359
2016-11-04 06:33:32+01;1349
2016-11-04 08:52:31+01;1339
2016-11-04 11:07:32+01;1329
2016-11-04 11:43:31+01;1319
2016-11-04 11:59:31+01;1309
2016-11-04 14:55:32+01;1299
2016-11-04 14:59:31+01;1299
2016-11-04 15:41:31+01;1299
2016-11-04 17:07:31+01;1289
2016-11-04 17:53:31+01;1289
2016-11-04 18:57:31+01;1279
2016-11-04 19:41:31+01;1269
2016-11-05 03:17:31+01;1359
2016-11-05 06:31:31+01;1349
2016-11-05 08:09:31+01;1349
2016-11-05 08:39:31+01;1339
2016-11-05 09:21:31+01;1339
2016-11-05 09:59:31+01;1279
2016-11-05 11:35:31+01;1279
2016-11-05 12:25:31+01;1299
2016-11-05 13:57:32+01;1299
2016-11-05 14:49:31+01;1299
2016-11-05 16:07:31+01;1289
2016-11-05 16:49:31+01;1289
2016-11-05 18:07:31+01;1279
2016-11-05 18:13:31+01;1279
2016-11-05 20:23:31+01;1269
2016-11-06 03:18:31+01;1359
2016-11-06 04:03:31+01;1299
2016-11-06 10:07:31+01;1289
2016-11-06 11:29:31+01;1269
2016-11-06 13:57:31+01;1259
2016-11-07 03:17:31+01;1349
2016-11-07 06:31:31+01;1349
2016-11-07 06:59:31+01;1339
2016-11-07 08:21:31+01;1339
2016-11-07 08:51:31+01;1329
2016-11-07 10:21:31+01;1329
2016-11-07 11:07:31+01;1319
2016-11-07 12:23:31+01;1339
2016-11-07 12:27:31+01;1319
2016-11-07 12:29:31+01;1319
2016-11-07 12:49:31+01;1339
2016-11-07 12:55:31+01;1319
2016-11-07 14:23:31+01;1309
2016-11-07 14:49:31+01;1299
2016-11-07 16:27:31+01;1279
2016-11-07 18:37:31+01;1269
2016-11-07 20:49:31+01;1259
2016-11-08 03:19:31+01;1349
2016-11-08 06:31:31+01;1339
2016-11-08 08:21:31+01;1329
2016-11-08 10:21:31+01;1319
2016-11-08 12:17:31+01;1309
2016-11-08 14:27:31+01;1289
2016-11-08 16:05:31+01;1279
2016-11-08 18:23:31+01;1269
2016-11-08 19:13:31+01;1259
2016-11-08 20:03:31+01;1249
2016-11-08 21:05:31+01;1239
2016-11-09 03:19:31+01;1339
2016-11-09 05:43:31+01;1329
2016-11-09 06:43:31+01;1319
2016-11-09 08:37:31+01;1309
2016-11-09 10:51:31+01;1299
2016-11-09 12:25:31+01;1319
2016-11-09 13:27:31+01;1299
2016-11-09 13:57:31+01;1299
2016-11-09 14:49:31+01;1279
2016-11-09 16:57:31+01;1269
2016-11-09 18:37:31+01;1249
2016-11-09 18:43:31+01;1249
2016-11-09 20:45:31+01;1239
2016-11-09 20:51:31+01;1239
2016-11-10 03:17:31+01;1329
2016-11-10 06:29:31+01;1319
2016-11-10 07:35:31+01;1319
2016-11-10 08:21:31+01;1309
2016-11-10 09:23:31+01;1309
2016-11-10 10:21:31+01;1299
2016-11-10 11:23:31+01;1299
2016-11-10 12:33:31+01;1319
2016-11-10 12:55:31+01;1309
2016-11-10 13:29:31+01;1299
2016-11-10 16:11:31+01;1279
2016-11-10 17:03:31+01;1269
2016-11-10 18:19:31+01;1259
2016-11-10 20:33:31+01;1249
2016-11-10 21:27:31+01;1239
2016-11-11 03:17:31+01;1329
2016-11-11 05:27:31+01;1329
2016-11-11 06:33:31+01;1319
2016-11-11 07:37:31+01;1319
2016-11-11 08:23:31+01;1309
2016-11-11 09:41:31+01;1309
2016-11-11 10:23:31+01;1299
2016-11-11 11:37:31+01;1299
2016-11-11 14:33:32+01;1279
2016-11-11 16:51:31+01;1269
2016-11-11 19:29:31+01;1259
2016-11-11 20:19:31+01;1249
2016-11-12 03:17:31+01;1349
2016-11-12 06:27:31+01;1329
2016-11-12 06:47:31+01;1319
2016-11-12 09:05:31+01;1309
2016-11-12 11:25:31+01;1299
2016-11-12 12:27:31+01;1299
2016-11-12 12:47:32+01;1319
2016-11-12 13:01:31+01;1299
2016-11-12 13:29:31+01;1299
2016-11-12 14:23:31+01;1289
2016-11-12 14:53:31+01;1289
2016-11-12 16:21:31+01;1279
2016-11-12 16:53:31+01;1279
2016-11-12 18:21:31+01;1269
2016-11-12 18:51:31+01;1269
2016-11-12 20:21:31+01;1259
2016-11-12 20:51:31+01;1259
2016-11-13 03:17:31+01;1339
2016-11-13 06:23:31+01;1329
2016-11-13 06:31:31+01;1289
2016-11-13 09:51:31+01;1279
2016-11-13 10:43:32+01;1279
2016-11-13 11:51:32+01;1269
2016-11-13 17:17:31+01;1259
2016-11-13 19:37:31+01;1249
2016-11-14 03:19:31+01;1339
2016-11-14 06:27:31+01;1329
2016-11-14 07:03:31+01;1319
2016-11-14 08:53:31+01;1309
2016-11-14 11:07:31+01;1299
2016-11-14 11:31:31+01;1279
2016-11-14 12:25:31+01;1299
2016-11-14 13:35:31+01;1289
2016-11-14 13:51:31+01;1279
2016-11-14 15:51:31+01;1269
2016-11-14 17:51:31+01;1259
2016-11-14 19:51:31+01;1249
2016-11-15 03:17:31+01;1329
2016-11-15 06:27:31+01;1319
2016-11-15 07:37:32+01;1319
2016-11-15 09:37:31+01;1309
2016-11-15 11:07:31+01;1309
2016-11-15 11:39:31+01;1299
2016-11-15 11:57:31+01;1279
2016-11-15 12:33:31+01;1299
2016-11-15 14:07:31+01;1289
2016-11-15 14:57:31+01;1289
2016-11-15 16:05:32+01;1279
2016-11-15 17:03:31+01;1279
2016-11-15 18:07:31+01;1269
2016-11-15 18:37:31+01;1269
2016-11-15 19:27:31+01;1259
2016-11-15 21:37:31+01;1249
2016-11-16 03:19:31+01;1329
2016-11-16 07:05:31+01;1319
2016-11-16 08:37:31+01;1319
2016-11-16 09:05:31+01;1309
2016-11-16 10:49:31+01;1309
2016-11-16 11:05:31+01;1299
2016-11-16 12:03:32+01;1299
2016-11-16 14:19:31+01;1279
2016-11-16 15:57:31+01;1269
2016-11-16 16:21:31+01;1269
2016-11-16 18:05:31+01;1259
2016-11-16 18:35:31+01;1259
2016-11-16 19:55:31+01;1249
2016-11-17 03:17:31+01;1329
2016-11-17 07:05:31+01;1329
2016-11-17 07:51:31+01;1319
2016-11-17 08:51:31+01;1319
2016-11-17 09:51:31+01;1309
2016-11-17 10:51:31+01;1309
2016-11-17 11:33:31+01;1299
2016-11-17 12:29:31+01;1319
2016-11-17 13:17:31+01;1309
2016-11-17 13:27:31+01;1299
2016-11-17 14:51:31+01;1289
2016-11-17 15:07:31+01;1289
2016-11-17 15:29:31+01;1279
2016-11-17 16:55:31+01;1269
2016-11-17 17:21:31+01;1269
2016-11-17 18:27:31+01;1259
2016-11-17 19:35:31+01;1259
2016-11-17 19:39:31+01;1249
2016-11-18 03:17:31+01;1339
2016-11-18 05:37:31+01;1339
2016-11-18 06:29:31+01;1329
2016-11-18 06:57:31+01;1329
2016-11-18 08:23:31+01;1319
2016-11-18 08:53:31+01;1319
2016-11-18 10:37:31+01;1309
2016-11-18 11:05:31+01;1309
2016-11-18 11:59:31+01;1299
2016-11-18 14:03:31+01;1299
2016-11-18 14:11:31+01;1279
2016-11-18 16:21:31+01;1269
2016-11-18 18:37:31+01;1259
2016-11-18 19:35:31+01;1249
2016-11-18 20:05:32+01;1249
2016-11-18 21:55:31+01;1239
2016-11-19 03:19:32+01;1339
2016-11-19 06:19:31+01;1329
2016-11-19 07:19:31+01;1319
2016-11-19 09:21:31+01;1309
2016-11-19 11:37:31+01;1299
2016-11-19 14:53:31+01;1289
2016-11-19 16:39:31+01;1279
2016-11-19 18:51:31+01;1269
2016-11-19 19:55:31+01;1259
2016-11-19 21:05:31+01;1259
2016-11-20 03:17:31+01;1349
2016-11-20 04:04:31+01;1289
2016-11-20 09:59:31+01;1259
2016-11-20 10:05:31+01;1279
2016-11-20 10:27:31+01;1259
2016-11-20 11:51:31+01;1249
2016-11-20 18:05:31+01;1239
2016-11-20 20:05:31+01;1239
2016-11-21 03:19:31+01;1319
2016-11-21 07:51:31+01;1309
2016-11-21 09:43:31+01;1309
2016-11-21 09:51:31+01;1299
2016-11-21 11:53:31+01;1299
2016-11-21 13:57:31+01;1299
2016-11-21 14:31:31+01;1289
2016-11-21 14:35:31+01;1289
2016-11-21 14:57:31+01;1279
2016-11-21 16:51:31+01;1279
2016-11-21 17:05:31+01;1269
2016-11-21 18:45:31+01;1269
2016-11-21 19:23:31+01;1259
2016-11-21 21:05:31+01;1259
2016-11-21 21:37:32+01;1249
2016-11-22 03:17:31+01;1339
2016-11-22 06:27:31+01;1329
2016-11-22 07:39:31+01;1319
2016-11-22 09:39:31+01;1309
2016-11-22 11:53:31+01;1299
2016-11-22 12:37:31+01;1319
2016-11-22 13:03:31+01;1309
2016-11-22 13:25:31+01;1299
2016-11-22 14:49:31+01;1299
2016-11-22 14:51:31+01;1289
2016-11-22 15:07:31+01;1279
2016-11-22 17:23:31+01;1269
2016-11-22 19:31:31+01;1259
2016-11-22 19:37:31+01;1259
2016-11-22 20:33:31+01;1249
2016-11-23 03:19:31+01;1339
2016-11-23 05:27:31+01;1269
2016-11-23 10:05:31+01;1259
2016-11-23 12:29:31+01;1279
2016-11-23 13:27:31+01;1259
2016-11-24 03:19:31+01;1339
2016-11-24 06:09:31+01;1319
2016-11-24 07:51:31+01;1309
2016-11-24 09:51:31+01;1299
2016-11-24 12:05:31+01;1289
2016-11-24 14:15:31+01;1269
2016-11-24 14:21:31+01;1269
2016-11-24 16:05:31+01;1259
2016-11-24 16:37:31+01;1259
2016-11-24 18:51:32+01;1259
2016-11-25 03:17:31+01;1339
2016-11-25 07:03:31+01;1289
2016-11-25 09:23:31+01;1279
2016-11-25 11:37:31+01;1269
2016-11-25 12:27:31+01;1289
2016-11-25 13:27:31+01;1269
2016-11-26 03:19:31+01;1359
2016-11-26 07:07:31+01;1349
2016-11-26 07:13:31+01;1289
2016-11-26 10:21:31+01;1279
2016-11-26 11:49:31+01;1279
2016-11-26 12:31:31+01;1299
2016-11-26 13:25:31+01;1279
2016-11-26 14:31:31+01;1259
2016-11-26 14:37:31+01;1259
2016-11-26 16:53:31+01;1259
2016-11-27 03:17:31+01;1339
2016-11-27 07:37:31+01;1289
2016-11-27 11:05:31+01;1279
2016-11-27 14:23:31+01;1269
2016-11-28 03:17:31+01;1349
2016-11-28 06:39:31+01;1289
2016-11-28 08:37:31+01;1279
2016-11-28 10:53:31+01;1269
2016-11-28 12:19:31+01;1289
2016-11-28 13:05:31+01;1269
2016-11-28 20:25:31+01;1259
2016-11-29 03:19:31+01;1349
2016-11-29 06:07:31+01;1269
2016-11-29 12:31:31+01;1289
2016-11-29 13:27:31+01;1269
2016-11-29 16:37:31+01;1269
2016-11-29 18:51:31+01;1259
2016-11-30 03:19:31+01;1339
2016-11-30 08:35:31+01;1329
2016-11-30 10:53:31+01;1319
2016-11-30 14:07:31+01;1319
2016-11-30 14:29:31+01;1309
2016-11-30 16:21:31+01;1299
2016-11-30 17:53:31+01;1289
2016-11-30 18:37:31+01;1289
2016-11-30 19:17:31+01;1279
2016-11-30 20:01:31+01;1279
2016-11-30 21:33:31+01;1269
2016-12-01 03:19:31+01;1359
2016-12-01 06:09:31+01;1349
2016-12-01 08:05:31+01;1339
2016-12-01 08:21:31+01;1339
2016-12-01 10:22:31+01;1329
2016-12-01 10:37:31+01;1329
2016-12-01 14:47:31+01;1319
2016-12-01 15:31:31+01;1309
2016-12-01 17:51:31+01;1299
2016-12-01 18:55:31+01;1289
2016-12-01 21:05:31+01;1279
2016-12-02 03:17:31+01;1369
2016-12-02 07:33:31+01;1349
2016-12-02 08:59:31+01;1299
2016-12-02 09:05:31+01;1289
2016-12-02 09:21:31+01;1289
2016-12-02 09:55:31+01;1289
2016-12-02 10:27:31+01;1289
2016-12-02 12:17:31+01;1309
2016-12-02 14:51:31+01;1299
2016-12-02 16:29:31+01;1289
2016-12-02 19:29:31+01;1279
2016-12-03 03:19:31+01;1369
2016-12-03 06:37:31+01;1359
2016-12-03 07:45:31+01;1349
2016-12-03 10:05:31+01;1339
2016-12-03 10:27:31+01;1339
2016-12-03 11:39:31+01;1329
2016-12-03 12:25:32+01;1349
2016-12-03 13:23:31+01;1329
2016-12-03 14:23:31+01;1329
2016-12-03 14:51:32+01;1319
2016-12-03 16:19:31+01;1319
2016-12-03 17:21:31+01;1309
2016-12-03 18:01:31+01;1309
2016-12-03 18:57:31+01;1299
2016-12-04 03:19:31+01;1379
2016-12-04 08:11:31+01;1319
2016-12-04 10:35:31+01;1309
2016-12-04 14:29:31+01;1309
2016-12-04 15:05:31+01;1299
2016-12-04 15:59:31+01;1289
2016-12-05 03:19:31+01;1369
2016-12-05 07:51:31+01;1359
2016-12-05 09:51:31+01;1349
2016-12-05 12:05:31+01;1339
2016-12-05 12:27:31+01;1359
2016-12-05 13:27:31+01;1349
2016-12-05 14:13:31+01;1349
2016-12-05 14:45:31+01;1339
2016-12-05 14:49:31+01;1339
2016-12-05 15:57:31+01;1329
2016-12-05 16:51:31+01;1329
2016-12-05 17:51:31+01;1319
2016-12-05 18:09:32+01;1309
2016-12-05 18:49:31+01;1309
2016-12-05 20:21:31+01;1299
2016-12-06 03:17:31+01;1389
2016-12-06 06:39:31+01;1379
2016-12-06 06:59:31+01;1369
2016-12-06 08:35:31+01;1369
2016-12-06 08:51:31+01;1359
2016-12-06 10:27:31+01;1319
2016-12-06 10:55:32+01;1309
2016-12-06 11:33:31+01;1299
2016-12-06 12:21:31+01;1319
2016-12-06 13:31:31+01;1299
2016-12-06 14:51:31+01;1299
2016-12-06 16:51:31+01;1299
2016-12-06 18:27:31+01;1289
2016-12-06 20:21:31+01;1289
2016-12-07 03:17:31+01;1369
2016-12-07 05:37:31+01;1369
2016-12-07 06:33:31+01;1359
2016-12-07 08:19:31+01;1349
2016-12-07 10:21:31+01;1339
2016-12-07 10:43:31+01;1329
2016-12-07 12:31:31+01;1349
2016-12-07 13:20:31+01;1339
2016-12-07 13:29:31+01;1329
2016-12-07 14:53:31+01;1319
2016-12-07 16:51:31+01;1309
2016-12-07 19:05:31+01;1299
2016-12-07 21:19:31+01;1289
2016-12-08 03:19:31+01;1379
2016-12-08 06:53:32+01;1369
2016-12-08 08:53:31+01;1359
2016-12-08 11:05:31+01;1349
2016-12-08 11:53:31+01;1349
2016-12-08 14:07:31+01;1339
2016-12-08 14:31:31+01;1339
2016-12-08 16:23:31+01;1329
2016-12-08 16:53:31+01;1329
2016-12-08 18:07:31+01;1319
2016-12-08 18:55:32+01;1309
2016-12-08 20:21:31+01;1299
2016-12-09 03:17:31+01;1389
2016-12-09 07:03:31+01;1369
2016-12-09 08:05:31+01;1369
2016-12-09 08:51:31+01;1359
2016-12-09 10:07:31+01;1359
2016-12-09 10:51:31+01;1349
2016-12-09 12:13:31+01;1349
2016-12-09 14:33:31+01;1339
2016-12-09 15:11:31+01;1319
2016-12-09 16:37:31+01;1319
2016-12-09 16:51:31+01;1309
2016-12-09 18:51:31+01;1299
2016-12-09 19:41:31+01;1299
2016-12-09 21:05:31+01;1289
2016-12-10 03:17:31+01;1379
2016-12-10 06:57:31+01;1379
2016-12-10 08:29:31+01;1369
2016-12-10 09:23:31+01;1369
2016-12-10 09:39:31+01;1359
2016-12-10 10:33:31+01;1299
2016-12-10 12:49:31+01;1319
2016-12-10 13:25:31+01;1299
2016-12-10 13:31:31+01;1299
2016-12-10 14:53:31+01;1289
2016-12-10 16:05:31+01;1279
2016-12-10 20:25:31+01;1269
2016-12-11 03:17:31+01;1359
2016-12-11 07:35:31+01;1319
2016-12-11 09:31:31+01;1309
2016-12-11 12:37:31+01;1309
2016-12-11 13:19:31+01;1299
2016-12-11 15:43:31+01;1289
2016-12-11 20:29:31+01;1279
2016-12-12 03:19:31+01;1369
2016-12-12 05:43:31+01;1359
2016-12-12 06:59:31+01;1349
2016-12-12 08:13:31+01;1349
2016-12-12 08:25:31+01;1319
2016-12-12 10:19:31+01;1309
2016-12-12 12:23:31+01;1299
2016-12-12 12:31:31+01;1329
2016-12-12 12:49:31+01;1319
2016-12-12 13:05:31+01;1309
2016-12-12 13:25:31+01;1299
2016-12-12 14:35:31+01;1289
2016-12-13 03:19:32+01;1379
2016-12-13 06:09:31+01;1369
2016-12-13 08:59:31+01;1359
2016-12-13 11:39:31+01;1339
2016-12-13 16:07:32+01;1329
2016-12-13 17:27:31+01;1319
2016-12-13 22:07:31+01;1319
2016-12-14 03:17:31+01;1409
2016-12-14 05:27:32+01;1399
2016-12-14 06:11:31+01;1389
2016-12-14 08:05:31+01;1379
2016-12-14 09:11:31+01;1379
2016-12-14 09:51:31+01;1379
2016-12-14 10:05:31+01;1369
2016-12-14 11:33:31+01;1319
2016-12-14 12:23:31+01;1339
2016-12-14 13:31:31+01;1319
2016-12-14 14:35:31+01;1309
2016-12-14 16:13:31+01;1299
2016-12-15 03:17:31+01;1379
2016-12-15 07:13:31+01;1369
2016-12-15 08:07:31+01;1369
2016-12-15 09:23:31+01;1359
2016-12-15 10:07:31+01;1359
2016-12-15 11:43:31+01;1349
2016-12-15 11:55:31+01;1319
2016-12-15 12:03:31+01;1319
2016-12-15 14:21:31+01;1319
2016-12-15 14:51:31+01;1309
2016-12-15 14:59:31+01;1309
2016-12-15 16:19:31+01;1299
2016-12-15 18:27:31+01;1299
2016-12-15 20:03:31+01;1299
2016-12-16 03:17:31+01;1379
2016-12-16 05:37:31+01;1369
2016-12-16 07:51:31+01;1359
2016-12-16 09:51:31+01;1349
2016-12-16 11:40:31+01;1339
2016-12-16 12:47:31+01;1359
2016-12-16 13:25:31+01;1339
2016-12-16 14:41:31+01;1329
2016-12-16 16:51:31+01;1319
2016-12-16 18:01:31+01;1309
2016-12-16 20:07:31+01;1299
2016-12-16 21:51:31+01;1299
2016-12-17 03:19:31+01;1389
2016-12-17 07:27:31+01;1379
2016-12-17 08:03:31+01;1369
2016-12-17 10:07:31+01;1359
2016-12-17 10:23:31+01;1329
2016-12-17 11:25:31+01;1319
2016-12-17 12:23:31+01;1339
2016-12-17 12:37:31+01;1319
2016-12-17 13:17:31+01;1319
2016-12-17 14:05:31+01;1309
2016-12-17 18:19:31+01;1299
2016-12-18 03:17:31+01;1379
2016-12-18 08:21:32+01;1339
2016-12-18 10:35:31+01;1329
2016-12-18 12:37:31+01;1329
2016-12-18 12:45:31+01;1319
2016-12-18 14:19:31+01;1299
2016-12-18 15:43:31+01;1289
2016-12-19 03:17:31+01;1369
2016-12-19 09:23:31+01;1359
2016-12-19 11:37:31+01;1349
2016-12-19 12:21:31+01;1369
2016-12-19 12:31:31+01;1339
2016-12-19 12:37:31+01;1359
2016-12-19 14:29:31+01;1349
2016-12-19 14:51:31+01;1349
2016-12-19 16:31:31+01;1339
2016-12-19 18:21:31+01;1329
2016-12-19 19:51:32+01;1319
2016-12-19 20:35:31+01;1319
2016-12-20 03:17:31+01;1409
2016-12-20 06:43:32+01;1389
2016-12-20 08:53:31+01;1379
2016-12-20 10:19:31+01;1379
2016-12-20 10:25:31+01;1359
2016-12-20 11:11:31+01;1349
2016-12-20 12:23:31+01;1339
2016-12-20 12:27:31+01;1319
2016-12-20 14:37:31+01;1319
2016-12-20 16:47:31+01;1309
2016-12-21 03:19:31+01;1389
2016-12-21 07:51:31+01;1379
2016-12-21 09:51:31+01;1369
2016-12-21 11:35:31+01;1369
2016-12-21 12:05:31+01;1359
2016-12-21 12:23:31+01;1359
2016-12-21 12:33:31+01;1379
2016-12-21 13:29:31+01;1369
2016-12-21 14:43:31+01;1369
2016-12-21 14:55:31+01;1359
2016-12-21 15:11:31+01;1349
2016-12-21 16:31:31+01;1339
2016-12-21 18:21:31+01;1329
2016-12-21 19:13:31+01;1329
2016-12-21 19:55:31+01;1319
2016-12-22 03:19:31+01;1409
2016-12-22 06:39:31+01;1389
2016-12-22 07:51:31+01;1389
2016-12-22 08:37:31+01;1379
2016-12-22 09:51:31+01;1379
2016-12-22 10:51:31+01;1369
2016-12-22 11:53:31+01;1369
2016-12-22 12:37:31+01;1359
2016-12-22 14:51:31+01;1349
2016-12-22 16:47:31+01;1339
2016-12-22 18:37:31+01;1329
2016-12-22 21:19:31+01;1329
2016-12-23 03:17:31+01;1409
2016-12-23 06:43:31+01;1409
2016-12-23 07:43:31+01;1389
2016-12-23 08:27:31+01;1389
2016-12-23 09:03:31+01;1389
2016-12-23 09:51:31+01;1379
2016-12-23 12:05:31+01;1369
2016-12-23 12:27:31+01;1389
2016-12-23 12:31:31+01;1369
2016-12-23 12:47:31+01;1389
2016-12-23 13:05:31+01;1369
2016-12-23 14:37:32+01;1359
2016-12-23 16:03:31+01;1349
2016-12-23 17:51:31+01;1339
2016-12-23 18:57:31+01;1329
2016-12-23 21:05:31+01;1319
2016-12-24 03:17:31+01;1409
2016-12-24 07:27:31+01;1389
2016-12-24 08:51:31+01;1389
2016-12-24 09:21:31+01;1379
2016-12-24 11:05:31+01;1379
2016-12-24 11:37:31+01;1369
2016-12-24 12:25:31+01;1359
2016-12-25 03:19:31+01;1449
2016-12-25 06:27:31+01;1419
2016-12-25 08:27:31+01;1399
2016-12-25 09:27:31+01;1379
2016-12-25 09:35:31+01;1369
2016-12-25 11:05:31+01;1359
2016-12-26 03:17:31+01;1449
2016-12-26 06:25:31+01;1419
2016-12-26 06:53:31+01;1359
2016-12-27 03:19:31+01;1449
2016-12-27 06:09:31+01;1439
2016-12-27 06:27:31+01;1419
2016-12-27 06:29:31+01;1409
2016-12-27 08:21:31+01;1399
2016-12-27 10:35:31+01;1389
2016-12-27 12:27:31+01;1379
2016-12-27 14:23:31+01;1369
2016-12-27 15:37:31+01;1359
2016-12-27 16:55:31+01;1349
2016-12-27 18:37:31+01;1339
2016-12-27 19:39:31+01;1339
2016-12-27 20:51:31+01;1329
2016-12-28 03:17:31+01;1419
2016-12-28 06:29:31+01;1409
2016-12-28 07:11:31+01;1409
2016-12-28 08:21:31+01;1399
2016-12-28 09:05:31+01;1399
2016-12-28 10:37:31+01;1389
2016-12-28 11:07:31+01;1389
2016-12-28 12:31:31+01;1379
2016-12-28 12:35:31+01;1399
2016-12-28 13:31:31+01;1389
2016-12-28 14:33:31+01;1389
2016-12-28 15:13:31+01;1369
2016-12-28 15:57:31+01;1359
2016-12-28 16:29:31+01;1349
2016-12-28 18:21:31+01;1339
2016-12-28 20:35:31+01;1329
2016-12-29 03:19:31+01;1419
2016-12-29 06:31:31+01;1409
2016-12-29 07:23:31+01;1409
2016-12-29 08:23:31+01;1399
2016-12-29 08:37:31+01;1349
2016-12-29 09:13:31+01;1339
2016-12-29 09:23:31+01;1339
2016-12-29 11:27:31+01;1329
2016-12-29 12:29:31+01;1339
2016-12-29 13:29:31+01;1329
2016-12-29 14:41:31+01;1329
2016-12-29 14:51:31+01;1319
2016-12-29 15:33:31+01;1319
2016-12-29 16:35:31+01;1309
2016-12-29 18:19:31+01;1309
2016-12-29 20:37:31+01;1309
2016-12-30 03:17:31+01;1389
2016-12-30 06:19:31+01;1389
2016-12-30 08:05:31+01;1379
2016-12-30 10:07:31+01;1369
2016-12-30 14:13:31+01;1369
2016-12-30 14:21:31+01;1369
2016-12-30 16:23:31+01;1359
2016-12-30 18:23:31+01;1349
2016-12-30 20:21:31+01;1339
2016-12-31 03:17:31+01;1429
2016-12-31 07:33:31+01;1389
2016-12-31 09:05:31+01;1389
2016-12-31 09:21:31+01;1379
2016-12-31 11:05:31+01;1379
2016-12-31 11:21:31+01;1369
2016-12-31 14:49:31+01;1369
2017-01-01 03:19:31+01;1449
2017-01-01 06:27:32+01;1439
2017-01-01 11:23:31+01;1419
2017-01-01 11:57:31+01;1369
2017-01-02 03:19:31+01;1449
2017-01-02 06:19:31+01;1439
2017-01-02 06:27:31+01;1439
2017-01-02 06:29:31+01;1409
2017-01-02 08:21:31+01;1399
2017-01-02 09:41:31+01;1389
2017-01-02 11:53:31+01;1379
2017-01-02 14:37:31+01;1369
2017-01-02 16:53:31+01;1359
2017-01-02 19:07:31+01;1349
2017-01-02 21:21:31+01;1339
2017-01-03 03:17:31+01;1429
2017-01-03 07:25:31+01;1409
2017-01-03 08:09:31+01;1409
2017-01-03 09:23:31+01;1399
2017-01-03 10:07:31+01;1399
2017-01-03 10:09:31+01;1389
2017-01-03 10:57:31+01;1379
2017-01-03 11:59:31+01;1369
2017-01-03 12:23:31+01;1389
2017-01-03 12:47:31+01;1389
2017-01-03 13:29:31+01;1369
2017-01-03 14:51:31+01;1359
2017-01-03 16:51:31+01;1349
2017-01-03 19:05:31+01;1339
2017-01-03 21:21:31+01;1329
2017-01-04 03:17:32+01;1419
2017-01-04 08:37:31+01;1409
2017-01-04 11:17:31+01;1389
2017-01-04 11:43:31+01;1389
2017-01-04 14:33:31+01;1389
2017-01-04 14:51:31+01;1379
2017-01-04 15:03:31+01;1369
2017-01-04 17:05:31+01;1359
2017-01-04 19:03:31+01;1349
2017-01-04 21:05:31+01;1339
2017-01-05 03:19:31+01;1429
2017-01-05 06:43:31+01;1419
2017-01-05 08:37:31+01;1409
2017-01-05 10:27:31+01;1399
2017-01-05 11:57:31+01;1379
2017-01-05 12:31:32+01;1399
2017-01-05 13:27:31+01;1379
2017-01-05 14:15:31+01;1379
2017-01-05 14:33:31+01;1369
2017-01-05 16:51:31+01;1359
2017-01-05 19:05:31+01;1349
2017-01-05 21:21:31+01;1339
2017-01-06 03:17:31+01;1429
2017-01-06 07:19:31+01;1359
2017-01-06 09:23:31+01;1349
2017-01-06 11:33:32+01;1339
2017-01-06 14:35:31+01;1329
2017-01-07 03:17:31+01;1409
2017-01-07 09:51:31+01;1399
2017-01-07 12:05:31+01;1389
2017-01-07 13:49:31+01;1399
2017-01-07 14:23:31+01;1379
2017-01-07 15:13:31+01;1369
2017-01-07 16:37:31+01;1369
2017-01-07 17:23:31+01;1359
2017-01-07 17:43:31+01;1359
2017-01-07 18:47:31+01;1359
2017-01-07 18:53:31+01;1349
2017-01-07 19:57:31+01;1349
2017-01-08 03:17:31+01;1419
2017-01-08 09:13:31+01;1349
2017-01-08 11:19:31+01;1349
2017-01-08 11:37:31+01;1339
2017-01-08 14:51:31+01;1329
2017-01-08 16:51:31+01;1329
2017-01-09 03:19:31+01;1409
2017-01-09 08:05:31+01;1399
2017-01-09 10:05:31+01;1389
2017-01-09 12:23:31+01;1379
2017-01-09 12:49:31+01;1399
2017-01-09 13:01:31+01;1379
2017-01-09 14:23:31+01;1369
2017-01-09 16:37:31+01;1359
2017-01-09 18:51:31+01;1349
2017-01-09 20:51:31+01;1339
2017-01-10 03:19:31+01;1419
2017-01-10 07:51:31+01;1409
2017-01-10 08:01:31+01;1399
2017-01-10 10:07:31+01;1389
2017-01-10 12:21:31+01;1379
2017-01-10 14:21:31+01;1369
2017-01-10 16:37:31+01;1359
2017-01-10 18:39:31+01;1349
2017-01-10 20:51:31+01;1339
2017-01-11 03:19:31+01;1419
2017-01-11 07:51:31+01;1409
2017-01-11 09:51:31+01;1399
2017-01-11 12:05:31+01;1389
2017-01-11 12:21:31+01;1409
2017-01-11 13:31:31+01;1399
2017-01-11 14:33:31+01;1399
2017-01-11 14:51:31+01;1389
2017-01-11 16:01:31+01;1379
2017-01-11 17:19:31+01;1379
2017-01-11 17:59:31+01;1359
2017-01-11 20:19:31+01;1359
2017-01-11 20:21:31+01;1349
2017-01-11 21:19:32+01;1349
2017-01-12 03:17:31+01;1409
2017-01-12 07:59:31+01;1399
2017-01-12 09:45:31+01;1369
2017-01-12 11:51:31+01;1359
2017-01-12 12:27:31+01;1379
2017-01-12 13:13:31+01;1379
2017-01-12 13:27:31+01;1369
2017-01-12 14:37:31+01;1359
2017-01-12 16:53:31+01;1349
2017-01-12 19:05:31+01;1339
2017-01-12 21:19:31+01;1329
2017-01-13 03:17:31+01;1419
2017-01-13 07:07:31+01;1419
2017-01-13 07:53:31+01;1399
2017-01-13 09:07:31+01;1399
2017-01-13 09:53:31+01;1389
2017-01-13 11:25:31+01;1389
2017-01-13 11:53:31+01;1379
2017-01-13 11:59:31+01;1379
2017-01-13 12:13:31+01;1369
2017-01-13 14:33:31+01;1359
2017-01-13 16:51:31+01;1349
2017-01-13 18:51:31+01;1339
2017-01-13 19:41:31+01;1329
2017-01-14 03:17:31+01;1419
2017-01-14 06:57:31+01;1409
2017-01-14 07:49:31+01;1399
2017-01-14 09:21:31+01;1399
2017-01-14 09:41:31+01;1399
2017-01-14 09:47:31+01;1329
2017-01-14 12:29:31+01;1349
2017-01-14 14:13:31+01;1339
2017-01-14 14:27:31+01;1339
2017-01-14 14:43:31+01;1329
2017-01-14 15:53:31+01;1319
2017-01-15 03:19:31+01;1399
2017-01-15 08:09:31+01;1359
2017-01-15 10:05:31+01;1349
2017-01-15 12:05:31+01;1339
2017-01-15 13:41:31+01;1329
2017-01-15 15:51:31+01;1329
2017-01-15 16:57:31+01;1329
2017-01-15 18:31:31+01;1319
2017-01-15 18:37:31+01;1309
2017-01-16 03:19:31+01;1389
2017-01-16 05:37:31+01;1379
2017-01-16 07:53:31+01;1369
2017-01-16 09:51:31+01;1359
2017-01-16 11:51:31+01;1349
2017-01-16 12:41:31+01;1369
2017-01-16 14:53:31+01;1359
2017-01-16 15:29:31+01;1349
2017-01-16 16:43:31+01;1349
2017-01-16 16:59:31+01;1339
2017-01-16 18:51:31+01;1339
2017-01-16 19:19:31+01;1329
2017-01-16 19:33:31+01;1329
2017-01-16 21:37:31+01;1329
2017-01-17 03:17:31+01;1409
2017-01-17 06:33:31+01;1399
2017-01-17 08:05:31+01;1399
2017-01-17 08:33:31+01;1389
2017-01-17 10:05:31+01;1389
2017-01-17 10:21:31+01;1379
2017-01-17 11:27:31+01;1359
2017-01-17 14:51:31+01;1359
2017-01-17 15:51:31+01;1349
2017-01-17 16:47:31+01;1349
2017-01-17 17:37:31+01;1339
2017-01-17 18:17:31+01;1329
2017-01-17 20:17:31+01;1329
2017-01-18 03:19:31+01;1409
2017-01-18 06:33:31+01;1399
2017-01-18 08:37:31+01;1389
2017-01-18 10:51:31+01;1379
2017-01-18 12:05:31+01;1379
2017-01-18 12:23:31+01;1399
2017-01-18 13:27:31+01;1379
2017-01-18 14:21:31+01;1359
2017-01-18 16:37:31+01;1349
2017-01-18 18:21:31+01;1349
2017-01-18 18:49:31+01;1339
2017-01-18 19:23:31+01;1329
2017-01-18 21:07:31+01;1319
2017-01-18 21:43:31+01;1319
2017-01-19 03:17:31+01;1409
2017-01-19 06:35:31+01;1399
2017-01-19 08:35:31+01;1389
2017-01-19 10:05:31+01;1379
2017-01-19 10:11:31+01;1369
2017-01-19 11:23:31+01;1369
2017-01-19 11:29:31+01;1339
2017-01-19 11:41:31+01;1339
2017-01-19 12:47:31+01;1359
2017-01-19 13:23:31+01;1339
2017-01-19 14:53:31+01;1329
2017-01-19 17:07:31+01;1319
2017-01-20 03:19:31+01;1399
2017-01-20 07:37:31+01;1389
2017-01-20 09:39:31+01;1379
2017-01-20 10:29:31+01;1369
2017-01-20 10:45:31+01;1359
2017-01-20 11:01:31+01;1339
2017-01-20 12:23:31+01;1329
2017-01-20 12:35:31+01;1349
2017-01-20 12:57:31+01;1329
2017-01-20 14:51:31+01;1329
2017-01-20 15:51:31+01;1319
2017-01-20 16:51:31+01;1319
2017-01-21 03:17:31+01;1399
2017-01-21 09:07:31+01;1389
2017-01-21 11:25:31+01;1379
2017-01-21 15:45:31+01;1349
2017-01-21 17:45:32+01;1339
2017-01-21 17:53:31+01;1339
2017-01-21 17:55:31+01;1339
2017-01-21 19:39:31+01;1329
2017-01-21 19:51:31+01;1329
2017-01-22 03:17:31+01;1419
2017-01-22 09:13:31+01;1409
2017-01-22 09:45:31+01;1349
2017-01-22 10:33:31+01;1339
2017-01-22 12:05:31+01;1339
2017-01-22 12:21:31+01;1329
2017-01-22 14:05:31+01;1319
2017-01-22 16:05:31+01;1319
2017-01-22 18:21:31+01;1319
2017-01-22 20:19:31+01;1319
2017-01-23 03:17:31+01;1319
2017-01-23 05:59:31+01;1399
2017-01-23 07:21:31+01;1399
2017-01-23 07:53:31+01;1389
2017-01-23 08:19:31+01;1349
2017-01-23 08:27:31+01;1339
2017-01-23 08:45:31+01;1329
2017-01-23 09:21:31+01;1329
2017-01-23 12:23:31+01;1349
2017-01-23 13:31:31+01;1329
2017-01-24 03:17:31+01;1419
2017-01-24 05:37:31+01;1399
2017-01-24 07:49:31+01;1389
2017-01-24 09:59:31+01;1379
2017-01-24 10:39:31+01;1379
2017-01-24 11:09:31+01;1379
2017-01-24 11:37:31+01;1369
2017-01-24 11:57:31+01;1369
2017-01-24 14:35:31+01;1359
2017-01-24 14:53:31+01;1359
2017-01-24 15:33:31+01;1349
2017-01-24 16:51:31+01;1349
2017-01-24 17:53:31+01;1339
2017-01-24 18:23:31+01;1329
2017-01-24 18:35:31+01;1329
2017-01-24 19:33:31+01;1319
2017-01-24 20:37:31+01;1319
2017-01-25 03:19:31+01;1409
2017-01-25 05:37:31+01;1399
2017-01-25 07:51:31+01;1399
2017-01-25 08:05:31+01;1389
2017-01-25 09:11:31+01;1359
2017-01-25 10:03:31+01;1359
2017-01-25 10:15:31+01;1319
2017-01-25 12:03:31+01;1319
2017-01-25 12:21:31+01;1339
2017-01-25 13:27:31+01;1319
2017-01-25 14:55:32+01;1319
2017-01-25 17:07:31+01;1319
2017-01-26 03:17:31+01;1399
2017-01-26 05:57:31+01;1389
2017-01-26 07:51:31+01;1379
2017-01-26 09:53:31+01;1369
2017-01-26 12:07:31+01;1359
2017-01-26 14:55:31+01;1349
2017-01-26 17:03:31+01;1339
2017-01-26 19:07:31+01;1339
2017-01-26 19:25:31+01;1329
2017-01-26 21:23:31+01;1329
2017-01-26 21:33:31+01;1319
2017-01-27 03:19:31+01;1409
2017-01-27 06:39:31+01;1399
2017-01-27 07:37:31+01;1399
2017-01-27 08:37:31+01;1389
2017-01-27 09:39:31+01;1389
2017-01-27 10:49:31+01;1379
2017-01-27 11:35:31+01;1379
2017-01-27 12:21:31+01;1369
2017-01-27 12:27:31+01;1399
2017-01-27 12:47:31+01;1389
2017-01-27 13:29:31+01;1379
2017-01-27 14:33:31+01;1369
2017-01-27 14:51:31+01;1369
2017-01-27 15:13:31+01;1369
2017-01-27 16:05:31+01;1359
2017-01-27 16:21:31+01;1359
2017-01-27 16:53:31+01;1349
2017-01-27 18:21:31+01;1349
2017-01-27 18:27:31+01;1339
2017-01-27 19:09:31+01;1329
2017-01-27 20:37:31+01;1329
2017-01-27 21:19:31+01;1319
2017-01-28 03:17:31+01;1409
2017-01-28 06:49:31+01;1399
2017-01-28 09:21:31+01;1389
2017-01-28 10:49:31+01;1379
2017-01-28 11:35:31+01;1369
2017-01-28 14:21:31+01;1359
2017-01-28 16:21:31+01;1349
2017-01-28 18:37:31+01;1339
2017-01-28 20:51:31+01;1329
2017-01-29 03:17:31+01;1419
2017-01-29 08:35:31+01;1359
2017-01-29 09:11:31+01;1349
2017-01-29 18:19:31+01;1339
2017-01-30 03:17:31+01;1419
2017-01-30 06:57:31+01;1419
2017-01-30 07:37:31+01;1409
2017-01-30 08:53:31+01;1409
2017-01-30 09:23:31+01;1399
2017-01-30 10:03:31+01;1389
2017-01-30 11:07:31+01;1389
2017-01-30 12:23:31+01;1379
2017-01-30 12:29:31+01;1369
2017-01-30 14:21:31+01;1369
2017-01-30 14:51:31+01;1359
2017-01-30 15:11:31+01;1359
2017-01-30 16:51:31+01;1349
2017-01-30 17:55:31+01;1339
2017-01-30 19:05:31+01;1339
2017-01-30 19:33:31+01;1329
2017-01-30 21:19:31+01;1329
2017-01-31 03:17:32+01;1419
2017-01-31 06:13:31+01;1409
2017-01-31 07:51:31+01;1409
2017-01-31 08:05:31+01;1399
2017-01-31 09:51:31+01;1399
2017-01-31 10:05:31+01;1389
2017-01-31 10:51:31+01;1379
2017-01-31 11:33:31+01;1339
2017-01-31 11:57:31+01;1329
2017-01-31 12:29:31+01;1349
2017-01-31 13:31:31+01;1329
2017-01-31 14:53:31+01;1319
2017-01-31 17:09:31+01;1309
2017-02-01 03:17:31+01;1389
2017-02-01 08:07:31+01;1379
2017-02-01 10:05:31+01;1369
2017-02-01 11:37:31+01;1339
2017-02-01 12:09:31+01;1329
2017-02-01 12:21:31+01;1349
2017-02-01 13:09:31+01;1339
2017-02-01 14:35:31+01;1329
2017-02-01 16:51:31+01;1319
2017-02-02 04:03:31+01;1399
2017-02-02 07:53:31+01;1389
2017-02-02 09:53:31+01;1379
2017-02-02 11:51:31+01;1369
2017-02-02 12:27:31+01;1349
2017-02-02 15:01:31+01;1349
2017-02-02 15:17:31+01;1349
2017-02-02 15:51:31+01;1339
2017-02-02 16:51:31+01;1339
2017-02-02 17:51:31+01;1329
2017-02-02 18:43:31+01;1329
2017-02-02 19:53:31+01;1319
2017-02-02 20:37:31+01;1319
2017-02-03 04:03:31+01;1409
2017-02-03 07:51:31+01;1399
2017-02-03 09:47:31+01;1399
2017-02-03 09:51:31+01;1389
2017-02-03 10:27:31+01;1389
2017-02-03 11:27:31+01;1379
2017-02-03 12:21:31+01;1379
2017-02-03 14:51:31+01;1369
2017-02-03 15:39:31+01;1359
2017-02-03 17:07:31+01;1359
2017-02-03 17:53:31+01;1349
2017-02-03 18:37:31+01;1339
2017-02-03 19:11:31+01;1329
2017-02-03 19:43:31+01;1329
2017-02-04 04:03:31+01;1409
2017-02-04 05:13:31+01;1329
2017-02-04 09:21:31+01;1329
2017-02-04 12:11:31+01;1349
2017-02-04 17:17:31+01;1339
2017-02-04 18:33:31+01;1329
2017-02-04 18:47:31+01;1329
2017-02-04 19:21:31+01;1329
2017-02-05 04:03:31+01;1419
2017-02-05 07:37:31+01;1409
2017-02-05 08:09:31+01;1359
2017-02-05 08:43:31+01;1339
2017-02-05 10:27:31+01;1339
2017-02-05 11:25:31+01;1329
2017-02-05 12:49:31+01;1349
2017-02-05 13:23:31+01;1339
2017-02-05 13:45:32+01;1329
2017-02-06 04:03:31+01;1409
2017-02-06 06:59:31+01;1379
2017-02-06 08:23:31+01;1359
2017-02-06 09:51:31+01;1359
2017-02-06 10:35:31+01;1349
2017-02-06 12:07:31+01;1349
2017-02-06 12:35:32+01;1369
2017-02-06 13:27:31+01;1359
2017-02-06 14:07:31+01;1359
2017-02-06 14:51:31+01;1349
2017-02-06 15:53:31+01;1349
2017-02-06 16:53:31+01;1339
2017-02-06 17:53:31+01;1339
2017-02-06 18:53:31+01;1329
2017-02-06 19:07:31+01;1329
2017-02-07 04:03:31+01;1409
2017-02-07 07:03:31+01;1399
2017-02-07 07:51:31+01;1399
2017-02-07 08:51:31+01;1389
2017-02-07 09:51:31+01;1389
2017-02-07 10:51:31+01;1379
2017-02-07 11:43:31+01;1379
2017-02-07 14:35:31+01;1369
2017-02-07 15:21:31+01;1359
2017-02-07 15:41:31+01;1349
2017-02-07 16:49:31+01;1349
2017-02-07 17:41:31+01;1339
2017-02-07 18:51:31+01;1339
2017-02-07 21:05:31+01;1329
2017-02-08 04:03:31+01;1419
2017-02-08 06:29:31+01;1409
2017-02-08 07:37:31+01;1409
2017-02-08 07:41:31+01;1399
2017-02-08 09:21:31+01;1389
2017-02-08 10:45:31+01;1379
2017-02-08 11:31:31+01;1369
2017-02-08 11:39:31+01;1349
2017-02-08 12:27:31+01;1339
2017-02-08 12:35:31+01;1359
2017-02-08 12:57:31+01;1339
2017-02-08 14:07:31+01;1329
2017-02-08 16:21:31+01;1319
2017-02-09 04:03:31+01;1399
2017-02-09 07:05:31+01;1399
2017-02-09 08:05:31+01;1389
2017-02-09 10:11:31+01;1379
2017-02-09 12:19:31+01;1399
2017-02-09 12:23:31+01;1389
2017-02-09 13:31:31+01;1379
2017-02-09 14:33:31+01;1369
2017-02-09 15:29:32+01;1359
2017-02-09 16:11:31+01;1349
2017-02-09 19:05:31+01;1339
2017-02-09 19:51:31+01;1329
2017-02-10 04:03:31+01;1419
2017-02-10 05:27:31+01;1419
2017-02-10 07:51:31+01;1409
2017-02-10 08:33:31+01;1399
2017-02-10 10:51:31+01;1389
2017-02-10 14:21:31+01;1379
2017-02-10 15:03:31+01;1339
2017-02-10 16:21:31+01;1339
2017-02-10 16:37:31+01;1329
2017-02-10 18:37:31+01;1329
2017-02-10 20:51:31+01;1329
2017-02-11 04:13:31+01;1409
2017-02-11 08:11:31+01;1389
2017-02-11 10:21:31+01;1379
2017-02-11 11:25:31+01;1379
2017-02-11 11:27:31+01;1369
2017-02-11 11:39:31+01;1369
2017-02-11 12:11:31+01;1359
2017-02-11 12:31:31+01;1379
2017-02-11 13:27:31+01;1369
2017-02-11 14:51:31+01;1359
2017-02-11 16:51:31+01;1349
2017-02-11 18:37:31+01;1339
2017-02-11 18:51:31+01;1339
2017-02-11 19:49:31+01;1329
2017-02-11 20:51:31+01;1329
2017-02-12 04:13:31+01;1419
2017-02-12 07:57:31+01;1409
2017-02-12 08:43:31+01;1369
2017-02-12 09:11:31+01;1369
2017-02-12 10:03:31+01;1329
2017-02-13 04:13:31+01;1419
2017-02-13 06:49:31+01;1409
2017-02-13 07:01:31+01;1399
2017-02-13 08:53:31+01;1389
2017-02-13 11:07:31+01;1379
2017-02-13 12:25:31+01;1399
2017-02-13 13:11:31+01;1389
2017-02-13 13:31:31+01;1379
2017-02-13 14:35:31+01;1369
2017-02-13 15:57:31+01;1369
2017-02-13 16:05:31+01;1359
2017-02-13 17:21:31+01;1359
2017-02-13 18:05:31+01;1349
2017-02-13 18:55:32+01;1349
2017-02-13 19:05:31+01;1339
2017-02-13 21:07:31+01;1339
2017-02-14 04:13:31+01;1419
2017-02-14 06:37:31+01;1409
2017-02-14 08:01:31+01;1409
2017-02-14 08:21:31+01;1399
2017-02-14 08:53:31+01;1399
2017-02-14 10:21:31+01;1389
2017-02-14 10:39:31+01;1379
2017-02-14 11:07:31+01;1379
2017-02-14 11:43:31+01;1359
2017-02-14 12:31:31+01;1379
2017-02-14 13:49:31+01;1359
2017-02-14 15:55:31+01;1349
2017-02-14 18:07:31+01;1339
2017-02-14 20:51:31+01;1339
2017-02-15 04:13:31+01;1419
2017-02-15 05:47:31+01;1409
2017-02-15 07:51:31+01;1399
2017-02-15 09:53:31+01;1389
2017-02-15 11:43:31+01;1359
2017-02-15 12:15:31+01;1349
2017-02-15 12:21:31+01;1349
2017-02-15 12:31:31+01;1369
2017-02-15 13:51:31+01;1359
2017-02-15 14:17:31+01;1359
2017-02-15 16:07:31+01;1349
2017-02-15 16:25:31+01;1349
2017-02-15 18:07:31+01;1339
2017-02-15 18:43:31+01;1339
2017-02-16 04:13:31+01;1419
2017-02-16 05:37:31+01;1409
2017-02-16 06:59:31+01;1399
2017-02-16 07:51:31+01;1399
2017-02-16 08:55:31+01;1389
2017-02-16 09:55:31+01;1389
2017-02-16 10:43:31+01;1379
2017-02-16 11:31:31+01;1379
2017-02-16 11:59:31+01;1359
2017-02-16 14:53:31+01;1349
2017-02-16 17:05:31+01;1339
2017-02-16 19:29:31+01;1339
2017-02-17 04:13:31+01;1419
2017-02-17 06:37:31+01;1409
2017-02-17 07:33:31+01;1369
2017-02-17 07:43:31+01;1359
2017-02-17 08:21:31+01;1359
2017-02-17 09:51:31+01;1349
2017-02-17 10:21:31+01;1349
2017-02-17 12:07:31+01;1349
2017-02-17 12:23:31+01;1339
2017-02-17 12:29:31+01;1359
2017-02-17 14:39:31+01;1359
2017-02-17 14:49:32+01;1359
2017-02-17 15:27:31+01;1359
2017-02-17 15:51:31+01;1349
2017-02-17 17:21:31+01;1349
2017-02-17 17:51:31+01;1339
2017-02-17 18:17:31+01;1339
2017-02-17 19:47:31+01;1339
2017-02-18 04:12:31+01;1419
2017-02-18 06:47:31+01;1409
2017-02-18 06:55:32+01;1409
2017-02-18 07:47:31+01;1359
2017-02-18 08:23:31+01;1349
2017-02-18 14:13:31+01;1349
2017-02-18 14:23:31+01;1349
2017-02-18 18:27:31+01;1339
2017-02-19 03:47:31+01;1429
2017-02-19 07:49:32+01;1429
2017-02-19 08:19:31+01;1349
2017-02-19 14:05:31+01;1349
2017-02-19 14:17:31+01;1339
2017-02-19 14:21:31+01;1349
2017-02-19 14:27:31+01;1339
2017-02-20 03:47:31+01;1429
2017-02-20 06:09:31+01;1419
2017-02-20 10:19:31+01;1399
2017-02-20 11:13:31+01;1399
2017-02-20 11:23:31+01;1399
2017-02-20 12:21:31+01;1389
2017-02-20 12:31:31+01;1409
2017-02-20 12:47:31+01;1409
2017-02-20 13:37:31+01;1379
2017-02-20 15:29:31+01;1379
2017-02-20 15:51:31+01;1369
2017-02-20 16:01:31+01;1369
2017-02-20 16:19:31+01;1359
2017-02-20 16:59:31+01;1349
2017-02-20 18:19:31+01;1339
2017-02-20 19:07:31+01;1329
2017-02-21 03:49:31+01;1409
2017-02-21 06:27:31+01;1349
2017-02-21 12:25:32+01;1369
2017-02-21 13:51:31+01;1349
2017-02-21 16:57:31+01;1339
2017-02-21 20:49:31+01;1339
2017-02-22 03:47:31+01;1429
2017-02-22 05:37:31+01;1399
2017-02-22 06:39:31+01;1359
2017-02-22 12:29:31+01;1379
2017-02-22 13:51:31+01;1359
2017-02-22 16:19:31+01;1349
2017-02-22 16:49:31+01;1349
2017-02-22 16:57:31+01;1339
2017-02-22 19:09:31+01;1339
2017-02-23 03:47:31+01;1429
2017-02-23 05:37:31+01;1409
2017-02-23 06:33:31+01;1369
2017-02-23 08:09:31+01;1359
2017-02-23 12:27:32+01;1379
2017-02-23 12:57:31+01;1359
2017-02-23 13:03:31+01;1349
2017-02-23 16:07:31+01;1339
2017-02-23 17:51:31+01;1339
2017-02-23 19:11:31+01;1329
2017-02-24 03:17:31+01;1419
2017-02-24 05:27:32+01;1409
2017-02-24 06:21:31+01;1399
2017-02-24 08:25:31+01;1389
2017-02-24 09:33:31+01;1389
2017-02-24 10:37:31+01;1379
2017-02-24 11:21:31+01;1379
2017-02-24 14:27:31+01;1369
2017-02-24 14:37:31+01;1359
2017-02-24 16:37:31+01;1349
2017-02-24 17:37:31+01;1339
2017-02-24 17:51:31+01;1339
2017-02-24 19:51:31+01;1329
2017-02-25 03:17:31+01;1419
2017-02-25 05:49:31+01;1399
2017-02-25 08:53:31+01;1389
2017-02-25 10:27:31+01;1389
2017-02-25 10:43:31+01;1379
2017-02-25 11:19:31+01;1379
2017-02-25 11:27:31+01;1369
2017-02-25 12:07:31+01;1359
2017-02-25 12:27:31+01;1379
2017-02-25 12:57:31+01;1369
2017-02-25 14:21:31+01;1349
2017-02-25 16:23:31+01;1339
2017-02-25 19:35:31+01;1329
2017-02-26 03:17:31+01;1419
2017-02-26 05:43:31+01;1399
2017-02-26 08:35:31+01;1359
2017-02-26 14:31:31+01;1329
2017-02-26 16:17:31+01;1329
2017-02-27 03:19:31+01;1419
2017-02-27 05:27:31+01;1409
2017-02-27 05:51:31+01;1399
2017-02-27 07:51:31+01;1389
2017-02-27 09:51:31+01;1379
2017-02-27 11:21:31+01;1379
2017-02-27 11:53:31+01;1369
2017-02-27 12:19:31+01;1369
2017-02-27 12:49:31+01;1389
2017-02-27 13:53:31+01;1389
2017-02-27 14:07:31+01;1379
2017-02-27 14:19:31+01;1369
2017-02-27 14:27:31+01;1359
2017-02-27 15:21:31+01;1349
2017-02-27 16:37:31+01;1349
2017-02-27 16:43:31+01;1339
2017-02-27 18:03:31+01;1329
2017-02-27 18:59:31+01;1319
2017-02-28 03:17:31+01;1399
2017-02-28 07:51:31+01;1389
2017-02-28 09:55:31+01;1379
2017-02-28 11:23:31+01;1379
2017-02-28 11:53:31+01;1369
2017-02-28 12:11:31+01;1369
2017-02-28 14:21:31+01;1359
2017-02-28 15:35:31+01;1349
2017-02-28 17:03:31+01;1339
2017-03-01 03:17:31+01;1419
2017-03-01 05:49:31+01;1399
2017-03-01 07:27:31+01;1389
2017-03-01 08:29:31+01;1369
2017-03-01 09:41:31+01;1369
2017-03-01 10:35:31+01;1359
2017-03-01 11:51:31+01;1359
2017-03-01 11:59:31+01;1349
2017-03-01 12:27:31+01;1369
2017-03-01 13:57:31+01;1359
2017-03-01 14:19:32+01;1349
2017-03-01 16:05:31+01;1339
2017-03-01 17:07:31+01;1329
2017-03-01 18:19:31+01;1329
2017-03-02 03:17:31+01;1409
2017-03-02 05:47:31+01;1399
2017-03-02 07:51:31+01;1389
2017-03-02 08:59:31+01;1359
2017-03-02 10:07:31+01;1359
2017-03-02 11:27:32+01;1349
2017-03-02 12:21:31+01;1349
2017-03-02 12:27:31+01;1369
2017-03-02 12:47:31+01;1369
2017-03-02 13:57:31+01;1349
2017-03-02 15:27:31+01;1349
2017-03-02 16:05:31+01;1339
2017-03-02 18:21:31+01;1329
2017-03-03 03:19:31+01;1409
2017-03-03 05:37:31+01;1399
2017-03-03 05:53:31+01;1399
2017-03-03 06:57:31+01;1349
2017-03-03 08:51:31+01;1339
2017-03-03 11:05:31+01;1329
2017-03-03 12:41:31+01;1349
2017-03-03 14:01:31+01;1329
2017-03-03 16:25:31+01;1319
2017-03-04 03:19:31+01;1399
2017-03-04 05:51:31+01;1399
2017-03-04 06:27:31+01;1319
2017-03-04 12:23:32+01;1339
2017-03-04 13:31:31+01;1319
2017-03-05 03:17:31+01;1399
2017-03-05 05:49:31+01;1389
2017-03-05 08:19:31+01;1339
2017-03-05 09:13:31+01;1329
2017-03-05 10:21:31+01;1329
2017-03-05 11:23:31+01;1319
2017-03-05 12:21:31+01;1319
2017-03-05 12:27:31+01;1319
2017-03-06 03:19:31+01;1399
2017-03-06 05:53:31+01;1389
2017-03-06 07:37:31+01;1379
2017-03-06 09:21:31+01;1369
2017-03-06 11:35:31+01;1359
2017-03-06 12:53:31+01;1379
2017-03-06 13:41:31+01;1359
2017-03-06 14:37:31+01;1349
2017-03-06 15:51:31+01;1319
2017-03-07 03:17:31+01;1399
2017-03-07 05:27:31+01;1389
2017-03-07 05:51:31+01;1389
2017-03-07 08:21:31+01;1379
2017-03-07 10:11:31+01;1369
2017-03-07 11:11:31+01;1339
2017-03-07 11:35:31+01;1339
2017-03-07 11:41:31+01;1339
2017-03-07 14:55:31+01;1329
2017-03-07 16:37:31+01;1329
2017-03-07 17:21:31+01;1329
2017-03-07 17:29:31+01;1329
2017-03-07 17:37:31+01;1319
2017-03-07 18:51:31+01;1309
2017-03-08 03:17:31+01;1389
2017-03-08 05:53:31+01;1379
2017-03-08 07:55:31+01;1369
2017-03-08 09:51:31+01;1359
2017-03-08 11:21:31+01;1359
2017-03-08 11:41:31+01;1349
2017-03-08 12:05:31+01;1339
2017-03-08 14:47:31+01;1329
2017-03-08 16:35:31+01;1319
2017-03-08 17:49:31+01;1309
2017-03-09 03:17:31+01;1389
2017-03-09 07:37:31+01;1379
2017-03-09 09:21:31+01;1379
2017-03-09 09:39:31+01;1369
2017-03-09 09:51:31+01;1369
2017-03-09 11:07:31+01;1359
2017-03-09 12:05:31+01;1349
2017-03-09 12:33:31+01;1369
2017-03-09 13:53:31+01;1359
2017-03-09 13:57:31+01;1349
2017-03-09 14:27:31+01;1329
2017-03-09 15:19:31+01;1319
2017-03-09 17:05:31+01;1309
2017-03-10 03:19:31+01;1389
2017-03-10 05:49:31+01;1379
2017-03-10 06:35:31+01;1319
2017-03-10 12:21:31+01;1339
2017-03-10 13:45:31+01;1319
2017-03-10 14:23:31+01;1319
2017-03-10 17:57:31+01;1319
2017-03-10 20:23:31+01;1309
2017-03-10 21:37:31+01;1299
2017-03-11 03:19:31+01;1399
2017-03-11 08:41:31+01;1389
2017-03-11 09:03:31+01;1379
2017-03-11 10:51:31+01;1379
2017-03-11 11:23:31+01;1369
2017-03-11 14:25:31+01;1359
2017-03-11 14:47:31+01;1329
2017-03-11 15:37:31+01;1319
2017-03-11 17:07:31+01;1309
2017-03-11 17:51:31+01;1299
2017-03-11 20:07:31+01;1289
2017-03-12 03:19:31+01;1389
2017-03-12 05:51:31+01;1379
2017-03-12 08:43:31+01;1339
2017-03-12 10:19:31+01;1299
2017-03-12 12:33:31+01;1319
2017-03-12 14:09:31+01;1299
2017-03-12 14:33:31+01;1299
2017-03-13 03:19:32+01;1389
2017-03-13 06:27:31+01;1379
2017-03-13 08:21:31+01;1369
2017-03-13 10:25:31+01;1359
2017-03-13 11:03:31+01;1359
2017-03-13 11:37:31+01;1329
2017-03-13 12:33:31+01;1349
2017-03-13 13:55:31+01;1329
2017-03-13 14:19:31+01;1329
2017-03-13 14:25:31+01;1329
2017-03-13 15:27:31+01;1329
2017-03-13 17:37:31+01;1319
2017-03-13 19:11:31+01;1309
2017-03-13 20:33:31+01;1299
2017-03-13 21:49:32+01;1289
2017-03-14 03:19:31+01;1389
2017-03-14 06:05:31+01;1379
2017-03-14 07:37:31+01;1379
2017-03-14 08:07:31+01;1369
2017-03-14 09:43:31+01;1369
2017-03-14 10:05:31+01;1359
2017-03-14 10:51:31+01;1359
2017-03-14 12:01:31+01;1349
2017-03-14 13:57:31+01;1329
2017-03-14 16:07:31+01;1319
2017-03-14 17:33:31+01;1309
2017-03-14 18:07:31+01;1309
2017-03-14 19:13:31+01;1299
2017-03-14 20:23:31+01;1299
2017-03-14 20:37:31+01;1289
2017-03-14 21:43:31+01;1279
2017-03-15 03:19:31+01;1379
2017-03-15 06:05:31+01;1369
2017-03-15 07:41:31+01;1329
2017-03-15 08:35:31+01;1279
2017-03-15 09:47:31+01;1279
2017-03-15 10:51:31+01;1279
2017-03-15 12:17:31+01;1299
2017-03-15 14:05:31+01;1289
2017-03-15 18:13:31+01;1279
2017-03-16 03:19:31+01;1369
2017-03-16 07:45:32+01;1349
2017-03-16 09:13:31+01;1339
2017-03-16 10:05:31+01;1329
2017-03-16 10:57:31+01;1329
2017-03-16 11:13:31+01;1329
2017-03-16 11:19:31+01;1319
2017-03-16 11:39:31+01;1309
2017-03-16 14:57:31+01;1299
2017-03-16 17:05:31+01;1289
2017-03-16 17:29:31+01;1289
2017-03-17 03:17:31+01;1369
2017-03-17 06:07:31+01;1359
2017-03-17 06:21:32+01;1349
2017-03-17 08:07:31+01;1339
2017-03-17 09:13:31+01;1329
2017-03-17 09:23:31+01;1339
2017-03-17 09:27:31+01;1319
2017-03-17 09:43:31+01;1319
2017-03-17 10:01:31+01;1309
2017-03-17 10:47:31+01;1309
2017-03-17 11:51:31+01;1299
2017-03-17 12:31:31+01;1319
2017-03-17 13:55:31+01;1309
2017-03-17 14:21:31+01;1309
2017-03-17 14:27:31+01;1289
2017-03-17 16:31:31+01;1289
2017-03-17 17:57:31+01;1289
2017-03-17 20:23:31+01;1269
2017-03-18 03:23:31+01;1359
2017-03-18 06:47:31+01;1349
2017-03-18 08:51:31+01;1339
2017-03-18 10:49:31+01;1339
2017-03-18 10:53:31+01;1329
2017-03-18 12:13:31+01;1319
2017-03-18 12:23:31+01;1339
2017-03-18 13:49:31+01;1329
2017-03-18 14:33:31+01;1309
2017-03-18 15:35:31+01;1299
2017-03-18 16:27:31+01;1289
2017-03-18 17:17:31+01;1289
2017-03-19 03:19:31+01;1379
2017-03-19 06:05:31+01;1359
2017-03-19 08:43:31+01;1329
2017-03-19 11:57:31+01;1329
2017-03-19 13:51:31+01;1319
2017-03-19 14:11:31+01;1309
2017-03-19 15:55:31+01;1289
2017-03-19 15:59:31+01;1279
2017-03-20 03:21:31+01;1369
2017-03-20 05:49:31+01;1359
2017-03-20 07:35:31+01;1349
2017-03-20 09:39:31+01;1339
2017-03-20 10:51:31+01;1329
2017-03-20 12:15:31+01;1319
2017-03-20 14:37:31+01;1309
2017-03-20 15:57:31+01;1299
2017-03-20 17:33:31+01;1289
2017-03-20 18:55:31+01;1289
2017-03-21 03:19:31+01;1369
2017-03-21 05:49:31+01;1359
2017-03-21 06:03:31+01;1349
2017-03-21 07:27:31+01;1309
2017-03-21 07:37:31+01;1309
2017-03-21 09:23:31+01;1299
2017-03-21 10:05:31+01;1289
2017-03-21 11:03:31+01;1289
2017-03-21 12:21:31+01;1289
2017-03-21 12:25:31+01;1309
2017-03-21 13:43:31+01;1289
2017-03-21 14:33:31+01;1289
2017-03-22 03:19:31+01;1369
2017-03-22 05:37:31+01;1359
2017-03-22 06:03:31+01;1359
2017-03-22 06:27:31+01;1349
2017-03-22 07:53:31+01;1349
2017-03-22 08:21:32+01;1339
2017-03-22 09:49:31+01;1339
2017-03-22 10:21:31+01;1329
2017-03-22 10:57:31+01;1329
2017-03-22 11:19:31+01;1319
2017-03-22 11:41:31+01;1299
2017-03-22 12:29:31+01;1319
2017-03-22 13:37:31+01;1299
2017-03-22 14:27:31+01;1299
2017-03-22 15:55:31+01;1289
2017-03-22 17:01:31+01;1289
2017-03-23 03:17:31+01;1369
2017-03-23 05:49:31+01;1359
2017-03-23 06:03:31+01;1349
2017-03-23 07:35:31+01;1349
2017-03-23 07:51:32+01;1339
2017-03-23 09:21:31+01;1339
2017-03-23 09:51:31+01;1329
2017-03-23 10:51:31+01;1329
2017-03-23 11:39:31+01;1299
2017-03-23 14:03:31+01;1289
2017-03-23 15:27:31+01;1279
2017-03-23 15:35:31+01;1289
2017-03-23 15:49:31+01;1279
2017-03-23 19:09:31+01;1279
2017-03-24 03:17:31+01;1359
2017-03-24 04:33:31+01;1349
2017-03-24 07:27:31+01;1349
2017-03-24 07:37:31+01;1339
2017-03-24 10:43:31+01;1329
2017-03-24 11:19:31+01;1319
2017-03-24 11:39:31+01;1299
2017-03-24 12:41:31+01;1319
2017-03-24 13:49:31+01;1309
2017-03-24 14:13:31+01;1299
2017-03-24 15:11:31+01;1289
2017-03-24 16:47:31+01;1289
2017-03-25 03:17:31+01;1379
2017-03-25 06:05:31+01;1349
2017-03-25 06:23:31+01;1339
2017-03-25 06:37:31+01;1339
2017-03-25 09:35:31+01;1329
2017-03-25 10:37:31+01;1319
2017-03-25 11:37:31+01;1309
2017-03-25 11:49:31+01;1309
2017-03-25 12:13:31+01;1299
2017-03-25 12:27:31+01;1319
2017-03-25 13:33:31+01;1309
2017-03-25 14:07:31+01;1289
2017-03-25 15:29:31+01;1289
2017-03-25 16:27:31+01;1289
2017-03-25 18:33:31+01;1279
2017-03-26 03:17:31+02;1379
2017-03-26 07:05:31+02;1349
2017-03-26 08:47:31+02;1349
2017-03-26 09:53:31+02;1329
2017-03-26 13:57:31+02;1319
2017-03-26 14:13:31+02;1299
2017-03-26 15:33:31+02;1289
2017-03-27 03:17:31+02;1379
2017-03-27 05:35:31+02;1359
2017-03-27 06:05:31+02;1349
2017-03-27 06:21:31+02;1349
2017-03-27 08:07:31+02;1339
2017-03-27 08:15:31+02;1309
2017-03-27 08:33:31+02;1299
2017-03-27 09:23:31+02;1299
2017-03-27 10:11:31+02;1279
2017-03-27 11:33:31+02;1299
2017-03-27 13:57:31+02;1289
2017-03-27 14:05:31+02;1289
2017-03-27 16:34:31+02;1289
2017-03-27 16:36:31+02;1289
2017-03-27 16:37:31+02;1289
2017-03-27 19:09:31+02;1279
2017-03-28 03:17:31+02;1359
2017-03-28 05:37:31+02;1349
2017-03-28 07:37:31+02;1339
2017-03-28 09:43:31+02;1329
2017-03-28 10:57:31+02;1319
2017-03-28 14:01:31+02;1309
2017-03-28 14:27:31+02;1299
2017-03-28 19:05:31+02;1289
2017-03-29 03:19:31+02;1369
2017-03-29 05:37:31+02;1349
2017-03-29 07:51:31+02;1339
2017-03-29 09:53:32+02;1329
2017-03-29 10:49:31+02;1329
2017-03-29 10:51:31+02;1299
2017-03-29 12:27:31+02;1319
2017-03-29 14:03:31+02;1299
2017-03-29 14:43:31+02;1299
2017-03-29 16:37:31+02;1289
2017-03-29 19:51:31+02;1289
2017-03-30 03:17:31+02;1379
2017-03-30 05:37:31+02;1359
2017-03-30 06:27:31+02;1359
2017-03-30 08:05:31+02;1349
2017-03-30 08:11:31+02;1319
2017-03-30 09:11:31+02;1309
2017-03-30 10:21:31+02;1309
2017-03-30 12:01:31+02;1299
2017-03-30 12:31:31+02;1319
2017-03-30 13:45:31+02;1319
2017-03-30 13:53:31+02;1309
2017-03-30 14:03:31+02;1299
2017-03-30 19:31:31+02;1289
2017-03-31 03:17:31+02;1389
2017-03-31 05:25:31+02;1379
2017-03-31 05:59:31+02;1369
2017-03-31 07:51:31+02;1359
2017-03-31 09:51:31+02;1349
2017-03-31 10:07:31+02;1349
2017-03-31 10:51:31+02;1319
2017-03-31 15:43:31+02;1319
2017-03-31 18:57:31+02;1299
2017-04-01 03:19:31+02;1379
2017-04-01 05:30:31+02;1379
2017-04-01 07:07:31+02;1369
2017-04-01 09:21:31+02;1359
2017-04-01 10:09:31+02;1359
2017-04-01 10:57:31+02;1329
2017-04-01 12:25:31+02;1349
2017-04-01 13:37:31+02;1329
2017-04-01 14:33:31+02;1319
2017-04-01 15:53:31+02;1319
2017-04-01 20:45:31+02;1309
2017-04-02 03:17:31+02;1399
2017-04-02 06:05:31+02;1389
2017-04-02 08:39:31+02;1339
2017-04-02 11:23:31+02;1319
2017-04-02 14:29:31+02;1319
2017-04-03 03:17:31+02;1409
2017-04-03 05:37:31+02;1389
2017-04-03 06:01:31+02;1379
2017-04-03 08:01:31+02;1379
2017-04-03 08:55:31+02;1369
2017-04-03 09:16:31+02;1359
2017-04-03 10:05:31+02;1349
2017-04-03 10:37:31+02;1339
2017-04-03 12:03:31+02;1329
2017-04-03 12:25:31+02;1349
2017-04-03 14:03:31+02;1339
2017-04-03 14:05:31+02;1339
2017-04-03 14:21:31+02;1329
2017-04-03 15:41:31+02;1319
2017-04-03 17:21:31+02;1299
2017-04-04 03:17:31+02;1379
2017-04-04 08:03:31+02;1369
2017-04-04 08:55:31+02;1349
2017-04-04 10:51:31+02;1339
2017-04-04 12:11:31+02;1329
2017-04-04 12:31:31+02;1349
2017-04-04 14:09:31+02;1339
2017-04-04 14:31:31+02;1329
2017-04-04 19:39:31+02;1319
2017-04-04 19:53:31+02;1309
2017-04-05 03:19:31+02;1409
2017-04-05 05:37:31+02;1389
2017-04-05 07:53:31+02;1379
2017-04-05 08:59:31+02;1369
2017-04-05 09:15:31+02;1359
2017-04-05 11:13:31+02;1339
2017-04-05 11:51:31+02;1329
2017-04-05 12:25:31+02;1349
2017-04-05 14:01:31+02;1329
2017-04-05 14:45:31+02;1329
2017-04-05 17:09:31+02;1319
2017-04-05 18:23:31+02;1309
2017-04-06 03:17:31+02;1389
2017-04-06 08:01:31+02;1359
2017-04-06 09:31:31+02;1349
2017-04-06 10:57:31+02;1339
2017-04-06 12:35:31+02;1359
2017-04-06 13:55:31+02;1339
2017-04-06 14:07:31+02;1349
2017-04-06 14:19:31+02;1339
2017-04-06 14:57:31+02;1329
2017-04-06 18:57:31+02;1319
2017-04-07 03:19:31+02;1399
2017-04-07 08:03:31+02;1389
2017-04-07 09:07:31+02;1389
2017-04-07 10:05:31+02;1379
2017-04-07 11:11:31+02;1369
2017-04-07 11:51:31+02;1359
2017-04-07 12:29:31+02;1379
2017-04-07 13:01:31+02;1379
2017-04-07 13:27:31+02;1379
2017-04-07 13:41:31+02;1359
2017-04-07 14:51:31+02;1349
2017-04-07 16:09:32+02;1349
2017-04-07 16:13:31+02;1339
2017-04-07 17:53:31+02;1339
2017-04-07 19:05:31+02;1339
2017-04-08 03:17:31+02;1419
2017-04-08 06:01:31+02;1409
2017-04-08 06:45:31+02;1399
2017-04-08 09:31:31+02;1389
2017-04-08 10:57:31+02;1369
2017-04-08 11:57:31+02;1369
2017-04-08 12:13:31+02;1359
2017-04-08 14:39:31+02;1349
2017-04-08 15:51:31+02;1349
2017-04-08 17:52:31+02;1349
2017-04-08 20:55:31+02;1339
2017-04-09 03:17:31+02;1429
2017-04-09 06:01:31+02;1419
2017-04-09 10:07:31+02;1409
2017-04-09 11:13:31+02;1409
2017-04-09 11:43:31+02;1399
2017-04-09 12:37:31+02;1369
2017-04-09 14:45:31+02;1349
2017-04-10 03:17:31+02;1429
2017-04-10 06:07:31+02;1419
2017-04-10 06:21:31+02;1419
2017-04-10 07:51:31+02;1409
2017-04-10 08:05:31+02;1409
2017-04-10 09:51:31+02;1399
2017-04-10 09:57:31+02;1389
2017-04-10 10:05:31+02;1389
2017-04-10 10:47:31+02;1359
2017-04-10 11:35:31+02;1359
2017-04-10 11:41:31+02;1339
2017-04-10 12:29:31+02;1359
2017-04-10 14:05:31+02;1339
2017-04-10 14:09:31+02;1339
2017-04-10 14:21:31+02;1339
2017-04-10 16:13:31+02;1339
2017-04-10 19:35:31+02;1329
2017-04-11 03:17:31+02;1419
2017-04-11 06:07:31+02;1409
2017-04-11 06:29:31+02;1409
2017-04-11 07:51:31+02;1399
2017-04-11 08:21:31+02;1399
2017-04-11 09:51:31+02;1389
2017-04-11 10:31:31+02;1389
2017-04-11 10:57:31+02;1359
2017-04-11 11:57:31+02;1349
2017-04-11 12:31:31+02;1369
2017-04-11 14:03:31+02;1349
2017-04-11 14:27:31+02;1359
2017-04-11 14:33:31+02;1349
2017-04-11 14:59:31+02;1349
2017-04-11 18:35:31+02;1329
2017-04-11 19:13:31+02;1329
2017-04-12 03:17:31+02;1419
2017-04-12 05:27:31+02;1419
2017-04-12 06:05:31+02;1409
2017-04-12 08:21:31+02;1399
2017-04-12 09:01:31+02;1389
2017-04-12 10:37:31+02;1389
2017-04-12 10:51:31+02;1359
2017-04-12 12:15:31+02;1349
2017-04-12 14:37:31+02;1349
2017-04-12 17:13:31+02;1339
2017-04-13 03:17:31+02;1419
2017-04-13 05:25:31+02;1419
2017-04-13 05:59:31+02;1409
2017-04-13 07:51:31+02;1399
2017-04-13 09:51:31+02;1389
2017-04-13 10:51:31+02;1359
2017-04-13 12:01:31+02;1359
2017-04-13 12:35:31+02;1379
2017-04-13 13:53:31+02;1369
2017-04-13 14:01:31+02;1359
2017-04-13 14:45:31+02;1359
2017-04-13 14:57:31+02;1359
2017-04-13 15:13:31+02;1349
2017-04-14 03:19:31+02;1429
2017-04-14 06:03:31+02;1409
2017-04-14 09:01:31+02;1369
2017-04-14 11:25:31+02;1359
2017-04-14 13:47:31+02;1349
2017-04-14 14:55:31+02;1339
2017-04-14 16:13:31+02;1339
2017-04-15 03:19:31+02;1419
2017-04-15 06:01:31+02;1409
2017-04-15 08:51:31+02;1399
2017-04-15 09:27:31+02;1369
2017-04-15 10:15:31+02;1359
2017-04-15 11:23:31+02;1349
2017-04-15 12:27:31+02;1369
2017-04-15 13:33:31+02;1349
2017-04-15 14:43:31+02;1349
2017-04-15 15:15:31+02;1339
2017-04-16 03:17:31+02;1419
2017-04-16 05:59:31+02;1419
2017-04-16 09:03:31+02;1359
2017-04-16 14:57:31+02;1349
2017-04-16 15:31:31+02;1339
2017-04-17 03:17:31+02;1429
2017-04-17 05:59:31+02;1419
2017-04-17 08:29:31+02;1399
2017-04-17 08:43:31+02;1369
2017-04-17 10:06:31+02;1349
2017-04-17 16:11:31+02;1339
2017-04-18 03:17:31+02;1419
2017-04-18 06:53:31+02;1419
2017-04-18 07:27:31+02;1369
2017-04-18 09:39:31+02;1359
2017-04-18 09:49:31+02;1359
2017-04-18 11:51:31+02;1349
2017-04-18 12:31:31+02;1369
2017-04-18 13:55:31+02;1359
2017-04-18 14:01:31+02;1349
2017-04-18 15:01:31+02;1339
2017-04-19 03:19:31+02;1419
2017-04-19 05:45:31+02;1409
2017-04-19 05:57:31+02;1339
2017-04-19 12:31:31+02;1359
2017-04-19 13:59:31+02;1339
2017-04-19 17:15:31+02;1329
2017-04-20 03:19:31+02;1409
2017-04-20 05:37:31+02;1409
2017-04-20 06:49:31+02;1349
2017-04-20 07:21:31+02;1329
2017-04-20 12:29:31+02;1349
2017-04-20 13:47:31+02;1329
2017-04-20 19:56:24+02;1329
2017-04-21 03:19:32+02;1409
2017-04-21 05:39:31+02;1399
2017-04-21 07:15:31+02;1399
2017-04-21 07:23:31+02;1339
2017-04-21 08:01:31+02;1339
2017-04-21 12:29:31+02;1359
2017-04-21 13:57:31+02;1339
2017-04-21 14:07:31+02;1349
2017-04-21 14:15:31+02;1339
2017-04-21 16:09:31+02;1339
2017-04-21 16:13:31+02;1329
2017-04-22 03:17:31+02;1409
2017-04-22 05:31:31+02;1359
2017-04-22 07:27:31+02;1359
2017-04-22 08:43:31+02;1349
2017-04-22 09:39:31+02;1349
2017-04-22 10:51:31+02;1339
2017-04-22 12:27:31+02;1359
2017-04-22 13:37:31+02;1339
2017-04-22 14:57:31+02;1329
2017-04-23 03:17:31+02;1419
2017-04-23 06:09:32+02;1409
2017-04-23 08:41:31+02;1409
2017-04-23 08:43:31+02;1369
2017-04-23 09:55:31+02;1339
2017-04-23 14:57:31+02;1329
2017-04-24 03:17:31+02;1419
2017-04-24 06:01:31+02;1409
2017-04-24 06:53:31+02;1409
2017-04-24 07:51:31+02;1399
2017-04-24 08:51:31+02;1399
2017-04-24 09:53:31+02;1389
2017-04-24 10:15:31+02;1389
2017-04-24 10:55:31+02;1369
2017-04-24 12:15:31+02;1359
2017-04-24 12:25:32+02;1389
2017-04-24 12:47:31+02;1379
2017-04-24 14:39:31+02;1359
2017-04-24 16:11:31+02;1349
2017-04-24 18:43:31+02;1339
2017-04-24 20:51:31+02;1329
2017-04-25 03:18:31+02;1419
2017-04-25 05:07:31+02;1409
2017-04-25 05:53:31+02;1399
2017-04-25 07:29:31+02;1399
2017-04-25 07:49:31+02;1389
2017-04-25 08:23:31+02;1389
2017-04-25 09:11:31+02;1379
2017-04-25 09:53:31+02;1369
2017-04-25 10:45:31+02;1369
2017-04-25 10:59:31+02;1359
2017-04-25 11:45:31+02;1349
2017-04-25 14:29:31+02;1339
2017-04-25 16:05:31+02;1329
2017-04-26 03:17:31+02;1409
2017-04-26 05:11:32+02;1399
2017-04-26 05:59:31+02;1389
2017-04-26 06:23:31+02;1379
2017-04-26 08:35:31+02;1369
2017-04-26 10:01:31+02;1359
2017-04-26 10:41:31+02;1359
2017-04-26 11:17:31+02;1349
2017-04-26 12:23:31+02;1339
2017-04-26 12:41:32+02;1359
2017-04-26 14:07:31+02;1349
2017-04-26 15:37:31+02;1319
2017-04-26 16:43:31+02;1309
2017-04-26 18:49:31+02;1299
2017-04-27 03:17:31+02;1379
2017-04-27 06:57:31+02;1339
2017-04-27 07:23:31+02;1329
2017-04-27 09:17:31+02;1319
2017-04-27 12:29:31+02;1339
2017-04-27 14:07:31+02;1319
2017-04-27 14:55:31+02;1309
2017-04-28 03:19:31+02;1389
2017-04-28 06:07:31+02;1379
2017-04-28 07:51:31+02;1369
2017-04-28 09:55:31+02;1359
2017-04-28 10:47:31+02;1349
2017-04-28 12:25:31+02;1369
2017-04-28 13:55:31+02;1339
2017-04-28 15:23:31+02;1329
2017-04-28 16:17:31+02;1319
2017-04-28 16:41:31+02;1319
2017-04-28 17:01:31+02;1339
2017-04-28 17:49:31+02;1329
2017-04-28 18:03:31+02;1319
2017-04-28 18:39:31+02;1309
2017-04-29 03:17:31+02;1389
2017-04-29 06:51:31+02;1369
2017-04-29 08:57:31+02;1359
2017-04-29 10:05:31+02;1359
2017-04-29 10:51:31+02;1349
2017-04-29 11:35:31+02;1349
2017-04-29 11:53:31+02;1329
2017-04-29 12:11:31+02;1319
2017-04-29 12:29:31+02;1339
2017-04-29 13:21:31+02;1329
2017-04-29 14:23:31+02;1319
2017-04-29 16:27:31+02;1309
2017-04-29 16:59:32+02;1329
2017-04-29 17:43:31+02;1319
2017-04-29 17:47:31+02;1309
2017-04-29 18:55:31+02;1309
2017-04-30 03:17:31+02;1389
2017-04-30 08:43:31+02;1339
2017-04-30 09:41:31+02;1319
2017-04-30 14:59:31+02;1309
2017-05-01 03:18:31+02;1389
2017-05-01 08:43:31+02;1339
2017-05-01 12:23:31+02;1329
2017-05-01 16:13:31+02;1319
2017-05-02 03:17:31+02;1389
2017-05-02 06:21:31+02;1389
2017-05-02 09:05:31+02;1379
2017-05-02 10:01:31+02;1379
2017-05-02 10:45:31+02;1349
2017-05-02 11:53:32+02;1339
2017-05-02 12:27:31+02;1359
2017-05-02 13:55:31+02;1349
2017-05-02 14:11:31+02;1339
2017-05-02 15:01:31+02;1329
2017-05-02 16:25:31+02;1329
2017-05-02 16:53:31+02;1319
2017-05-02 17:15:31+02;1339
2017-05-02 17:45:31+02;1329
2017-05-02 17:55:31+02;1319
2017-05-02 18:57:31+02;1309
2017-05-02 20:51:31+02;1299
2017-05-03 03:17:31+02;1389
2017-05-03 06:07:31+02;1379
2017-05-03 06:29:31+02;1319
2017-05-03 08:21:31+02;1309
2017-05-03 10:25:31+02;1299
2017-05-03 12:21:31+02;1319
2017-05-03 15:29:31+02;1319
2017-05-03 16:21:31+02;1309
2017-05-03 16:43:31+02;1309
2017-05-03 17:07:31+02;1329
2017-05-03 17:43:31+02;1309
2017-05-03 17:57:31+02;1309
2017-05-03 18:57:31+02;1299
2017-05-04 03:17:31+02;1379
2017-05-04 06:27:31+02;1329
2017-05-04 06:31:31+02;1319
2017-05-04 08:51:31+02;1309
2017-05-04 12:27:31+02;1329
2017-05-04 14:11:31+02;1319
2017-05-04 14:27:31+02;1309
2017-05-04 15:03:31+02;1299
2017-05-04 17:03:31+02;1319
2017-05-04 18:07:31+02;1309
2017-05-04 19:13:31+02;1299
2017-05-05 03:19:31+02;1379
2017-05-05 08:21:31+02;1369
2017-05-05 09:35:31+02;1359
2017-05-05 10:21:31+02;1359
2017-05-05 10:31:31+02;1349
2017-05-05 10:51:31+02;1349
2017-05-05 11:27:31+02;1339
2017-05-05 11:37:31+02;1329
2017-05-05 14:25:31+02;1319
2017-05-05 16:09:31+02;1319
2017-05-05 16:15:31+02;1309
2017-05-05 17:13:31+02;1329
2017-05-05 17:57:31+02;1309
2017-05-05 18:55:32+02;1309
2017-05-05 20:52:31+02;1299
2017-05-06 03:19:31+02;1369
2017-05-06 06:53:31+02;1339
2017-05-06 08:21:31+02;1339
2017-05-06 08:41:31+02;1329
2017-05-06 08:45:31+02;1319
2017-05-06 10:35:31+02;1319
2017-05-06 10:53:31+02;1309
2017-05-06 12:27:31+02;1329
2017-05-06 14:09:31+02;1309
2017-05-06 14:57:31+02;1299
2017-05-06 16:59:31+02;1319
2017-05-06 17:31:31+02;1309
2017-05-06 18:35:31+02;1299
2017-05-06 20:49:31+02;1289
2017-05-07 03:19:31+02;1369
2017-05-07 08:01:31+02;1369
2017-05-07 08:43:31+02;1359
2017-05-07 08:45:31+02;1319
2017-05-07 09:31:31+02;1309
2017-05-07 14:57:31+02;1299
2017-05-08 03:17:31+02;1369
2017-05-08 07:11:31+02;1369
2017-05-08 07:53:31+02;1359
2017-05-08 08:51:31+02;1359
2017-05-08 09:29:31+02;1309
2017-05-08 09:51:31+02;1309
2017-05-08 10:06:31+02;1309
2017-05-08 10:41:31+02;1309
2017-05-08 11:51:31+02;1299
2017-05-08 12:31:31+02;1319
2017-05-08 13:57:31+02;1309
2017-05-08 14:07:31+02;1309
2017-05-08 14:15:31+02;1309
2017-05-08 15:29:31+02;1309
2017-05-08 16:07:31+02;1299
2017-05-08 16:13:31+02;1299
2017-05-08 17:23:31+02;1319
2017-05-08 17:55:32+02;1299
2017-05-08 18:55:31+02;1289
2017-05-09 03:17:31+02;1369
2017-05-09 07:51:31+02;1359
2017-05-09 09:51:31+02;1349
2017-05-09 09:57:31+02;1339
2017-05-09 10:37:44+02;1309
2017-05-09 13:57:31+02;1299
2017-05-09 15:01:31+02;1289
2017-05-09 17:01:31+02;1309
2017-05-09 18:03:31+02;1299
2017-05-09 18:37:31+02;1299
2017-05-09 19:45:32+02;1289
2017-05-09 20:55:31+02;1289
2017-05-10 03:19:32+02;1369
2017-05-10 06:48:31+02;1309
2017-05-10 09:07:31+02;1309
2017-05-10 09:21:31+02;1299
2017-05-10 11:33:31+02;1299
2017-05-10 12:37:31+02;1319
2017-05-10 13:57:31+02;1309
2017-05-10 14:15:31+02;1299
2017-05-10 16:19:31+02;1289
2017-05-10 16:39:31+02;1289
2017-05-10 17:05:31+02;1309
2017-05-10 17:51:31+02;1309
2017-05-10 17:55:31+02;1299
2017-05-10 18:25:31+02;1289
2017-05-11 03:17:31+02;1369
2017-05-11 05:55:31+02;1359
2017-05-11 07:49:31+02;1349
2017-05-11 09:51:31+02;1339
2017-05-11 10:29:31+02;1309
2017-05-11 14:23:31+02;1299
2017-05-11 15:07:32+02;1289
2017-05-11 17:09:31+02;1309
2017-05-11 17:53:31+02;1289
2017-05-12 03:19:31+02;1369
2017-05-12 06:13:31+02;1349
2017-05-12 08:05:31+02;1339
2017-05-12 10:05:32+02;1329
2017-05-12 10:39:31+02;1319
2017-05-12 14:07:31+02;1309
2017-05-12 16:05:31+02;1329
2017-05-12 16:09:31+02;1299
2017-05-12 16:11:31+02;1319
2017-05-12 16:33:31+02;1299
2017-05-12 17:13:31+02;1319
2017-05-12 17:53:31+02;1309
2017-05-12 18:07:31+02;1299
2017-05-13 03:17:31+02;1379
2017-05-13 06:37:31+02;1369
2017-05-13 09:31:31+02;1359
2017-05-13 10:07:31+02;1349
2017-05-13 10:39:31+02;1329
2017-05-13 12:01:31+02;1319
2017-05-13 12:31:31+02;1339
2017-05-13 13:31:31+02;1319
2017-05-13 14:05:31+02;1309
2017-05-13 15:01:31+02;1299
2017-05-13 17:05:31+02;1319
2017-05-13 17:51:31+02;1319
2017-05-13 17:57:31+02;1309
2017-05-13 18:03:31+02;1299
2017-05-14 03:19:31+02;1379
2017-05-14 07:29:31+02;1359
2017-05-14 07:57:31+02;1309
2017-05-14 08:43:31+02;1299
2017-05-14 12:27:31+02;1319
2017-05-14 13:37:31+02;1309
2017-05-14 14:55:31+02;1299
2017-05-15 03:17:31+02;1379
2017-05-15 06:23:31+02;1359
2017-05-15 06:35:31+02;1319
2017-05-15 12:23:31+02;1309
2017-05-15 12:33:31+02;1339
2017-05-15 12:47:31+02;1329
2017-05-15 13:45:31+02;1319
2017-05-15 13:59:31+02;1309
2017-05-15 16:13:31+02;1299
2017-05-15 17:03:31+02;1319
2017-05-15 18:37:31+02;1309
2017-05-16 03:17:31+02;1379
2017-05-16 07:51:31+02;1369
2017-05-16 08:37:31+02;1319
2017-05-16 10:51:31+02;1319
2017-05-16 12:33:31+02;1339
2017-05-16 13:39:31+02;1339
2017-05-16 13:51:31+02;1319
2017-05-16 14:41:31+02;1319
2017-05-16 14:59:31+02;1309
2017-05-16 15:29:31+02;1309
2017-05-16 15:43:32+02;1299
2017-05-17 03:17:32+02;1389
2017-05-17 06:15:31+02;1379
2017-05-17 06:51:31+02;1329
2017-05-17 07:13:31+02;1329
2017-05-17 07:21:31+02;1329
2017-05-17 08:37:31+02;1319
2017-05-17 10:21:31+02;1319
2017-05-17 12:21:31+02;1339
2017-05-17 14:09:31+02;1339
2017-05-17 14:37:31+02;1329
2017-05-17 15:37:31+02;1329
2017-05-17 16:19:31+02;1319
2017-05-17 16:41:31+02;1319
2017-05-17 17:17:31+02;1339
2017-05-17 17:39:31+02;1319
2017-05-17 17:59:31+02;1319
2017-05-17 19:33:31+02;1299
2017-05-18 03:19:31+02;1389
2017-05-18 06:07:31+02;1379
2017-05-18 06:45:31+02;1319
2017-05-18 09:39:31+02;1309
2017-05-18 11:06:31+02;1309
2017-05-18 12:31:31+02;1329
2017-05-18 13:57:31+02;1319
2017-05-18 14:29:31+02;1309
2017-05-18 15:01:31+02;1299
2017-05-18 17:03:31+02;1319
2017-05-18 17:51:31+02;1319
2017-05-18 17:57:31+02;1309
2017-05-18 18:07:31+02;1299
2017-05-18 20:33:31+02;1289
2017-05-19 03:17:32+02;1379
2017-05-19 06:15:31+02;1379
2017-05-19 06:23:31+02;1369
2017-05-19 06:27:31+02;1319
2017-05-19 08:07:31+02;1309
2017-05-19 12:25:31+02;1329
2017-05-19 13:55:31+02;1309
2017-05-19 16:13:31+02;1299
2017-05-19 17:01:31+02;1319
2017-05-19 18:25:31+02;1309
2017-05-19 18:57:31+02;1299
2017-05-19 19:27:31+02;1309
2017-05-19 19:37:31+02;1299
2017-05-20 03:17:31+02;1379
2017-05-20 06:37:31+02;1369
2017-05-20 08:53:31+02;1359
2017-05-20 09:43:31+02;1359
2017-05-20 10:25:31+02;1309
2017-05-20 12:17:31+02;1299
2017-05-20 12:35:31+02;1319
2017-05-20 13:43:31+02;1309
2017-05-20 15:03:31+02;1299
2017-05-20 17:03:31+02;1319
2017-05-20 17:51:32+02;1319
2017-05-20 18:01:31+02;1309
2017-05-20 18:31:31+02;1299
2017-05-21 03:17:31+02;1389
2017-05-21 07:25:31+02;1369
2017-05-21 08:37:31+02;1339
2017-05-21 12:37:31+02;1329
2017-05-21 14:57:31+02;1319
2017-05-22 03:19:31+02;1389
2017-05-22 06:07:31+02;1389
2017-05-22 06:37:31+02;1319
2017-05-22 07:01:31+02;1339
2017-05-22 07:07:31+02;1319
2017-05-22 08:25:31+02;1319
2017-05-22 09:09:31+02;1309
2017-05-22 09:51:31+02;1309
2017-05-22 10:37:31+02;1309
2017-05-22 11:51:31+02;1309
2017-05-22 12:31:31+02;1329
2017-05-22 14:03:31+02;1319
2017-05-22 14:27:32+02;1309
2017-05-22 16:13:31+02;1299
2017-05-23 03:17:31+02;1389
2017-05-23 06:15:31+02;1389
2017-05-23 06:29:31+02;1389
2017-05-23 08:23:31+02;1379
2017-05-23 10:21:31+02;1369
2017-05-23 10:43:31+02;1359
2017-05-23 10:59:31+02;1339
2017-05-23 12:27:31+02;1359
2017-05-23 12:35:31+02;1319
2017-05-23 12:47:31+02;1339
2017-05-23 13:03:31+02;1319
2017-05-23 14:07:31+02;1319
2017-05-23 14:57:31+02;1309
2017-05-23 17:01:31+02;1329
2017-05-23 17:57:31+02;1319
2017-05-23 18:09:31+02;1309
2017-05-24 03:17:31+02;1399
2017-05-24 06:31:31+02;1379
2017-05-24 08:25:31+02;1369
2017-05-24 08:59:31+02;1349
2017-05-24 09:43:31+02;1339
2017-05-24 10:23:31+02;1339
2017-05-24 10:51:08+02;1319
2017-05-24 12:25:06+02;1339
2017-05-24 13:23:06+02;1339
2017-05-24 14:03:05+02;1329
2017-05-24 14:05:06+02;1319
2017-05-24 16:27:06+02;1319
2017-05-24 16:41:06+02;1309
2017-05-24 17:07:05+02;1329
2017-05-24 17:59:06+02;1319
2017-05-24 18:31:06+02;1309
2017-05-25 03:19:05+02;1399
2017-05-25 06:37:19+02;1399
2017-05-25 06:58:11+02;1319
2017-05-25 08:43:05+02;1309
2017-05-25 14:57:05+02;1299
2017-05-26 03:19:05+02;1389
2017-05-26 06:29:06+02;1389
2017-05-26 06:59:09+02;1379
2017-05-26 08:21:06+02;1379
2017-05-26 08:51:06+02;1379
2017-05-26 09:19:06+02;1379
2017-05-26 09:25:06+02;1359
2017-05-26 09:59:11+02;1329
2017-05-26 10:51:06+02;1329
2017-05-26 11:49:08+02;1319
2017-05-26 12:13:07+02;1319
2017-05-26 12:29:06+02;1339
2017-05-26 14:03:06+02;1329
2017-05-26 14:15:10+02;1319
2017-05-26 16:09:06+02;1309
2017-05-26 16:43:06+02;1309
2017-05-26 17:07:06+02;1329
2017-05-26 17:55:06+02;1319
2017-05-26 18:03:06+02;1309
2017-05-26 18:23:06+02;1309
2017-05-26 19:33:06+02;1299
2017-05-27 03:19:05+02;1389
2017-05-27 06:37:06+02;1369
2017-05-27 08:53:05+02;1359
2017-05-27 10:51:06+02;1349
2017-05-27 12:21:06+02;1329
2017-05-27 14:57:06+02;1319
2017-05-27 17:03:05+02;1339
2017-05-27 17:59:05+02;1329
2017-05-27 18:31:05+02;1319
2017-05-27 18:37:05+02;1309
2017-05-28 03:17:05+02;1399
2017-05-28 07:29:06+02;1389
2017-05-28 08:43:06+02;1339
2017-05-28 09:35:06+02;1309
2017-05-28 14:59:05+02;1299
2017-05-29 03:17:05+02;1389
2017-05-29 06:39:06+02;1389
2017-05-29 07:51:06+02;1379
2017-05-29 08:21:06+02;1379
2017-05-29 09:53:06+02;1369
2017-05-29 10:13:06+02;1359
2017-05-29 10:37:06+02;1329
2017-05-29 11:55:07+02;1319
2017-05-29 12:25:06+02;1309
2017-05-29 12:33:06+02;1329
2017-05-29 13:53:06+02;1319
2017-05-29 15:27:06+02;1319
2017-05-29 16:05:07+02;1309
2017-05-29 16:22:06+02;1309
2017-05-29 16:31:06+02;1309
2017-05-29 17:01:06+02;1329
2017-05-29 18:01:06+02;1309
2017-05-30 03:17:05+02;1389
2017-05-30 06:37:06+02;1379
2017-05-30 07:53:05+02;1379
2017-05-30 08:19:05+02;1369
2017-05-30 09:07:05+02;1369
2017-05-30 09:13:06+02;1359
2017-05-30 10:23:05+02;1349
2017-05-30 10:45:06+02;1329
2017-05-30 11:51:05+02;1329
2017-05-30 14:59:05+02;1319
2017-05-30 16:45:06+02;1309
2017-05-30 17:05:06+02;1329
2017-05-30 18:01:06+02;1319
2017-05-30 18:45:06+02;1309
2017-05-31 03:17:05+02;1389
2017-05-31 06:05:05+02;1379
2017-05-31 06:27:05+02;1369
2017-05-31 08:21:06+02;1359
2017-05-31 09:13:06+02;1329
2017-05-31 09:57:05+02;1319
2017-05-31 10:25:06+02;1319
2017-05-31 10:37:06+02;1319
2017-05-31 11:55:06+02;1319
2017-05-31 12:05:06+02;1309
2017-05-31 12:29:05+02;1329
2017-05-31 13:55:06+02;1319
2017-05-31 14:03:06+02;1319
2017-05-31 14:07:05+02;1319
2017-05-31 15:51:06+02;1309
2017-05-31 16:07:06+02;1309
2017-05-31 17:03:06+02;1329
2017-05-31 18:01:06+02;1319
2017-05-31 18:05:06+02;1309
2017-05-31 20:23:05+02;1299
2017-06-01 03:17:05+02;1389
2017-06-01 06:33:05+02;1369
2017-06-01 07:43:06+02;1369
2017-06-01 08:21:05+02;1359
2017-06-01 09:39:05+02;1359
2017-06-01 10:19:05+02;1349
2017-06-01 10:37:06+02;1339
2017-06-01 11:39:07+02;1339
2017-06-01 12:01:06+02;1329
2017-06-01 14:07:06+02;1319
2017-06-01 15:51:06+02;1309
2017-06-01 17:03:06+02;1329
2017-06-01 18:01:06+02;1319
2017-06-01 18:11:06+02;1309
2017-06-01 21:03:05+02;1299
2017-06-02 03:19:05+02;1389
2017-06-02 06:05:06+02;1379
2017-06-02 06:33:05+02;1369
2017-06-02 07:51:06+02;1369
2017-06-02 08:17:05+02;1359
2017-06-02 08:41:05+02;1359
2017-06-02 08:59:06+02;1339
2017-06-02 09:11:05+02;1329
2017-06-02 10:21:06+02;1329
2017-06-02 11:01:06+02;1319
2017-06-02 12:23:06+02;1319
2017-06-02 12:29:05+02;1339
2017-06-02 13:55:06+02;1329
2017-06-02 14:17:06+02;1319
2017-06-02 14:19:06+02;1319
2017-06-02 16:25:06+02;1309
2017-06-02 17:01:06+02;1329
2017-06-02 17:53:05+02;1319
2017-06-02 18:29:06+02;1309
2017-06-03 03:17:05+02;1389
2017-06-03 06:25:05+02;1379
2017-06-03 06:37:06+02;1369
2017-06-03 07:37:06+02;1359
2017-06-03 08:03:06+02;1359
2017-06-03 08:51:06+02;1309
2017-06-03 12:23:06+02;1329
2017-06-03 14:01:06+02;1309
2017-06-03 18:51:05+02;1299
2017-06-04 03:19:05+02;1379
2017-06-04 06:31:06+02;1359
2017-06-04 08:39:05+02;1349
2017-06-04 08:43:07+02;1329
2017-06-04 09:37:06+02;1319
2017-06-04 09:39:05+02;1299
2017-06-05 03:17:05+02;1379
2017-06-05 06:27:06+02;1359
2017-06-05 06:45:05+02;1319
2017-06-05 09:47:06+02;1309
2017-06-05 15:13:05+02;1299
2017-06-06 03:17:05+02;1379
2017-06-06 06:21:06+02;1369
2017-06-06 06:25:06+02;1329
2017-06-06 08:21:05+02;1329
2017-06-06 10:07:05+02;1319
2017-06-06 10:25:06+02;1319
2017-06-06 12:07:05+02;1309
2017-06-06 12:31:06+02;1329
2017-06-06 13:51:06+02;1329
2017-06-06 13:59:05+02;1319
2017-06-06 14:57:06+02;1309
2017-06-06 16:07:06+02;1309
2017-06-06 17:01:06+02;1329
2017-06-06 17:59:06+02;1319
2017-06-06 18:19:05+02;1309
2017-06-06 19:21:06+02;1299
2017-06-06 21:19:05+02;1299
2017-06-06 21:37:06+02;1289
2017-06-07 03:19:06+02;1389
2017-06-07 06:07:07+02;1379
2017-06-07 06:33:05+02;1369
2017-06-07 07:49:05+02;1369
2017-06-07 08:19:05+02;1359
2017-06-07 09:01:05+02;1359
2017-06-07 09:09:05+02;1329
2017-06-07 10:21:06+02;1329
2017-06-07 11:05:07+02;1319
2017-06-07 12:01:06+02;1309
2017-06-07 12:21:06+02;1309
2017-06-07 12:25:06+02;1329
2017-06-07 14:03:06+02;1319
2017-06-07 14:07:06+02;1299
2017-06-07 15:27:06+02;1299
2017-06-07 16:05:06+02;1289
2017-06-07 17:03:06+02;1309
2017-06-07 17:41:06+02;1309
2017-06-07 17:53:05+02;1299
2017-06-07 18:37:06+02;1299
2017-06-07 19:05:06+02;1289
2017-06-07 19:19:05+02;1289
2017-06-07 21:05:06+02;1279
2017-06-08 03:17:05+02;1379
2017-06-08 06:07:06+02;1359
2017-06-08 07:57:06+02;1359
2017-06-08 08:07:05+02;1349
2017-06-08 09:29:05+02;1349
2017-06-08 10:07:06+02;1339
2017-06-08 10:39:06+02;1329
2017-06-08 11:31:05+02;1329
2017-06-08 12:23:05+02;1299
2017-06-08 12:31:06+02;1319
2017-06-08 12:55:06+02;1299
2017-06-08 14:03:05+02;1299
2017-06-08 17:01:06+02;1019
2017-06-08 17:15:06+02;1319
2017-06-08 17:29:06+02;1309
2017-06-08 17:57:05+02;1299
2017-06-08 18:07:06+02;1299
2017-06-09 03:17:05+02;1379
2017-06-09 06:25:06+02;1369
2017-06-09 07:51:06+02;1369
2017-06-09 08:19:05+02;1359
2017-06-09 09:51:06+02;1359
2017-06-09 10:23:05+02;1349
2017-06-09 10:37:06+02;1329
2017-06-09 11:43:06+02;1319
2017-06-09 12:27:06+02;1309
2017-06-09 12:31:05+02;1339
2017-06-09 12:49:05+02;1329
2017-06-09 13:45:09+02;1309
2017-06-09 14:07:09+02;1299
2017-06-09 15:55:07+02;1299
2017-06-09 16:07:07+02;1289
2017-06-09 17:01:06+02;1309
2017-06-09 17:57:05+02;1289
2017-06-09 18:27:06+02;1299
2017-06-09 18:35:06+02;1289
2017-06-09 18:55:06+02;1289
2017-06-10 03:19:05+02;1369
2017-06-10 08:43:05+02;1359
2017-06-10 08:53:05+02;1359
2017-06-10 10:55:06+02;1349
2017-06-10 11:01:06+02;1349
2017-06-10 11:53:06+02;1339
2017-06-10 12:05:06+02;1329
2017-06-10 12:23:05+02;1319
2017-06-10 14:03:05+02;1309
2017-06-10 15:01:06+02;1299
2017-06-10 17:05:05+02;1319
2017-06-10 17:57:05+02;1309
2017-06-10 18:55:06+02;1299
2017-06-10 21:03:05+02;1289
2017-06-11 03:19:05+02;1379
2017-06-11 06:29:05+02;1369
2017-06-11 08:43:05+02;1319
2017-06-11 10:23:05+02;1309
2017-06-11 11:31:05+02;1299
2017-06-12 03:19:05+02;1379
2017-06-12 06:13:05+02;1369
2017-06-12 07:37:05+02;1369
2017-06-12 07:51:05+02;1359
2017-06-12 07:59:05+02;1309
2017-06-12 09:13:05+02;1299
2017-06-12 10:07:06+02;1299
2017-06-12 11:25:04+02;1299
2017-06-12 12:02:04+02;1289
2017-06-12 12:39:04+02;1289
2017-06-12 12:43:08+02;1309
2017-06-12 13:41:06+02;1309
2017-06-12 13:49:06+02;1309
2017-06-12 14:07:06+02;1289
2017-06-12 15:41:05+02;1289
2017-06-12 17:05:07+02;1309
2017-06-12 17:57:06+02;1299
2017-06-12 18:01:06+02;1289
2017-06-12 19:05:07+02;1289
2017-06-13 03:19:06+02;1369
2017-06-13 06:23:05+02;1359
2017-06-13 07:51:05+02;1359
2017-06-13 08:21:05+02;1349
2017-06-13 10:21:18+02;1339
2017-06-13 10:27:19+02;1319
2017-06-13 11:05:06+02;1319
2017-06-13 11:15:07+02;1309
2017-06-13 12:01:07+02;1309
2017-06-13 12:25:06+02;1329
2017-06-13 12:31:06+02;1299
2017-06-13 12:47:05+02;1319
2017-06-13 13:01:06+02;1299
2017-06-13 14:01:06+02;1299
2017-06-13 14:07:07+02;1289
2017-06-13 15:25:06+02;1289
2017-06-13 16:53:05+02;1289
2017-06-13 17:01:06+02;1309
2017-06-13 18:03:06+02;1299
2017-06-13 18:13:05+02;1289
2017-06-13 18:17:05+02;1289
2017-06-13 18:35:06+02;1289
2017-06-14 03:19:05+02;1369
2017-06-14 05:57:06+02;1359
2017-06-14 07:51:06+02;1349
2017-06-14 08:31:05+02;1299
2017-06-14 09:51:07+02;1299
2017-06-14 10:03:06+02;1299
2017-06-14 10:37:05+02;1289
2017-06-14 11:21:06+02;1289
2017-06-14 12:25:07+02;1309
2017-06-14 13:59:05+02;1289
2017-06-14 17:03:07+02;1309
2017-06-14 17:57:06+02;1299
2017-06-14 18:15:06+02;1289
2017-06-15 03:19:05+02;1369
2017-06-15 06:13:05+02;1359
2017-06-15 08:43:06+02;1319
2017-06-15 11:17:05+02;1279
2017-06-15 11:25:06+02;1279
2017-06-15 11:49:05+02;1279
2017-06-15 12:21:06+02;1299
2017-06-15 12:41:05+02;1299
2017-06-15 12:47:05+02;1299
2017-06-15 13:51:05+02;1289
2017-06-15 13:57:05+02;1279
2017-06-16 03:17:05+02;1359
2017-06-16 05:45:06+02;1349
2017-06-16 07:37:08+02;1339
2017-06-16 08:05:21+02;1329
2017-06-16 08:19:14+02;1299
2017-06-16 10:23:06+02;1289
2017-06-16 12:25:06+02;1279
2017-06-16 12:31:06+02;1299
2017-06-16 13:31:06+02;1299
2017-06-16 13:43:06+02;1289
2017-06-16 14:53:05+02;1279
2017-06-16 17:01:06+02;1299
2017-06-16 17:53:06+02;1289
2017-06-16 18:11:08+02;1279
2017-06-17 03:19:05+02;1319
2017-06-17 10:01:06+02;1279
2017-06-17 10:07:06+02;1279
2017-06-17 10:41:05+02;1279
2017-06-17 12:27:06+02;1299
2017-06-17 13:29:10+02;1279
2017-06-17 13:35:06+02;1279
2017-06-17 17:19:05+02;1269
2017-06-18 03:19:05+02;1359
2017-06-18 07:31:06+02;1339
2017-06-18 08:09:06+02;1269
2017-06-19 03:19:06+02;1359
2017-06-19 06:13:05+02;1349
2017-06-19 06:25:06+02;1349
2017-06-19 07:53:06+02;1339
2017-06-19 08:01:06+02;1339
2017-06-19 09:15:06+02;1329
2017-06-19 10:11:06+02;1319
2017-06-19 10:41:06+02;1309
2017-06-19 11:45:06+02;1299
2017-06-19 12:27:06+02;1299
2017-06-19 12:33:06+02;1319
2017-06-19 13:45:07+02;1309
2017-06-19 14:01:05+02;1299
2017-06-19 15:53:06+02;1289
2017-06-19 16:59:06+02;1309
2017-06-19 18:11:05+02;1299
2017-06-19 19:17:06+02;1289
2017-06-19 21:03:05+02;1279
2017-06-20 03:17:05+02;1369
2017-06-20 05:07:05+02;1359
2017-06-20 05:47:05+02;1349
2017-06-20 06:31:06+02;1349
2017-06-20 06:43:06+02;1319
2017-06-20 08:19:06+02;1309
2017-06-20 09:57:06+02;1309
2017-06-20 10:19:05+02;1299
2017-06-20 10:45:07+02;1299
2017-06-20 12:07:06+02;1289
2017-06-20 12:32:28+02;1309
2017-06-20 13:55:21+02;1299
2017-06-20 14:13:08+02;1289
2017-06-20 15:47:06+02;1289
2017-06-20 16:19:06+02;1279
2017-06-20 17:03:06+02;1299
2017-06-20 17:41:06+02;1289
2017-06-20 18:35:06+02;1279
2017-06-21 03:19:06+02;1359
2017-06-21 05:09:05+02;1349
2017-06-21 05:45:06+02;1339
2017-06-21 07:19:05+02;1329
2017-06-21 09:09:06+02;1319
2017-06-21 10:43:06+02;1309
2017-06-21 11:47:06+02;1299
2017-06-21 12:27:05+02;1319
2017-06-21 13:47:05+02;1309
2017-06-21 15:27:15+02;1309
2017-06-21 15:39:06+02;1289
2017-06-21 15:51:08+02;1279
2017-06-21 16:55:06+02;1269
2017-06-21 17:01:06+02;1289
2017-06-21 17:51:06+02;1279
2017-06-21 18:57:06+02;1269
2017-06-22 03:17:05+02;1349
2017-06-22 05:57:05+02;1329
2017-06-22 06:09:05+02;1329
2017-06-22 07:47:06+02;1319
2017-06-22 09:55:06+02;1309
2017-06-22 10:45:06+02;1309
2017-06-22 11:31:06+02;1299
2017-06-22 12:27:05+02;1319
2017-06-22 12:47:06+02;1309
2017-06-22 14:01:05+02;1289
2017-06-22 14:57:06+02;1279
2017-06-22 15:51:06+02;1279
2017-06-22 16:51:06+02;1269
2017-06-22 17:01:06+02;1289
2017-06-22 17:39:06+02;1289
2017-06-22 18:01:06+02;1279
2017-06-22 18:37:06+02;1269
2017-06-22 19:01:06+02;1279
2017-06-22 19:11:06+02;1269
2017-06-22 20:19:05+02;1269
2017-06-23 03:17:19+02;1349
2017-06-23 05:57:06+02;1349
2017-06-23 06:11:06+02;1339
2017-06-23 07:51:06+02;1329
2017-06-23 09:19:05+02;1319
2017-06-23 09:55:06+02;1319
2017-06-23 10:41:08+02;1309
2017-06-23 12:01:19+02;1289
2017-06-23 13:53:05+02;1279
2017-06-23 15:35:06+02;1269
2017-06-23 17:07:06+02;1289
2017-06-23 17:43:05+02;1279
2017-06-23 18:39:06+02;1279
2017-06-23 18:53:05+02;1269
2017-06-23 19:27:06+02;1259
2017-06-24 03:19:06+02;1339
2017-06-24 09:09:06+02;1329
2017-06-24 10:31:06+02;1319
2017-06-24 11:29:05+02;1309
2017-06-24 11:53:05+02;1279
2017-06-24 12:29:10+02;1269
2017-06-24 12:45:06+02;1289
2017-06-24 13:01:06+02;1269
2017-06-24 14:03:18+02;1269
2017-06-24 17:03:05+02;1289
2017-06-24 18:01:06+02;1279
2017-06-24 19:07:07+02;1269
2017-06-24 19:11:06+02;1259
2017-06-25 03:17:06+02;1349
2017-06-25 07:31:05+02;1339
2017-06-25 08:53:06+02;1289
2017-06-25 10:31:05+02;1269
2017-06-25 17:59:05+02;1269
2017-06-26 03:17:19+02;1349
2017-06-26 05:45:06+02;1329
2017-06-26 07:51:05+02;1319
2017-06-26 09:55:06+02;1309
2017-06-26 10:59:05+02;1309
2017-06-26 11:57:06+02;1299
2017-06-26 12:17:05+02;1289
2017-06-26 12:31:06+02;1309
2017-06-26 13:41:06+02;1299
2017-06-26 14:01:06+02;1279
2017-06-26 14:13:05+02;1269
2017-06-26 15:57:05+02;1269
2017-06-26 17:01:06+02;1289
2017-06-26 18:09:06+02;1269
2017-06-27 03:19:05+02;1349
2017-06-27 05:46:06+02;1329
2017-06-27 07:49:05+02;1319
2017-06-27 09:55:06+02;1309
2017-06-27 10:01:06+02;1309
2017-06-27 10:59:05+02;1299
2017-06-27 11:37:06+02;1289
2017-06-27 11:59:25+02;1279
2017-06-27 12:31:06+02;1299
2017-06-27 13:45:06+02;1299
2017-06-27 13:57:05+02;1289
2017-06-27 14:01:06+02;1279
2017-06-27 17:05:07+02;1299
2017-06-27 17:45:06+02;1279
2017-06-27 18:05:06+02;1279
2017-06-28 03:17:05+02;1359
2017-06-28 05:57:05+02;1339
2017-06-28 09:57:06+02;1329
2017-06-28 10:25:06+02;1329
2017-06-28 10:45:06+02;1299
2017-06-28 11:51:06+02;1289
2017-06-28 12:27:06+02;1279
2017-06-28 14:23:06+02;1279
2017-06-28 15:05:30+02;1269
2017-06-28 17:07:06+02;1289
2017-06-28 17:57:06+02;1279
2017-06-28 18:13:05+02;1269
2017-06-29 03:17:06+02;1349
2017-06-29 05:55:06+02;1339
2017-06-29 06:23:05+02;1339
2017-06-29 07:51:06+02;1329
2017-06-29 08:07:05+02;1329
2017-06-29 09:53:05+02;1319
2017-06-29 10:05:06+02;1319
2017-06-29 11:01:06+02;1299
2017-06-29 13:53:06+02;1289
2017-06-29 14:57:06+02;1279
2017-06-29 15:39:06+02;1279
2017-06-29 17:01:06+02;1299
2017-06-29 17:43:05+02;1289
2017-06-29 18:01:06+02;1279
2017-06-29 18:21:06+02;1279
2017-06-29 18:37:06+02;1269
2017-06-29 19:13:05+02;1269
2017-06-30 03:19:05+02;1349
2017-06-30 05:55:06+02;1339
2017-06-30 07:51:05+02;1329
2017-06-30 09:27:06+02;1329
2017-06-30 09:51:06+02;1319
2017-06-30 10:05:07+02;1319
2017-06-30 10:27:08+02;1299
2017-06-30 11:43:09+02;1289
2017-06-30 12:21:08+02;1309
2017-06-30 14:01:06+02;1299
2017-06-30 14:09:06+02;1289
2017-06-30 16:07:06+02;1279
2017-06-30 17:03:09+02;1299
2017-06-30 17:57:06+02;1279
2017-06-30 18:51:06+02;1269
2017-07-01 03:17:06+02;1349
2017-07-01 06:37:05+02;1349
2017-07-01 09:05:07+02;1339
2017-07-01 09:59:06+02;1299
2017-07-01 10:55:06+02;1279
2017-07-01 11:51:06+02;1279
2017-07-01 12:33:06+02;1299
2017-07-01 12:57:05+02;1299
2017-07-01 13:07:06+02;1279
2017-07-01 13:41:06+02;1279
2017-07-01 14:49:05+02;1279
2017-07-01 15:05:06+02;1269
2017-07-01 16:25:06+02;1259
2017-07-01 17:03:05+02;1279
2017-07-01 17:55:06+02;1259
2017-07-01 19:07:07+02;1259
2017-07-02 03:17:06+02;1349
2017-07-02 07:31:05+02;1329
2017-07-02 08:43:05+02;1299
2017-07-02 11:13:06+02;1299
2017-07-02 11:45:06+02;1299
2017-07-02 14:57:05+02;1289
2017-07-02 17:21:06+02;1279
2017-07-02 19:35:22+02;1259
2017-07-03 03:17:06+02;1349
2017-07-03 06:59:05+02;1349
2017-07-03 08:51:06+02;1339
2017-07-03 10:21:06+02;1329
2017-07-03 10:43:06+02;1299
2017-07-03 12:27:06+02;1319
2017-07-03 13:43:06+02;1299
2017-07-03 13:49:06+02;1299
2017-07-03 14:01:06+02;1299
2017-07-03 14:25:07+02;1289
2017-07-03 16:05:06+02;1289
2017-07-03 16:35:06+02;1279
2017-07-03 17:11:06+02;1299
2017-07-03 17:57:06+02;1289
2017-07-03 18:11:05+02;1279
2017-07-03 20:53:06+02;1269
2017-07-04 03:17:06+02;1359
2017-07-04 06:01:06+02;1349
2017-07-04 08:05:06+02;1339
2017-07-04 09:55:08+02;1339
2017-07-04 10:07:07+02;1329
2017-07-04 10:31:08+02;1309
2017-07-04 11:27:06+02;1289
2017-07-04 11:51:07+02;1289
2017-07-04 12:13:06+02;1289
2017-07-04 12:21:06+02;1279
2017-07-04 17:17:06+02;1299
2017-07-04 17:57:06+02;1289
2017-07-04 18:11:06+02;1279
2017-07-05 03:17:06+02;1369
2017-07-05 05:43:06+02;1369
2017-07-05 06:09:06+02;1359
2017-07-05 07:53:06+02;1349
2017-07-05 09:07:06+02;1339
2017-07-05 09:29:05+02;1329
2017-07-05 10:21:07+02;1299
2017-07-05 11:21:06+02;1289
2017-07-05 12:29:06+02;1309
2017-07-05 13:59:05+02;1289
2017-07-05 14:01:06+02;1279
2017-07-05 16:49:05+02;1269
2017-07-05 17:03:06+02;1289
2017-07-05 17:43:06+02;1279
2017-07-05 18:05:06+02;1279
2017-07-06 03:17:06+02;1359
2017-07-06 05:53:05+02;1349
2017-07-06 06:21:05+02;1339
2017-07-06 08:07:06+02;1319
2017-07-06 08:09:06+02;1319
2017-07-06 09:09:06+02;1309
2017-07-06 10:21:06+02;1309
2017-07-06 10:37:06+02;1299
2017-07-06 12:07:05+02;1289
2017-07-06 12:39:06+02;1309
2017-07-06 13:39:06+02;1289
2017-07-06 14:25:07+02;1279
2017-07-06 17:07:06+02;1299
2017-07-06 17:55:06+02;1289
2017-07-06 18:09:05+02;1279
2017-07-07 03:19:05+02;1359
2017-07-07 07:08:06+02;1359
2017-07-07 08:15:06+02;1319
2017-07-07 08:45:06+02;1319
2017-07-07 09:11:06+02;1309
2017-07-07 09:35:06+02;1309
2017-07-07 10:31:06+02;1299
2017-07-07 10:37:05+02;1299
2017-07-07 11:31:05+02;1289
2017-07-07 11:51:06+02;1289
2017-07-07 14:25:07+02;1279
2017-07-07 17:03:06+02;1299
2017-07-07 17:57:06+02;1289
2017-07-07 18:05:06+02;1279
2017-07-08 03:17:06+02;1359
2017-07-08 09:05:07+02;1349
2017-07-08 10:43:11+02;1329
2017-07-08 11:53:06+02;1309
2017-07-08 12:41:06+02;1329
2017-07-08 13:27:06+02;1309
2017-07-08 14:01:05+02;1279
2017-07-08 15:23:05+02;1269
2017-07-08 16:23:06+02;1269
2017-07-09 03:19:05+02;1359
2017-07-09 06:31:06+02;1349
2017-07-09 07:21:15+02;1339
2017-07-09 08:09:22+02;1269
2017-07-09 09:01:06+02;1279
2017-07-09 10:31:05+02;1269
2017-07-09 10:59:05+02;1269
2017-07-09 12:49:05+02;1289
2017-07-09 13:39:06+02;1269
2017-07-10 03:17:06+02;1349
2017-07-10 05:55:05+02;1349
2017-07-10 06:23:06+02;1339
2017-07-10 07:53:05+02;1339
2017-07-10 08:07:06+02;1329
2017-07-10 09:21:06+02;1329
2017-07-10 10:07:06+02;1319
2017-07-10 10:37:06+02;1319
2017-07-10 12:07:06+02;1309
2017-07-10 12:39:05+02;1329
2017-07-10 13:53:06+02;1319
2017-07-10 13:57:05+02;1319
2017-07-10 14:15:06+02;1309
2017-07-10 15:15:06+02;1299
2017-07-10 15:23:06+02;1289
2017-07-10 16:11:06+02;1279
2017-07-10 17:09:05+02;1299
2017-07-10 17:53:06+02;1289
2017-07-10 17:57:06+02;1279
2017-07-10 18:37:06+02;1269
2017-07-10 20:51:06+02;1269
2017-07-11 03:19:05+02;1349
2017-07-11 05:46:05+02;1339
2017-07-11 06:01:18+02;1339
2017-07-11 06:47:06+02;1269
2017-07-11 09:43:06+02;1269
2017-07-11 12:25:06+02;1289
2017-07-11 13:03:06+02;1279
2017-07-11 13:57:05+02;1269
2017-07-11 17:07:06+02;1289
2017-07-11 17:59:05+02;1279
2017-07-11 18:29:05+02;1269
2017-07-12 03:19:05+02;1349
2017-07-12 05:55:06+02;1339
2017-07-12 06:01:05+02;1339
2017-07-12 08:03:06+02;1329
2017-07-12 10:03:06+02;1319
2017-07-12 10:31:06+02;1319
2017-07-12 11:35:06+02;1309
2017-07-12 11:51:06+02;1299
2017-07-12 11:59:06+02;1289
2017-07-12 12:27:06+02;1279
2017-07-12 14:23:06+02;1279
2017-07-12 14:35:06+02;1269
2017-07-12 15:45:06+02;1269
2017-07-12 16:57:06+02;1289
2017-07-12 17:57:06+02;1279
2017-07-12 18:09:06+02;1269
2017-07-12 18:27:06+02;1269
2017-07-12 18:37:06+02;1269
2017-07-13 03:17:06+02;1349
2017-07-13 06:05:06+02;1349
2017-07-13 06:27:05+02;1329
2017-07-13 08:23:05+02;1319
2017-07-13 10:37:05+02;1309
2017-07-13 11:15:06+02;1299
2017-07-13 12:01:06+02;1299
2017-07-13 12:15:07+02;1289
2017-07-13 12:35:06+02;1309
2017-07-13 14:01:06+02;1279
2017-07-13 16:09:07+02;1269
2017-07-13 17:05:06+02;1289
2017-07-13 17:57:06+02;1279
2017-07-13 18:35:06+02;1279
2017-07-13 18:45:06+02;1269
2017-07-13 20:23:06+02;1259
2017-07-14 03:17:06+02;1349
2017-07-14 05:55:06+02;1339
2017-07-14 07:33:05+02;1329
2017-07-14 08:13:05+02;1319
2017-07-14 10:23:06+02;1309
2017-07-14 10:39:05+02;1289
2017-07-14 12:15:06+02;1289
2017-07-14 14:53:05+02;1279
2017-07-14 16:59:05+02;1299
2017-07-14 17:57:19+02;1289
2017-07-14 18:09:23+02;1279
2017-07-14 18:43:05+02;1269
2017-07-15 03:17:06+02;1349
2017-07-15 06:53:05+02;1349
2017-07-15 09:21:06+02;1339
2017-07-15 10:21:06+02;1339
2017-07-15 10:51:05+02;1339
2017-07-15 11:09:05+02;1329
2017-07-15 11:27:05+02;1329
2017-07-15 11:37:05+02;1309
2017-07-15 12:01:06+02;1309
2017-07-15 14:01:06+02;1289
2017-07-15 15:21:09+02;1279
2017-07-15 17:01:06+02;1299
2017-07-15 17:57:05+02;1289
2017-07-15 18:03:06+02;1289
2017-07-15 18:07:06+02;1279
2017-07-16 03:19:06+02;1359
2017-07-16 07:17:05+02;1359
2017-07-16 08:43:05+02;1349
2017-07-16 08:57:05+02;1299
2017-07-16 09:23:06+02;1289
2017-07-16 11:27:23+02;1279
2017-07-17 03:17:06+02;1359
2017-07-17 06:01:05+02;1359
2017-07-17 06:21:06+02;1349
2017-07-17 07:35:06+02;1339
2017-07-17 08:03:06+02;1329
2017-07-17 09:43:06+02;1289
2017-07-17 11:51:06+02;1279
2017-07-17 12:27:06+02;1299
2017-07-17 13:59:05+02;1279
2017-07-17 17:01:06+02;1299
2017-07-17 18:07:06+02;1279
2017-07-18 03:19:05+02;1359
2017-07-18 06:33:06+02;1349
2017-07-18 07:51:06+02;1349
2017-07-18 07:57:05+02;1329
2017-07-18 08:11:05+02;1329
2017-07-18 08:43:05+02;1319
2017-07-18 10:01:06+02;1309
2017-07-18 10:09:05+02;1309
2017-07-18 10:31:06+02;1309
2017-07-18 10:43:06+02;1299
2017-07-18 11:25:06+02;1299
2017-07-18 12:23:07+02;1289
2017-07-18 12:31:06+02;1309
2017-07-18 13:57:05+02;1299
2017-07-18 13:59:05+02;1299
2017-07-18 14:57:22+02;1289
2017-07-18 15:57:55+02;1279
2017-07-18 17:01:06+02;1299
2017-07-18 17:59:06+02;1279
2017-07-18 18:09:05+02;1289
2017-07-18 18:21:06+02;1279
2017-07-18 18:43:06+02;1269
2017-07-19 03:19:06+02;1359
2017-07-19 06:27:06+02;1349
2017-07-19 08:13:06+02;1329
2017-07-19 09:01:06+02;1319
2017-07-19 09:13:06+02;1309
2017-07-19 10:01:06+02;1309
2017-07-19 10:51:06+02;1299
2017-07-19 11:07:06+02;1299
2017-07-19 13:51:06+02;1289
2017-07-19 15:51:06+02;1279
2017-07-19 17:03:06+02;1299
2017-07-19 18:05:06+02;1289
2017-07-19 18:17:05+02;1279
2017-07-19 18:37:06+02;1279
2017-07-19 19:27:06+02;1269
2017-07-20 03:19:05+02;1359
2017-07-20 05:45:06+02;1349
2017-07-20 05:57:05+02;1299
2017-07-20 08:05:06+02;1289
2017-07-20 09:19:06+02;1279
2017-07-20 10:11:09+02;1269
2017-07-20 11:27:06+02;1269
2017-07-20 12:27:05+02;1289
2017-07-20 14:07:06+02;1279
2017-07-20 14:41:06+02;1269
2017-07-20 17:01:06+02;1289
2017-07-20 17:53:06+02;1279
2017-07-20 18:11:06+02;1269
2017-07-21 03:17:05+02;1349
2017-07-21 06:01:06+02;1349
2017-07-21 07:15:06+02;1339
2017-07-21 08:51:06+02;1329
2017-07-21 09:03:06+02;1299
2017-07-21 09:13:05+02;1289
2017-07-21 09:59:05+02;1289
2017-07-21 11:31:05+02;1279
2017-07-21 12:35:06+02;1269
2017-07-21 17:01:06+02;1289
2017-07-21 17:57:06+02;1269
2017-07-22 02:20:07+02;1269
2017-07-22 03:19:06+02;1349
2017-07-22 10:01:06+02;1309
2017-07-22 11:03:05+02;1299
2017-07-22 12:27:06+02;1319
2017-07-22 13:43:05+02;1299
2017-07-22 13:59:05+02;1299
2017-07-22 14:55:06+02;1289
2017-07-22 16:21:05+02;1289
2017-07-22 16:51:05+02;1279
2017-07-22 16:55:06+02;1309
2017-07-22 17:23:06+02;1299
2017-07-22 17:57:05+02;1299
2017-07-22 18:11:06+02;1289
2017-07-22 19:19:05+02;1279
2017-07-23 03:17:05+02;1369
2017-07-23 06:15:06+02;1369
2017-07-23 08:43:06+02;1299
2017-07-23 14:57:06+02;1289
2017-07-24 03:17:06+02;1369
2017-07-24 06:49:05+02;1359
2017-07-24 08:55:05+02;1349
2017-07-24 09:03:05+02;1349
2017-07-24 09:13:05+02;1319
2017-07-24 10:31:06+02;1299
2017-07-24 11:51:06+02;1299
2017-07-24 12:23:06+02;1319
2017-07-24 13:51:06+02;1279
2017-07-24 19:09:06+02;1269
2017-07-25 03:17:05+02;1349
2017-07-25 07:13:06+02;1339
2017-07-25 09:07:06+02;1329
2017-07-25 09:33:06+02;1299
2017-07-25 11:31:07+02;1299
2017-07-25 11:51:16+02;1289
2017-07-25 12:11:12+02;1279
2017-07-25 14:03:06+02;1269
2017-07-25 16:23:05+02;1259
2017-07-25 16:59:06+02;1279
2017-07-25 17:39:06+02;1279
2017-07-25 18:01:06+02;1269
2017-07-25 18:19:05+02;1259
2017-07-25 19:01:06+02;1259
2017-07-26 03:17:05+02;1339
2017-07-26 08:53:06+02;1329
2017-07-26 09:51:06+02;1329
2017-07-26 10:55:06+02;1319
2017-07-26 11:25:06+02;1319
2017-07-26 11:47:06+02;1319
2017-07-26 11:51:06+02;1299
2017-07-26 12:25:06+02;1319
2017-07-26 13:59:06+02;1299
2017-07-26 15:35:06+02;1299
2017-07-26 16:21:06+02;1289
2017-07-26 16:57:06+02;1309
2017-07-26 17:55:07+02;1299
2017-07-26 18:31:06+02;1289
2017-07-26 20:51:05+02;1279
2017-07-27 03:17:06+02;1369
2017-07-27 05:03:06+02;1359
2017-07-27 05:39:05+02;1349
2017-07-27 07:51:06+02;1339
2017-07-27 09:49:06+02;1329
2017-07-27 10:01:06+02;1289
2017-07-27 11:05:12+02;1289
2017-07-27 12:07:06+02;1289
2017-07-27 12:13:06+02;1279
2017-07-27 14:33:06+02;1269
2017-07-27 16:53:06+02;1269
2017-07-27 16:59:09+02;1289
2017-07-27 17:13:57+02;1289
2017-07-27 18:09:06+02;1279
2017-07-27 18:31:06+02;1269
2017-07-27 19:21:06+02;1269
2017-07-28 03:17:06+02;1349
2017-07-28 06:01:06+02;1349
2017-07-28 08:07:05+02;1339
2017-07-28 09:51:06+02;1329
2017-07-28 11:44:08+02;1329
2017-07-28 12:01:12+02;1329
2017-07-28 12:13:06+02;1299
2017-07-28 12:31:07+02;1319
2017-07-28 13:51:05+02;1299
2017-07-28 15:51:05+02;1289
2017-07-28 17:07:05+02;1309
2017-07-28 18:01:05+02;1299
2017-07-28 18:33:05+02;1289
2017-07-28 20:51:05+02;1279
2017-07-29 03:19:05+02;1369
2017-07-29 06:33:05+02;1359
2017-07-29 07:45:06+02;1349
2017-07-29 09:41:05+02;1339
2017-07-29 09:47:05+02;1329
2017-07-29 11:07:05+02;1329
2017-07-29 11:45:05+02;1309
2017-07-29 14:07:06+02;1299
2017-07-29 17:01:05+02;1319
2017-07-29 17:53:05+02;1309
2017-07-29 18:01:06+02;1299
2017-07-29 19:07:05+02;1289
2017-07-29 21:19:05+02;1279
2017-07-30 03:17:05+02;1369
2017-07-30 06:21:06+02;1369
2017-07-30 06:29:05+02;1359
2017-07-30 08:43:05+02;1329
2017-07-30 11:59:05+02;1289
2017-07-31 03:17:05+02;1369
2017-07-31 06:35:05+02;1359
2017-07-31 06:41:05+02;1359
2017-07-31 08:35:05+02;1349
2017-07-31 09:49:06+02;1329
2017-07-31 11:11:06+02;1329
2017-07-31 11:47:06+02;1319
2017-07-31 12:17:06+02;1299
2017-07-31 12:31:05+02;1319
2017-07-31 14:03:06+02;1319
2017-07-31 15:10:06+02;1309
2017-07-31 15:25:06+02;1309
2017-07-31 16:13:06+02;1299
2017-07-31 17:11:16+02;1319
2017-07-31 17:57:06+02;1309
2017-07-31 18:15:06+02;1299
2017-07-31 19:21:06+02;1289
2017-08-01 03:17:05+02;1369
2017-08-01 06:33:06+02;1359
2017-08-01 08:01:06+02;1309
2017-08-01 08:39:06+02;1299
2017-08-01 10:05:06+02;1299
2017-08-01 10:55:06+02;1289
2017-08-01 12:21:05+02;1289
2017-08-01 12:25:06+02;1309
2017-08-01 13:57:06+02;1299
2017-08-01 14:19:06+02;1289
2017-08-01 16:05:06+02;1289
2017-08-01 17:23:06+02;1309
2017-08-01 17:43:06+02;1299
2017-08-01 17:49:06+02;1289
2017-08-02 03:19:05+02;1369
2017-08-02 06:33:05+02;1359
2017-08-02 06:39:05+02;1359
2017-08-02 08:01:05+02;1289
2017-08-02 10:25:06+02;1289
2017-08-02 12:25:06+02;1309
2017-08-02 14:01:06+02;1289
2017-08-02 16:21:07+02;1289
2017-08-02 17:01:06+02;1309
2017-08-02 17:57:06+02;1299
2017-08-02 18:03:06+02;1289
2017-08-03 03:19:05+02;1369
2017-08-03 05:59:05+02;1369
2017-08-03 07:01:06+02;1309
2017-08-03 09:05:05+02;1299
2017-08-03 09:39:06+02;1289
2017-08-03 11:51:06+02;1279
2017-08-03 12:29:05+02;1299
2017-08-03 14:01:06+02;1289
2017-08-03 16:21:05+02;1279
2017-08-03 17:05:20+02;1299
2017-08-03 18:01:11+02;1279
2017-08-04 03:17:05+02;1359
2017-08-04 06:37:06+02;1359
2017-08-04 08:31:06+02;1349
2017-08-04 10:27:06+02;1349
2017-08-04 10:43:06+02;1329
2017-08-04 11:03:05+02;1299
2017-08-04 11:25:06+02;1289
2017-08-04 12:07:06+02;1289
2017-08-04 12:13:06+02;1289
2017-08-04 12:25:09+02;1309
2017-08-04 13:57:05+02;1289
2017-08-04 14:33:06+02;1289
2017-08-04 16:05:07+02;1279
2017-08-04 16:51:07+02;1279
2017-08-04 17:03:06+02;1299
2017-08-04 17:23:06+02;1299
2017-08-04 17:59:06+02;1279
2017-08-04 19:05:06+02;1279
2017-08-05 03:19:06+02;1359
2017-08-05 08:37:06+02;1359
2017-08-05 09:21:08+02;1349
2017-08-05 10:22:06+02;1339
2017-08-05 11:51:07+02;1319
2017-08-05 14:09:05+02;1299
2017-08-05 16:23:05+02;1289
2017-08-05 16:59:05+02;1309
2017-08-05 17:31:06+02;1289
2017-08-05 19:07:06+02;1279
2017-08-06 03:19:06+02;1379
2017-08-06 07:09:08+02;1369
2017-08-06 08:51:05+02;1319
2017-08-06 11:59:05+02;1289
2017-08-07 03:19:05+02;1369
2017-08-07 07:01:06+02;1369
2017-08-07 08:07:06+02;1359
2017-08-07 08:53:06+02;1359
2017-08-07 09:43:05+02;1349
2017-08-07 10:15:07+02;1349
2017-08-07 10:27:05+02;1339
2017-08-07 10:45:06+02;1329
2017-08-07 11:15:06+02;1329
2017-08-07 11:29:06+02;1319
2017-08-07 11:37:05+02;1319
2017-08-07 12:11:06+02;1309
2017-08-07 12:31:06+02;1299
2017-08-07 12:33:06+02;1319
2017-08-07 13:57:06+02;1319
2017-08-07 14:13:05+02;1299
2017-08-07 15:33:06+02;1299
2017-08-07 16:17:06+02;1289
2017-08-07 17:05:06+02;1309
2017-08-07 17:59:05+02;1289
2017-08-07 19:03:06+02;1279
2017-08-07 21:03:05+02;1279
2017-08-08 03:17:05+02;1359
2017-08-08 07:45:06+02;1359
2017-08-08 07:53:06+02;1349
2017-08-08 08:33:05+02;1349
2017-08-08 10:09:05+02;1349
2017-08-08 10:51:06+02;1339
2017-08-08 11:41:06+02;1329
2017-08-08 11:55:06+02;1319
2017-08-08 12:29:06+02;1339
2017-08-08 13:21:06+02;1329
2017-08-08 14:23:06+02;1319
2017-08-08 16:07:06+02;1319
2017-08-08 16:25:06+02;1309
2017-08-08 17:01:08+02;1329
2017-08-08 17:59:05+02;1319
2017-08-08 18:03:06+02;1309
2017-08-08 19:05:07+02;1299
2017-08-08 21:21:06+02;1289
2017-08-09 03:17:18+02;1379
2017-08-09 05:59:05+02;1369
2017-08-09 07:05:06+02;1369
2017-08-09 07:43:06+02;1369
2017-08-09 08:07:06+02;1359
2017-08-09 08:37:06+02;1359
2017-08-09 08:59:05+02;1329
2017-08-09 10:53:06+02;1329
2017-08-09 11:25:06+02;1319
2017-08-09 12:15:06+02;1319
2017-08-09 14:21:07+02;1309
2017-08-09 16:37:06+02;1299
2017-08-09 17:07:06+02;1289
2017-08-09 18:55:06+02;1279
2017-08-10 03:17:05+02;1359
2017-08-10 05:27:06+02;1359
2017-08-10 07:11:06+02;1359
2017-08-10 08:05:16+02;1349
2017-08-10 09:07:05+02;1349
2017-08-10 10:23:06+02;1339
2017-08-10 11:05:06+02;1339
2017-08-10 11:41:06+02;1329
2017-08-10 11:53:05+02;1319
2017-08-10 14:25:06+02;1309
2017-08-10 16:43:05+02;1299
2017-08-10 18:37:06+02;1289
2017-08-10 21:07:05+02;1279
2017-08-11 03:19:05+02;1369
2017-08-11 06:51:06+02;1369
2017-08-11 08:37:06+02;1359
2017-08-11 10:51:06+02;1349
2017-08-11 12:27:06+02;1369
2017-08-11 12:31:06+02;1319
2017-08-11 13:57:06+02;1309
2017-08-11 14:11:06+02;1299
2017-08-11 15:35:06+02;1299
2017-08-11 16:35:06+02;1299
2017-08-11 17:05:06+02;1319
2017-08-11 17:23:05+02;1309
2017-08-11 17:32:06+02;1309
2017-08-11 17:39:05+02;1309
2017-08-11 17:55:06+02;1299
2017-08-11 18:37:07+02;1299
2017-08-11 19:09:06+02;1289
2017-08-11 21:33:05+02;1279
2017-08-12 03:19:06+02;1369
2017-08-12 06:49:05+02;1369
2017-08-12 08:33:06+02;1369
2017-08-12 08:43:05+02;1359
2017-08-12 10:37:06+02;1359
2017-08-12 10:55:06+02;1349
2017-08-12 11:23:05+02;1339
2017-08-12 11:45:06+02;1329
2017-08-12 12:23:05+02;1329
2017-08-12 12:29:05+02;1319
2017-08-12 13:51:06+02;1319
2017-08-12 13:55:06+02;1309
2017-08-12 14:59:05+02;1299
2017-08-12 16:07:06+02;1299
2017-08-12 18:37:05+02;1299
2017-08-12 18:53:05+02;1289
2017-08-12 21:07:05+02;1279
2017-08-13 03:19:06+02;1379
2017-08-13 06:31:05+02;1369
2017-08-13 08:43:05+02;1359
2017-08-13 08:57:05+02;1359
2017-08-13 11:11:05+02;1289
2017-08-14 03:17:05+02;1369
2017-08-14 06:41:05+02;1369
2017-08-14 07:01:06+02;1359
2017-08-14 08:49:05+02;1349
2017-08-14 10:37:06+02;1349
2017-08-14 10:55:06+02;1329
2017-08-14 11:17:05+02;1319
2017-08-14 12:01:24+02;1309
2017-08-14 12:31:06+02;1329
2017-08-14 13:57:06+02;1309
2017-08-14 15:29:06+02;1309
2017-08-14 16:13:06+02;1299
2017-08-14 18:21:06+02;1289
2017-08-14 19:21:06+02;1279
2017-08-15 03:17:05+02;1359
2017-08-15 08:21:06+02;1349
2017-08-15 10:05:06+02;1349
2017-08-15 10:51:06+02;1339
2017-08-15 11:35:06+02;1319
2017-08-15 12:15:06+02;1319
2017-08-15 14:31:06+02;1309
2017-08-15 14:37:06+02;1309
2017-08-15 14:43:06+02;1299
2017-08-15 16:19:05+02;1299
2017-08-15 20:07:06+02;1289
2017-08-16 03:19:06+02;1369
2017-08-16 06:51:05+02;1369
2017-08-16 07:51:06+02;1359
2017-08-16 07:55:06+02;1359
2017-08-16 08:51:06+02;1359
2017-08-16 09:13:06+02;1349
2017-08-16 10:09:06+02;1349
2017-08-16 10:59:05+02;1299
2017-08-16 12:05:06+02;1299
2017-08-16 12:29:06+02;1319
2017-08-16 13:39:05+02;1299
2017-08-16 16:05:06+02;1289
2017-08-16 17:01:06+02;1309
2017-08-16 17:53:06+02;1289
2017-08-16 20:21:06+02;1279
2017-08-16 21:05:06+02;1269
2017-08-17 03:17:05+02;1369
2017-08-17 06:07:06+02;1359
2017-08-17 08:03:05+02;1349
2017-08-17 08:43:06+02;1339
2017-08-17 10:21:06+02;1339
2017-08-17 10:57:06+02;1329
2017-08-17 12:07:06+02;1329
2017-08-17 14:57:23+02;1319
2017-08-17 16:07:09+02;1319
2017-08-17 16:43:08+02;1309
2017-08-17 19:21:08+02;1299
2017-08-17 20:03:08+02;1299
2017-08-17 21:51:07+02;1289
2017-08-18 03:17:07+02;1369
2017-08-18 07:03:09+02;1369
2017-08-18 07:21:08+02;1359
2017-08-18 08:27:09+02;1349
2017-08-18 09:09:10+02;1339
2017-08-18 10:21:10+02;1339
2017-08-18 11:27:22+02;1329
2017-08-18 11:51:09+02;1299
2017-08-18 12:21:09+02;1299
2017-08-18 12:27:11+02;1299
2017-08-18 15:27:14+02;1289
2017-08-18 19:51:09+02;1279
2017-08-19 03:17:18+02;1369
2017-08-19 08:43:27+02;1359
2017-08-19 08:55:11+02;1359
2017-08-19 10:39:10+02;1359
2017-08-19 11:05:08+02;1349
2017-08-19 11:43:08+02;1339
2017-08-19 12:21:09+02;1329
2017-08-19 12:27:09+02;1309
2017-08-19 14:59:09+02;1299
2017-08-19 16:07:09+02;1299
2017-08-19 21:05:12+02;1289
2017-08-20 03:17:08+02;1369
2017-08-20 03:47:09+02;1309
2017-08-20 11:05:09+02;1289
2017-08-21 03:17:07+02;1369
2017-08-21 03:45:09+02;1309
2017-08-21 08:21:12+02;1299
2017-08-21 10:55:13+02;1289
2017-08-21 12:31:11+02;1309
2017-08-21 13:57:12+02;1289
2017-08-21 16:25:13+02;1279
2017-08-21 17:01:13+02;1299
2017-08-21 18:01:11+02;1279
2017-08-21 20:33:09+02;1279
2017-08-22 03:17:08+02;1359
2017-08-22 07:51:07+02;1349
2017-08-22 10:07:12+02;1349
2017-08-22 10:21:12+02;1339
2017-08-22 10:57:21+02;1339
2017-08-22 11:39:08+02;1329
2017-08-22 12:03:10+02;1309
2017-08-22 12:13:20+02;1299
2017-08-22 12:27:08+02;1299
2017-08-22 15:23:10+02;1289
2017-08-22 17:03:09+02;1309
2017-08-22 17:23:11+02;1309
2017-08-22 17:31:10+02;1309
2017-08-22 18:01:10+02;1289
2017-08-22 20:19:09+02;1279
2017-08-23 03:19:08+02;1369
2017-08-23 06:43:06+02;1369
2017-08-23 07:13:09+02;1359
2017-08-23 08:37:09+02;1359
2017-08-23 09:07:17+02;1349
2017-08-23 10:23:08+02;1349
2017-08-23 11:30:57+02;1319
2017-08-23 12:01:10+02;1309
2017-08-23 12:09:11+02;1309
2017-08-23 14:01:09+02;1299
2017-08-23 15:09:58+02;1299
2017-08-23 16:23:10+02;1289
2017-08-23 21:05:10+02;1279
2017-08-24 03:33:06+02;1279
2017-08-24 03:35:06+02;1369
2017-08-24 05:09:05+02;1369
2017-08-24 05:19:05+02;1309
2017-08-24 06:33:05+02;1289
2017-08-24 06:51:05+02;1289
2017-08-24 08:55:05+02;1289
2017-08-24 10:11:05+02;1279
2017-08-24 11:27:06+02;1279
2017-08-24 12:27:05+02;1299
2017-08-24 13:57:06+02;1279
2017-08-24 16:59:05+02;1299
2017-08-24 17:59:05+02;1289
2017-08-24 18:43:05+02;1289
2017-08-24 21:19:05+02;1279
2017-08-25 03:17:05+02;1369
2017-08-25 07:13:05+02;1359
2017-08-25 07:51:05+02;1359
2017-08-25 08:07:05+02;1299
2017-08-25 10:07:06+02;1299
2017-08-25 10:33:06+02;1289
2017-08-25 11:53:06+02;1289
2017-08-25 12:35:06+02;1309
2017-08-25 13:55:06+02;1289
2017-08-25 13:59:05+02;1289
2017-08-25 15:23:06+02;1289
2017-08-25 16:05:06+02;1279
2017-08-25 16:59:05+02;1299
2017-08-25 17:39:05+02;1299
2017-08-25 17:53:06+02;1279
2017-08-25 17:57:06+02;1279
2017-08-25 20:15:06+02;1279
2017-08-26 03:19:05+02;1369
2017-08-26 07:13:16+02;1349
2017-08-26 08:01:08+02;1349
2017-08-26 09:05:06+02;1339
2017-08-26 09:59:08+02;1319
2017-08-26 10:33:05+02;1319
2017-08-26 10:57:06+02;1319
2017-08-26 12:03:05+02;1319
2017-08-26 13:43:06+02;1309
2017-08-26 14:57:06+02;1299
2017-08-26 15:27:05+02;1299
2017-08-26 17:01:05+02;1319
2017-08-26 17:55:05+02;1299
2017-08-26 19:27:06+02;1299
2017-08-27 03:19:05+02;1379
2017-08-27 08:41:05+02;1369
2017-08-27 08:43:05+02;1329
2017-08-27 11:55:06+02;1329
2017-08-27 12:37:06+02;1319
2017-08-27 12:43:05+02;1309
2017-08-27 14:53:05+02;1299
2017-08-28 03:17:16+02;1379
2017-08-28 06:03:05+02;1369
2017-08-28 08:03:06+02;1359
2017-08-28 09:03:06+02;1349
2017-08-28 09:11:06+02;1299
2017-08-28 11:41:05+02;1299
2017-08-28 12:15:06+02;1279
2017-08-28 12:23:05+02;1299
2017-08-28 14:13:06+02;1299
2017-08-28 14:27:06+02;1299
2017-08-28 16:51:06+02;1299
2017-08-28 17:05:06+02;1319
2017-08-28 18:01:05+02;1299
2017-08-28 18:29:05+02;1299
2017-08-28 21:05:06+02;1289
2017-08-29 03:17:05+02;1389
2017-08-29 06:01:06+02;1369
2017-08-29 07:15:06+02;1349
2017-08-29 09:19:05+02;1339
2017-08-29 10:17:05+02;1309
2017-08-29 11:49:06+02;1309
2017-08-29 12:37:06+02;1329
2017-08-29 13:51:06+02;1319
2017-08-29 13:57:06+02;1309
2017-08-29 14:27:06+02;1299
2017-08-29 15:51:06+02;1299
2017-08-29 17:01:06+02;1319
2017-08-29 18:01:06+02;1299
2017-08-29 20:23:17+02;1299
2017-08-30 03:17:05+02;1389
2017-08-30 06:01:06+02;1379
2017-08-30 08:07:06+02;1369
2017-08-30 10:21:06+02;1359
2017-08-30 10:45:07+02;1339
2017-08-30 11:05:06+02;1339
2017-08-30 11:23:06+02;1319
2017-08-30 11:59:06+02;1309
2017-08-30 12:45:08+02;1329
2017-08-30 13:59:05+02;1309
2017-08-30 15:27:06+02;1309
2017-08-30 16:21:05+02;1299
2017-08-30 17:03:06+02;1319
2017-08-30 17:49:06+02;1309
2017-08-30 18:01:06+02;1299
2017-08-30 20:23:06+02;1289
2017-08-31 03:19:05+02;1379
2017-08-31 08:13:05+02;1369
2017-08-31 08:23:06+02;1369
2017-08-31 08:55:06+02;1309
2017-08-31 10:51:12+02;1309
2017-08-31 11:47:06+02;1309
2017-08-31 15:05:07+02;1309
2017-08-31 17:23:06+02;1329
2017-08-31 17:55:06+02;1309
2017-08-31 20:15:06+02;1309
2017-08-31 20:21:06+02;1299
2017-09-01 03:17:06+02;1389
2017-09-01 07:03:06+02;1379
2017-09-01 08:57:06+02;1369
2017-09-01 09:05:07+02;1369
2017-09-01 10:23:07+02;1349
2017-09-01 11:23:05+02;1339
2017-09-01 12:33:06+02;1359
2017-09-01 12:51:07+02;1349
2017-09-01 13:53:06+02;1339
2017-09-01 15:25:07+02;1339
2017-09-01 16:21:06+02;1329
2017-09-01 19:55:06+02;1319
2017-09-01 21:03:06+02;1319
2017-09-02 03:17:06+02;1409
2017-09-02 06:31:06+02;1399
2017-09-02 06:37:06+02;1399
2017-09-02 07:15:06+02;1389
2017-09-02 07:23:06+02;1389
2017-09-02 07:49:05+02;1319
2017-09-02 12:19:05+02;1339
2017-09-02 13:39:05+02;1329
2017-09-02 13:51:06+02;1329
2017-09-02 15:13:06+02;1319
2017-09-02 17:01:06+02;1339
2017-09-02 17:55:06+02;1339
2017-09-02 18:01:06+02;1319
2017-09-03 03:19:07+02;1409
2017-09-03 06:31:06+02;1399
2017-09-03 07:09:05+02;1379
2017-09-03 09:17:06+02;1369
2017-09-03 12:13:05+02;1339
2017-09-03 12:39:05+02;1339
2017-09-03 17:01:15+02;1329
2017-09-04 03:19:05+02;1409
2017-09-04 06:01:06+02;1409
2017-09-04 06:33:06+02;1399
2017-09-04 06:43:06+02;1399
2017-09-04 07:11:06+02;1379
2017-09-04 08:55:06+02;1369
2017-09-04 10:35:07+02;1369
2017-09-04 10:41:06+02;1359
2017-09-04 10:59:09+02;1349
2017-09-04 11:25:06+02;1339
2017-09-04 11:41:06+02;1339
2017-09-04 12:13:11+02;1339
2017-09-04 12:23:06+02;1359
2017-09-04 12:59:06+02;1349
2017-09-04 14:11:06+02;1339
2017-09-04 15:43:05+02;1339
2017-09-04 16:15:06+02;1339
2017-09-04 16:59:05+02;1359
2017-09-04 17:41:06+02;1359
2017-09-04 18:01:06+02;1359
2017-09-04 18:05:06+02;1339
2017-09-04 20:59:05+02;1339
2017-09-05 03:17:05+02;1419
2017-09-05 06:02:05+02;1419
2017-09-05 07:11:06+02;1379
2017-09-05 09:05:06+02;1369
2017-09-05 11:07:06+02;1369
2017-09-05 11:33:05+02;1359
2017-09-05 14:29:05+02;1349
2017-09-05 15:51:06+02;1349
2017-09-05 16:53:06+02;1339
2017-09-05 20:31:06+02;1329
2017-09-05 21:37:05+02;1319
2017-09-06 03:19:05+02;1419
2017-09-06 05:45:06+02;1409
2017-09-06 06:31:06+02;1399
2017-09-06 06:49:05+02;1339
2017-09-06 08:53:05+02;1339
2017-09-06 10:07:06+02;1329
2017-09-06 11:23:06+02;1329
2017-09-06 12:23:05+02;1319
2017-09-06 12:49:05+02;1339
2017-09-06 12:55:06+02;1319
2017-09-06 15:39:05+02;1309
2017-09-06 17:05:06+02;1329
2017-09-06 17:55:06+02;1309
2017-09-06 18:29:06+02;1309
2017-09-07 03:17:05+02;1399
2017-09-07 06:45:06+02;1389
2017-09-07 07:09:06+02;1379
2017-09-07 07:13:06+02;1329
2017-09-07 11:07:06+02;1319
2017-09-07 12:31:06+02;1339
2017-09-07 13:59:05+02;1329
2017-09-07 14:09:06+02;1319
2017-09-07 17:01:06+02;1339
2017-09-07 18:01:06+02;1319
2017-09-07 18:31:06+02;1319
2017-09-08 03:19:05+02;1409
2017-09-08 05:47:06+02;1399
2017-09-08 07:11:06+02;1389
2017-09-08 07:35:07+02;1389
2017-09-08 09:21:07+02;1379
2017-09-08 11:25:06+02;1379
2017-09-08 11:43:05+02;1369
2017-09-08 12:17:07+02;1359
2017-09-08 15:09:06+02;1359
2017-09-08 16:19:05+02;1349
2017-09-08 17:19:06+02;1369
2017-09-08 17:51:07+02;1349
2017-09-08 20:19:05+02;1339
2017-09-09 03:17:06+02;1429
2017-09-09 06:31:06+02;1419
2017-09-09 07:15:06+02;1409
2017-09-09 07:47:06+02;1409
2017-09-09 08:35:06+02;1389
2017-09-09 08:51:06+02;1389
2017-09-09 10:13:05+02;1369
2017-09-09 10:37:06+02;1369
2017-09-09 11:29:05+02;1369
2017-09-09 14:31:06+02;1359
2017-09-09 16:09:09+02;1339
2017-09-09 16:49:05+02;1339
2017-09-09 17:03:05+02;1359
2017-09-09 17:23:05+02;1359
2017-09-09 17:55:06+02;1339
2017-09-09 18:01:06+02;1339
2017-09-09 20:23:05+02;1339
2017-09-10 03:17:23+02;1429
2017-09-10 06:29:05+02;1419
2017-09-10 06:31:06+02;1419
2017-09-10 07:17:06+02;1399
2017-09-10 09:15:06+02;1399
2017-09-10 09:17:06+02;1349
2017-09-10 11:33:06+02;1339
2017-09-10 17:23:06+02;1339
2017-09-11 03:17:06+02;1429
2017-09-11 06:01:06+02;1419
2017-09-11 07:11:06+02;1399
2017-09-11 07:37:06+02;1389
2017-09-11 08:25:06+02;1389
2017-09-11 09:53:06+02;1379
2017-09-11 10:23:06+02;1379
2017-09-11 11:25:06+02;1379
2017-09-11 11:43:05+02;1369
2017-09-11 12:13:05+02;1369
2017-09-11 12:25:08+02;1389
2017-09-11 12:29:06+02;1339
2017-09-11 12:47:06+02;1359
2017-09-11 13:01:06+02;1339
2017-09-11 16:07:07+02;1329
2017-09-11 16:49:17+02;1349
2017-09-11 17:53:06+02;1329
2017-09-11 20:21:05+02;1319
2017-09-12 03:19:06+02;1409
2017-09-12 07:37:06+02;1399
2017-09-12 08:29:05+02;1389
2017-09-12 10:15:06+02;1389
2017-09-12 10:51:06+02;1389
2017-09-12 11:01:06+02;1369
2017-09-12 11:29:06+02;1369
2017-09-12 11:35:06+02;1359
2017-09-12 11:51:06+02;1359
2017-09-12 12:33:06+02;1379
2017-09-12 13:01:06+02;1369
2017-09-12 13:55:06+02;1359
2017-09-12 14:25:06+02;1349
2017-09-12 15:37:06+02;1349
2017-09-12 16:51:06+02;1339
2017-09-12 20:09:05+02;1329
2017-09-12 20:37:06+02;1319
2017-09-12 20:55:05+02;1319
2017-09-13 03:17:05+02;1409
2017-09-13 05:53:06+02;1399
2017-09-13 07:37:24+02;1389
2017-09-13 10:03:06+02;1329
2017-09-13 10:09:06+02;1329
2017-09-13 11:43:06+02;1329
2017-09-13 11:55:06+02;1329
2017-09-13 12:23:05+02;1319
2017-09-13 12:31:06+02;1319
2017-09-13 12:35:06+02;1339
2017-09-13 12:55:06+02;1319
2017-09-13 13:01:06+02;1319
2017-09-13 15:29:05+02;1309
2017-09-13 17:01:06+02;1329
2017-09-13 18:01:06+02;1319
2017-09-13 18:07:06+02;1309
2017-09-13 19:55:06+02;1309
2017-09-14 03:17:06+02;1399
2017-09-14 06:27:06+02;1389
2017-09-14 06:57:06+02;1319
2017-09-14 08:51:05+02;1319
2017-09-14 09:51:05+02;1309
2017-09-14 12:29:07+02;1329
2017-09-14 13:59:05+02;1309
2017-09-14 14:29:06+02;1309
2017-09-14 17:01:06+02;1329
2017-09-14 18:25:06+02;1319
2017-09-14 18:31:09+02;1309
2017-09-15 03:19:05+02;1399
2017-09-15 06:01:06+02;1389
2017-09-15 07:11:06+02;1379
2017-09-15 07:49:06+02;1379
2017-09-15 08:49:07+02;1369
2017-09-15 09:51:06+02;1369
2017-09-15 10:53:06+02;1359
2017-09-15 11:41:05+02;1359
2017-09-15 11:45:06+02;1349
2017-09-15 11:53:06+02;1349
2017-09-15 12:07:06+02;1339
2017-09-15 14:05:06+02;1329
2017-09-15 14:45:06+02;1329
2017-09-15 14:51:06+02;1329
2017-09-15 15:07:05+02;1329
2017-09-15 16:05:07+02;1319
2017-09-15 16:59:06+02;1339
2017-09-15 18:07:06+02;1319
2017-09-15 20:13:05+02;1309
2017-09-16 03:17:06+02;1399
2017-09-16 06:47:05+02;1389
2017-09-16 07:17:05+02;1379
2017-09-16 08:31:05+02;1379
2017-09-16 09:21:06+02;1369
2017-09-16 10:49:06+02;1369
2017-09-16 10:55:06+02;1359
2017-09-16 12:17:20+02;1359
2017-09-16 12:31:06+02;1349
2017-09-16 14:29:05+02;1339
2017-09-16 15:07:06+02;1339
2017-09-16 16:11:05+02;1329
2017-09-16 16:41:06+02;1319
2017-09-17 03:17:06+02;1409
2017-09-17 06:31:05+02;1389
2017-09-17 08:25:06+02;1369
2017-09-17 08:53:05+02;1349
2017-09-17 08:57:05+02;1339
2017-09-17 12:37:06+02;1329
2017-09-17 14:27:05+02;1319
2017-09-17 16:01:06+02;1309
2017-09-18 03:17:17+02;1399
2017-09-18 06:01:06+02;1389
2017-09-18 07:53:05+02;1379
2017-09-18 10:07:06+02;1369
2017-09-18 10:37:06+02;1359
2017-09-18 11:07:06+02;1329
2017-09-18 11:29:06+02;1319
2017-09-18 12:01:06+02;1309
2017-09-18 12:31:05+02;1329
2017-09-18 13:15:06+02;1319
2017-09-18 14:01:06+02;1309
2017-09-18 15:27:08+02;1309
2017-09-18 17:23:05+02;1329
2017-09-18 17:47:06+02;1319
2017-09-18 17:59:05+02;1309
2017-09-18 18:11:06+02;1309
2017-09-18 18:19:06+02;1289
2017-09-19 03:17:05+02;1319
2017-09-19 11:07:06+02;1319
2017-09-19 11:09:06+02;1309
2017-09-19 12:33:06+02;1339
2017-09-19 12:49:06+02;1339
2017-09-19 13:01:06+02;1339
2017-09-19 13:21:06+02;1329
2017-09-19 14:05:06+02;1309
2017-09-19 17:01:10+02;1339
2017-09-19 17:29:11+02;1329
2017-09-19 17:43:17+02;1319
2017-09-19 18:11:16+02;1319
2017-09-19 18:33:06+02;1309
2017-09-19 20:45:06+02;1299
2017-09-19 23:16:20+02;1299
2017-09-20 03:17:06+02;1389
2017-09-20 06:01:05+02;1389
2017-09-20 06:15:06+02;1389
2017-09-20 07:11:06+02;1379
2017-09-20 08:07:06+02;1379
2017-09-20 08:43:06+02;1379
2017-09-20 09:05:06+02;1369
2017-09-20 10:11:06+02;1369
2017-09-20 11:07:06+02;1359
2017-09-20 12:01:06+02;1359
2017-09-20 12:25:06+02;1389
2017-09-20 13:35:06+02;1379
2017-09-20 13:37:06+02;1379
2017-09-20 13:49:06+02;1369
2017-09-20 13:59:05+02;1359
2017-09-20 14:11:05+02;1349
2017-09-20 14:17:05+02;1349
2017-09-20 16:01:06+02;1329
2017-09-20 16:23:05+02;1329
2017-09-20 17:03:06+02;1329
2017-09-20 17:49:05+02;1329
2017-09-20 19:19:05+02;1329
2017-09-20 19:37:06+02;1319
2017-09-20 19:55:06+02;1309
2017-09-20 20:17:06+02;1299
2017-09-20 20:21:05+02;1299
2017-09-21 03:17:06+02;1389
2017-09-21 05:55:05+02;1389
2017-09-21 07:53:05+02;1379
2017-09-21 08:27:06+02;1369
2017-09-21 09:03:06+02;1359
2017-09-21 09:51:08+02;1359
2017-09-21 10:27:06+02;1319
2017-09-21 11:15:06+02;1309
2017-09-21 11:45:07+02;1299
2017-09-21 12:31:06+02;1329
2017-09-21 13:59:06+02;1309
2017-09-21 14:35:13+02;1299
2017-09-21 15:27:06+02;1299
2017-09-21 16:37:06+02;1289
2017-09-21 17:03:06+02;1319
2017-09-21 17:33:06+02;1319
2017-09-21 17:43:06+02;1309
2017-09-21 18:09:06+02;1289
