2014-06-08 09:50:01+02;1549
2014-06-08 10:14:01+02;1539
2014-06-08 11:14:01+02;1529
2014-06-09 00:02:01+02;1619
2014-06-09 05:22:01+02;1599
2014-06-09 07:30:01+02;1559
2014-06-09 09:18:01+02;1549
2014-06-09 10:10:01+02;1539
2014-06-09 17:06:01+02;1619
2014-06-10 05:42:01+02;1589
2014-06-10 06:58:01+02;1569
2014-06-10 10:10:01+02;1559
2014-06-10 11:14:01+02;1539
2014-06-10 12:30:01+02;1539
2014-06-10 17:06:01+02;1619
2014-06-11 04:10:01+02;1579
2014-06-11 06:30:01+02;1569
2014-06-11 12:02:01+02;1549
2014-06-11 17:06:01+02;1619
2014-06-12 04:06:01+02;1579
2014-06-12 06:26:01+02;1569
2014-06-12 08:30:01+02;1549
2014-06-12 10:18:01+02;1539
2014-06-12 17:06:01+02;1619
2014-06-13 05:54:01+02;1609
2014-06-13 07:58:01+02;1599
2014-06-13 10:26:01+02;1569
2014-06-13 17:06:01+02;1639
2014-06-14 01:38:01+02;1619
2014-06-14 06:10:01+02;1599
2014-06-14 07:46:01+02;1569
2014-06-14 17:06:01+02;1639
2014-06-15 05:30:01+02;1609
2014-06-15 06:50:01+02;1599
2014-06-15 07:02:01+02;1589
2014-06-15 08:46:01+02;1579
2014-06-15 09:58:01+02;1569
2014-06-15 11:42:01+02;1549
2014-06-16 02:22:01+02;1639
2014-06-16 04:30:01+02;1609
2014-06-16 08:58:01+02;1609
2014-06-16 12:30:01+02;1569
2014-06-16 13:18:01+02;1559
2014-06-16 17:06:01+02;1659
2014-06-17 04:26:01+02;1609
2014-06-17 06:42:01+02;1599
2014-06-17 09:10:01+02;1589
2014-06-17 11:02:01+02;1579
2014-06-17 13:14:01+02;1569
2014-06-17 17:10:01+02;1639
2014-06-18 05:14:02+02;1609
2014-06-18 08:14:01+02;1599
2014-06-18 09:06:01+02;1589
2014-06-18 12:22:01+02;1579
2014-06-18 17:06:01+02;1639
2014-06-19 01:18:01+02;1619
2014-06-19 02:02:01+02;1619
2014-06-19 03:10:01+02;1609
2014-06-19 07:30:01+02;1599
2014-06-19 09:10:01+02;1589
2014-06-19 11:26:01+02;1559
2014-06-19 12:14:01+02;1549
2014-06-19 17:06:01+02;1639
2014-06-20 03:42:01+02;1629
2014-06-20 04:50:01+02;1619
2014-06-20 08:22:01+02;1599
2014-06-20 09:54:01+02;1589
2014-06-20 11:42:01+02;1569
2014-06-20 17:06:01+02;1659
2014-06-21 01:18:01+02;1619
2014-06-21 02:02:01+02;1619
2014-06-21 02:46:01+02;1589
2014-06-21 09:14:01+02;1579
2014-06-21 10:54:01+02;1569
2014-06-21 11:42:01+02;1559
2014-06-21 17:06:01+02;1659
2014-06-22 05:54:01+02;1599
2014-06-22 09:10:01+02;1579
2014-06-22 10:26:01+02;1569
2014-06-22 11:22:01+02;1559
2014-06-22 17:06:01+02;1659
2014-06-23 04:02:01+02;1639
2014-06-23 04:54:01+02;1629
2014-06-23 08:18:01+02;1609
2014-06-23 09:22:01+02;1599
2014-06-23 11:14:01+02;1589
2014-06-23 12:26:01+02;1579
2014-06-23 13:10:01+02;1569
2014-06-23 17:06:01+02;1659
2014-06-24 02:58:01+02;1629
2014-06-24 05:30:01+02;1619
2014-06-24 10:22:01+02;1609
2014-06-24 17:06:01+02;1649
2014-06-25 04:50:01+02;1639
2014-06-25 07:02:01+02;1609
2014-06-25 17:06:01+02;1649
2014-06-26 04:26:01+02;1619
2014-06-26 07:46:01+02;1609
2014-06-26 17:06:01+02;1649
2014-06-27 04:18:01+02;1639
2014-06-27 06:30:01+02;1619
2014-06-27 17:06:01+02;1659
2014-06-28 03:34:01+02;1639
2014-06-28 08:06:01+02;1599
2014-06-28 08:14:01+02;1579
2014-06-28 09:54:01+02;1569
2014-06-28 10:22:01+02;1569
2014-06-28 11:34:01+02;1559
2014-06-28 17:06:01+02;1639
2014-06-29 04:58:01+02;1609
2014-06-29 05:46:01+02;1599
2014-06-29 07:14:01+02;1589
2014-06-29 08:50:01+02;1559
2014-06-29 10:22:01+02;1559
2014-06-29 11:58:01+02;1549
2014-06-29 17:06:01+02;1639
2014-06-30 03:54:01+02;1609
2014-06-30 07:30:01+02;1609
2014-06-30 10:30:01+02;1599
2014-06-30 12:10:01+02;1579
2014-06-30 17:06:01+02;1629
2014-07-01 05:10:01+02;1609
2014-07-01 09:58:01+02;1599
2014-07-01 10:50:01+02;1589
2014-07-01 17:06:01+02;1639
2014-07-02 03:38:01+02;1609
2014-07-02 07:50:01+02;1599
2014-07-02 17:06:01+02;1649
2014-07-03 04:54:01+02;1619
2014-07-03 06:54:01+02;1599
2014-07-03 17:06:01+02;1649
2014-07-04 02:42:01+02;1629
2014-07-04 06:10:01+02;1619
2014-07-04 06:18:01+02;1609
2014-07-04 08:10:01+02;1589
2014-07-04 17:06:01+02;1639
2014-07-05 03:22:01+02;1619
2014-07-05 11:46:01+02;1609
2014-07-05 17:06:01+02;1659
2014-07-06 05:34:01+02;1609
2014-07-06 08:42:01+02;1589
2014-07-06 08:46:01+02;1569
2014-07-06 09:34:01+02;1559
2014-07-06 09:54:01+02;1549
2014-07-06 12:06:01+02;1539
2014-07-06 17:06:01+02;1629
2014-07-07 05:30:01+02;1609
2014-07-07 08:02:01+02;1599
2014-07-07 10:22:01+02;1579
2014-07-07 11:38:01+02;1569
2014-07-07 12:34:01+02;1559
2014-07-07 17:06:01+02;1629
2014-07-08 05:06:01+02;1589
2014-07-08 09:46:01+02;1569
2014-07-08 11:34:01+02;1559
2014-07-08 17:06:01+02;1629
2014-07-09 08:14:01+02;1609
2014-07-09 10:30:01+02;1599
2014-07-09 10:54:01+02;1589
2014-07-09 12:02:01+02;1569
2014-07-09 17:06:01+02;1629
2014-07-10 05:42:01+02;1619
2014-07-10 08:42:01+02;1609
2014-07-10 09:18:01+02;1579
2014-07-11 01:34:01+02;1629
2014-07-11 03:42:01+02;1619
2014-07-11 04:54:01+02;1579
2014-07-11 06:18:01+02;1579
2014-07-11 10:30:01+02;1569
2014-07-11 11:18:01+02;1559
2014-07-11 13:02:01+02;1549
2014-07-12 02:58:02+02;1629
2014-07-12 03:22:01+02;1599
2014-07-12 03:54:01+02;1549
2014-07-12 09:06:01+02;1539
2014-07-12 17:06:01+02;1629
2014-07-13 01:18:01+02;1589
2014-07-13 02:54:01+02;1579
2014-07-13 07:54:01+02;1559
2014-07-13 10:06:01+02;1549
2014-07-13 17:06:01+02;1629
2014-07-14 04:06:01+02;1619
2014-07-14 05:30:01+02;1609
2014-07-14 10:18:01+02;1589
2014-07-14 17:06:01+02;1639
2014-07-15 01:18:01+02;1609
2014-07-15 02:02:01+02;1599
2014-07-15 04:54:01+02;1589
2014-07-15 06:46:01+02;1579
2014-07-15 11:46:01+02;1569
2014-07-15 17:06:01+02;1619
2014-07-16 05:34:01+02;1609
2014-07-16 07:14:01+02;1599
2014-07-16 07:18:01+02;1589
2014-07-16 08:34:01+02;1579
2014-07-16 09:42:01+02;1559
2014-07-16 11:54:01+02;1549
2014-07-16 17:06:01+02;1619
2014-07-17 04:34:01+02;1599
2014-07-17 06:38:01+02;1589
2014-07-17 08:18:01+02;1569
2014-07-17 09:54:01+02;1559
2014-07-17 11:14:01+02;1549
2014-07-17 12:06:01+02;1539
2014-07-17 13:10:01+02;1529
2014-07-17 17:22:01+02;1609
2014-07-18 04:38:01+02;1599
2014-07-18 07:18:01+02;1579
2014-07-18 09:46:01+02;1569
2014-07-19 10:38:01+02;1559
2014-07-19 15:02:01+02;1539
2014-07-19 17:06:01+02;1609
2014-07-20 03:50:01+02;1599
2014-07-20 05:10:01+02;1589
2014-07-20 06:26:01+02;1579
2014-07-20 07:22:01+02;1569
2014-07-20 07:26:01+02;1569
2014-07-20 23:58:01+02;1519
2014-07-21 01:34:01+02;1609
2014-07-21 03:54:01+02;1589
2014-07-21 09:14:01+02;1589
2014-07-21 10:22:01+02;1589
2014-07-21 17:06:01+02;1639
2014-07-22 06:58:01+02;1599
2014-07-22 07:10:01+02;1589
2014-07-22 07:18:01+02;1559
2014-07-22 09:30:01+02;1549
2014-07-22 10:42:01+02;1539
2014-07-22 11:30:01+02;1529
2014-07-22 17:06:01+02;1609
2014-07-23 02:42:01+02;1599
2014-07-23 06:50:01+02;1579
2014-07-23 08:06:01+02;1569
2014-07-23 11:42:01+02;1559
2014-07-23 12:26:01+02;1549
2014-07-23 12:58:01+02;1529
2014-07-24 01:10:01+02;1599
2014-07-24 06:42:02+02;1599
2014-07-24 08:30:01+02;1589
2014-07-24 11:30:01+02;1579
2014-07-24 14:10:01+02;1559
2014-07-25 00:02:01+02;1609
2014-07-25 05:42:01+02;1599
2014-07-25 09:18:01+02;1569
2014-07-25 11:54:01+02;1559
2014-07-25 17:06:01+02;1609
2014-07-26 05:50:01+02;1599
2014-07-26 08:14:01+02;1559
2014-07-26 11:58:01+02;1539
2014-07-26 17:06:01+02;1599
2014-07-27 07:02:01+02;1589
2014-07-27 12:34:01+02;1549
2014-07-27 17:06:01+02;1599
2014-07-28 03:30:01+02;1569
2014-07-28 05:10:01+02;1559
2014-07-28 12:02:01+02;1549
2014-07-28 17:06:01+02;1599
2014-07-29 05:10:01+02;1599
2014-07-29 08:26:01+02;1589
2014-07-29 11:06:01+02;1579
2014-07-29 12:18:01+02;1569
2014-07-29 12:50:01+02;1559
2014-07-29 17:06:01+02;1609
2014-07-30 05:34:01+02;1599
2014-07-30 06:26:01+02;1599
2014-07-30 08:22:01+02;1579
2014-07-30 09:30:01+02;1569
2014-07-30 10:46:01+02;1559
2014-07-30 11:26:01+02;1549
2014-07-30 11:58:01+02;1539
2014-07-30 13:02:01+02;1529
2014-07-30 17:06:01+02;1599
2014-07-31 05:14:01+02;1599
2014-07-31 06:42:01+02;1589
2014-07-31 09:34:01+02;1559
2014-07-31 12:18:01+02;1539
2014-07-31 17:06:01+02;1609
2014-08-01 02:34:01+02;1579
2014-08-01 11:54:01+02;1569
2014-08-01 11:58:01+02;1579
2014-08-01 12:34:01+02;1569
2014-08-01 17:06:01+02;1629
2014-08-02 04:50:01+02;1599
2014-08-02 06:14:01+02;1559
2014-08-02 06:18:01+02;1549
2014-08-02 17:06:01+02;1609
2014-08-03 04:30:01+02;1589
2014-08-03 06:30:01+02;1589
2014-08-03 09:30:01+02;1569
2014-08-03 11:46:01+02;1539
2014-08-03 17:06:01+02;1599
2014-08-04 03:06:02+02;1579
2014-08-04 03:46:01+02;1559
2014-08-04 08:18:01+02;1529
2014-08-04 17:06:01+02;1599
2014-08-05 11:54:01+02;1539
2014-08-05 18:26:01+02;1519
2014-08-05 23:06:01+02;1589
2014-08-06 09:18:01+02;1579
2014-08-06 16:10:01+02;1539
2014-08-06 23:06:01+02;1599
2014-08-07 08:22:01+02;1569
2014-08-07 09:42:01+02;1539
2014-08-07 23:06:01+02;1599
2014-08-08 08:14:01+02;1589
2014-08-08 10:02:01+02;1569
2014-08-08 10:46:01+02;1549
2014-08-08 12:06:01+02;1549
2014-08-08 16:38:01+02;1529
2014-08-08 23:06:01+02;1599
2014-08-09 09:02:01+02;1569
2014-08-09 10:54:01+02;1559
2014-08-09 14:02:01+02;1539
2014-08-09 14:14:01+02;1519
2014-08-09 15:38:01+02;1509
2014-08-09 23:06:01+02;1599
2014-08-10 11:10:01+02;1569
2014-08-10 13:14:01+02;1559
2014-08-10 13:58:01+02;1549
2014-08-10 15:10:01+02;1519
2014-08-10 16:14:01+02;1509
2014-08-10 17:10:01+02;1499
2014-08-10 23:06:01+02;1599
2014-08-11 10:26:01+02;1569
2014-08-11 14:18:01+02;1529
2014-08-11 14:22:01+02;1529
2014-08-11 15:58:01+02;1519
2014-08-11 18:54:01+02;1499
2014-08-11 23:06:01+02;1589
2014-08-12 10:54:01+02;1589
2014-08-12 12:34:01+02;1549
2014-08-12 15:02:01+02;1529
2014-08-12 15:46:01+02;1519
2014-08-12 23:06:01+02;1579
2014-08-13 09:50:01+02;1579
2014-08-13 12:18:01+02;1549
2014-08-13 14:02:01+02;1529
2014-08-13 16:18:01+02;1519
2014-08-13 17:58:01+02;1509
2014-08-13 23:06:01+02;1579
2014-08-14 08:54:01+02;1519
2014-08-14 10:42:01+02;1569
2014-08-14 10:54:01+02;1499
2014-08-14 15:54:01+02;1539
2014-08-14 15:58:01+02;1499
2014-08-14 17:18:01+02;1499
2014-08-14 23:06:01+02;1589
2014-08-15 08:06:01+02;1579
2014-08-15 13:18:01+02;1549
2014-08-15 14:50:01+02;1539
2014-08-15 15:30:01+02;1529
2014-08-15 17:34:01+02;1509
2014-08-15 23:06:01+02;1589
2014-08-16 09:38:01+02;1569
2014-08-16 10:58:01+02;1559
2014-08-16 12:58:01+02;1509
2014-08-16 23:06:01+02;1589
2014-08-17 23:06:01+02;1649
2014-08-18 13:34:01+02;1539
2014-08-18 23:10:01+02;1599
2014-08-19 07:50:01+02;1599
2014-08-19 08:26:01+02;1579
2014-08-19 09:18:01+02;1569
2014-08-19 10:18:01+02;1549
2014-08-19 11:42:01+02;1539
2014-08-19 12:38:01+02;1529
2014-08-19 14:06:01+02;1529
2014-08-19 23:06:01+02;1589
2014-08-20 09:58:01+02;1579
2014-08-20 13:42:01+02;1569
2014-08-20 14:42:01+02;1569
2014-08-20 15:10:01+02;1549
2014-08-20 15:54:01+02;1549
2014-08-20 16:50:01+02;1549
2014-08-20 23:06:01+02;1609
2014-08-21 08:22:01+02;1599
2014-08-21 10:10:01+02;1569
2014-08-21 15:30:01+02;1569
2014-08-21 16:26:01+02;1559
2014-08-21 16:58:01+02;1539
2014-08-21 17:22:01+02;1529
2014-08-21 23:06:01+02;1589
2014-08-22 14:18:01+02;1579
2014-08-22 14:46:01+02;1549
2014-08-22 15:34:01+02;1519
2014-08-22 18:46:01+02;1509
2014-08-22 23:06:01+02;1579
2014-08-23 12:14:01+02;1579
2014-08-23 15:10:01+02;1549
2014-08-23 17:10:01+02;1539
2014-08-23 23:06:01+02;1599
2014-08-24 13:42:01+02;1569
2014-08-24 17:10:01+02;1559
2014-08-24 18:18:01+02;1549
2014-08-24 23:06:01+02;1609
2014-08-25 08:18:01+02;1589
2014-08-25 10:02:01+02;1579
2014-08-25 12:06:01+02;1559
2014-08-25 17:18:01+02;1549
2014-08-25 17:34:01+02;1529
2014-08-25 23:06:01+02;1589
2014-08-26 13:18:01+02;1559
2014-08-26 14:14:01+02;1559
2014-08-26 17:14:01+02;1559
2014-08-26 17:22:01+02;1539
2014-08-26 18:58:01+02;1539
2014-08-26 23:06:01+02;1599
2014-08-27 09:46:01+02;1579
2014-08-27 13:54:01+02;1549
2014-08-27 17:50:01+02;1529
2014-08-27 18:14:01+02;1519
2014-08-27 23:06:01+02;1589
2014-08-28 11:58:01+02;1579
2014-08-28 13:30:01+02;1559
2014-08-28 17:06:01+02;1559
2014-08-28 17:14:01+02;1549
2014-08-28 18:54:01+02;1529
2014-08-28 23:06:01+02;1599
2014-08-29 12:06:01+02;1589
2014-08-29 13:50:01+02;1569
2014-08-29 15:02:01+02;1559
2014-08-29 16:30:01+02;1559
2014-08-29 18:54:01+02;1539
2014-08-29 23:06:01+02;1599
2014-08-30 09:38:01+02;1589
2014-08-30 10:42:01+02;1569
2014-08-30 12:22:01+02;1559
2014-08-30 13:46:01+02;1549
2014-08-30 14:54:01+02;1539
2014-08-30 16:14:01+02;1529
2014-08-30 17:34:01+02;1519
2014-08-30 23:06:01+02;1599
2014-08-31 10:30:01+02;1589
2014-08-31 14:02:01+02;1569
2014-08-31 14:38:01+02;1549
2014-08-31 15:10:01+02;1529
2014-08-31 17:34:01+02;1519
2014-08-31 23:06:01+02;1599
2014-09-01 12:10:01+02;1519
2014-09-01 13:42:01+02;1519
2014-09-01 23:06:01+02;1599
2014-09-02 11:18:01+02;1569
2014-09-02 15:38:01+02;1549
2014-09-02 18:30:01+02;1529
2014-09-02 23:06:01+02;1599
2014-09-03 12:02:01+02;1589
2014-09-03 17:14:01+02;1549
2014-09-03 23:10:02+02;1599
2014-09-04 09:22:01+02;1549
2014-09-04 14:06:01+02;1539
2014-09-04 17:10:01+02;1529
2014-09-04 18:34:01+02;1519
2014-09-04 23:06:01+02;1599
2014-09-05 09:46:01+02;1599
2014-09-05 11:02:01+02;1579
2014-09-05 12:54:01+02;1559
2014-09-05 14:42:01+02;1559
2014-09-05 15:18:01+02;1539
2014-09-05 15:54:01+02;1529
2014-09-05 18:54:01+02;1529
2014-09-05 23:10:01+02;1599
2014-09-06 10:14:01+02;1559
2014-09-06 14:02:01+02;1539
2014-09-06 15:14:01+02;1529
2014-09-06 16:58:01+02;1519
2014-09-06 23:06:01+02;1599
2014-09-07 08:18:01+02;1589
2014-09-07 09:50:01+02;1579
2014-09-07 11:34:01+02;1569
2014-09-07 12:06:01+02;1549
2014-09-07 13:10:01+02;1539
2014-09-07 13:46:01+02;1519
2014-09-07 23:06:01+02;1599
2014-09-08 08:50:01+02;1589
2014-09-08 11:10:01+02;1559
2014-09-08 12:50:01+02;1549
2014-09-08 18:22:01+02;1519
2014-09-09 10:54:01+02;1559
2014-09-09 11:10:01+02;1549
2014-09-09 15:18:01+02;1539
2014-09-09 17:22:01+02;1529
2014-09-09 21:06:01+02;1599
2014-09-10 10:50:01+02;1559
2014-09-10 13:54:01+02;1539
2014-09-10 15:54:01+02;1529
2014-09-10 17:54:01+02;1509
2014-09-10 23:06:01+02;1599
2014-09-11 10:30:01+02;1579
2014-09-11 13:22:01+02;1579
2014-09-11 13:30:01+02;1549
2014-09-11 15:06:01+02;1539
2014-09-11 17:14:01+02;1529
2014-09-11 17:38:01+02;1519
2014-09-11 23:06:01+02;1599
2014-09-12 11:22:01+02;1559
2014-09-12 13:02:01+02;1549
2014-09-12 13:54:01+02;1529
2014-09-12 14:18:01+02;1519
2014-09-12 18:14:01+02;1509
2014-09-12 23:06:01+02;1589
2014-09-13 11:30:01+02;1579
2014-09-13 15:18:01+02;1549
2014-09-13 15:30:01+02;1529
2014-09-13 16:18:01+02;1519
2014-09-13 23:06:01+02;1589
2014-09-14 08:46:01+02;1579
2014-09-14 11:50:01+02;1519
2014-09-14 14:46:01+02;1509
2014-09-14 23:06:01+02;1589
2014-09-15 08:46:01+02;1569
2014-09-15 10:42:01+02;1549
2014-09-15 12:30:01+02;1539
2014-09-15 14:34:01+02;1519
2014-09-15 16:30:01+02;1509
2014-09-15 23:06:01+02;1589
2014-09-16 10:42:01+02;1589
2014-09-16 11:50:01+02;1559
2014-09-16 13:10:01+02;1549
2014-09-16 14:22:01+02;1539
2014-09-16 23:06:01+02;1589
2014-09-17 10:10:01+02;1579
2014-09-17 13:38:01+02;1549
2014-09-17 17:54:01+02;1539
2014-09-17 18:06:01+02;1529
2014-09-17 23:06:01+02;1599
2014-09-18 09:30:01+02;1589
2014-09-18 11:58:01+02;1559
2014-09-18 13:50:02+02;1549
2014-09-18 15:22:01+02;1539
2014-09-18 17:34:01+02;1519
2014-09-18 23:06:01+02;1589
2014-09-19 08:26:01+02;1529
2014-09-19 09:30:01+02;1519
2014-09-19 09:58:01+02;1519
2014-09-19 17:54:01+02;1499
2014-09-19 23:06:01+02;1579
2014-09-20 10:06:01+02;1569
2014-09-20 11:42:01+02;1539
2014-09-20 14:18:01+02;1529
2014-09-20 15:34:01+02;1519
2014-09-20 16:54:01+02;1499
2014-09-20 18:06:01+02;1499
2014-09-20 23:06:01+02;1579
2014-09-21 10:50:01+02;1549
2014-09-21 12:58:01+02;1539
2014-09-21 15:10:01+02;1529
2014-09-21 15:50:01+02;1519
2014-09-21 23:06:01+02;1579
2014-09-22 11:06:01+02;1559
2014-09-22 15:06:01+02;1539
2014-09-22 16:38:01+02;1539
2014-09-22 23:06:01+02;1589
2014-09-23 09:30:01+02;1579
2014-09-23 10:22:01+02;1559
2014-09-23 11:46:01+02;1549
2014-09-23 14:02:01+02;1539
2014-09-23 17:14:01+02;1529
2014-09-23 23:06:01+02;1579
2014-09-24 07:46:01+02;1569
2014-09-24 09:18:01+02;1559
2014-09-24 12:02:01+02;1559
2014-09-24 12:30:01+02;1539
2014-09-24 23:06:01+02;1589
2014-09-25 10:06:01+02;1569
2014-09-25 11:18:01+02;1559
2014-09-25 15:30:01+02;1539
2014-09-25 17:22:01+02;1529
2014-09-25 23:06:01+02;1589
2014-09-26 09:18:01+02;1559
2014-09-26 11:34:01+02;1549
2014-09-26 11:42:01+02;1559
2014-09-26 13:10:01+02;1529
2014-09-26 16:02:01+02;1519
2014-09-26 23:10:01+02;1579
2014-09-27 10:50:01+02;1569
2014-09-27 12:38:01+02;1569
2014-09-27 13:46:01+02;1549
2014-09-27 14:18:01+02;1529
2014-09-27 23:06:01+02;1579
2014-09-28 10:46:01+02;1579
2014-09-28 11:34:01+02;1569
2014-09-28 13:50:02+02;1529
2014-09-28 14:58:01+02;1529
2014-09-28 17:38:01+02;1509
2014-09-28 23:06:01+02;1589
2014-09-29 09:30:01+02;1569
2014-09-29 10:14:02+02;1559
2014-09-29 13:50:01+02;1549
2014-09-29 15:26:01+02;1539
2014-09-29 23:06:01+02;1579
2014-09-30 16:58:01+02;1529
2014-09-30 18:06:01+02;1519
2014-09-30 23:06:01+02;1579
2014-10-01 10:18:01+02;1579
2014-10-01 14:30:01+02;1549
2014-10-01 15:30:01+02;1539
2014-10-01 17:42:01+02;1529
2014-10-01 23:10:01+02;1579
2014-10-02 08:38:01+02;1569
2014-10-02 13:02:01+02;1549
2014-10-02 14:30:01+02;1539
2014-10-02 15:50:01+02;1529
2014-10-02 17:38:01+02;1519
2014-10-02 23:06:01+02;1569
2014-10-03 12:26:01+02;1569
2014-10-03 15:42:01+02;1559
2014-10-03 16:22:01+02;1559
2014-10-03 17:02:01+02;1549
2014-10-03 18:02:01+02;1539
2014-10-03 23:06:01+02;1579
2014-10-04 14:02:01+02;1569
2014-10-04 14:30:01+02;1559
2014-10-04 15:18:01+02;1529
2014-10-04 23:06:01+02;1569
2014-10-05 12:46:01+02;1569
2014-10-05 13:30:01+02;1539
2014-10-05 15:50:01+02;1519
2014-10-05 23:06:01+02;1569
2014-10-06 11:10:01+02;1569
2014-10-06 11:34:01+02;1559
2014-10-06 14:18:01+02;1529
2014-10-06 16:30:01+02;1519
2014-10-06 18:30:01+02;1499
2014-10-06 23:06:01+02;1579
2014-10-07 11:46:01+02;1579
2014-10-07 13:06:01+02;1569
2014-10-07 14:38:01+02;1539
2014-10-07 16:46:01+02;1529
2014-10-07 17:02:01+02;1529
2014-10-07 17:54:01+02;1509
2014-10-07 23:06:01+02;1579
2014-10-08 09:18:01+02;1569
2014-10-08 11:10:01+02;1529
2014-10-08 14:10:01+02;1509
2014-10-08 14:14:01+02;1509
2014-10-08 23:06:01+02;1579
2014-10-09 10:06:01+02;1549
2014-10-09 13:22:01+02;1539
2014-10-09 15:42:01+02;1499
2014-10-09 23:06:01+02;1569
2014-10-10 11:46:01+02;1559
2014-10-10 15:46:01+02;1499
2014-10-10 23:06:01+02;1559
2014-10-11 11:06:01+02;1519
2014-10-11 14:42:01+02;1519
2014-10-11 15:18:01+02;1519
2014-10-11 16:06:01+02;1519
2014-10-11 16:10:01+02;1509
2014-10-11 16:50:01+02;1499
2014-10-11 17:06:01+02;1499
2014-10-11 18:06:01+02;1489
2014-10-11 23:06:01+02;1559
2014-10-12 08:34:01+02;1549
2014-10-12 09:34:01+02;1549
2014-10-12 10:06:01+02;1519
2014-10-12 11:34:01+02;1519
2014-10-12 12:22:01+02;1509
2014-10-12 16:46:01+02;1499
2014-10-12 23:06:01+02;1559
2014-10-13 12:42:01+02;1549
2014-10-13 14:02:01+02;1529
2014-10-13 14:34:01+02;1519
2014-10-13 14:42:01+02;1509
2014-10-13 23:06:01+02;1549
2014-10-14 11:50:01+02;1539
2014-10-14 15:02:01+02;1509
2014-10-14 23:06:01+02;1549
2014-10-15 14:22:01+02;1539
2014-10-15 16:18:01+02;1529
2014-10-15 18:02:01+02;1499
2014-10-15 23:06:01+02;1539
2014-10-16 11:46:01+02;1519
2014-10-16 15:58:01+02;1479
2014-10-16 17:42:01+02;1469
2014-10-16 18:22:01+02;1459
2014-10-16 23:10:01+02;1509
2014-10-17 10:38:01+02;1509
2014-10-17 23:06:01+02;1549
2014-10-18 10:30:01+02;1489
2014-10-18 11:50:01+02;1479
2014-10-18 23:06:01+02;1519
2014-10-19 10:38:01+02;1509
2014-10-19 11:42:01+02;1499
2014-10-19 14:18:01+02;1459
2014-10-19 15:42:01+02;1449
2014-10-19 16:14:01+02;1419
2014-10-19 23:06:01+02;1509
2014-10-20 13:46:01+02;1489
2014-10-20 15:06:01+02;1479
2014-10-20 16:10:01+02;1459
2014-10-20 17:18:01+02;1449
2014-10-20 23:06:01+02;1489
2014-10-21 07:18:01+02;1459
2014-10-21 14:42:01+02;1449
2014-10-21 16:54:01+02;1439
2014-10-21 23:06:01+02;1499
2014-10-22 10:54:01+02;1489
2014-10-22 13:42:01+02;1469
2014-10-22 15:22:01+02;1469
2014-10-22 15:54:01+02;1469
2014-10-22 17:54:01+02;1449
2014-10-22 18:54:01+02;1439
2014-10-22 23:06:01+02;1509
2014-10-23 10:26:01+02;1499
2014-10-23 13:34:01+02;1459
2014-10-23 14:30:01+02;1449
2014-10-23 15:46:01+02;1439
2014-10-23 17:26:01+02;1429
2014-10-23 18:54:01+02;1419
2014-10-23 23:06:01+02;1499
2014-10-24 08:42:01+02;1499
2014-10-24 13:14:01+02;1499
2014-10-24 14:42:01+02;1479
2014-10-24 16:42:01+02;1449
2014-10-24 17:18:01+02;1419
2014-10-24 23:06:01+02;1509
2014-10-25 10:26:01+02;1489
2014-10-25 11:22:01+02;1489
2014-10-25 14:10:01+02;1489
2014-10-25 14:54:01+02;1459
2014-10-25 15:22:01+02;1449
2014-10-25 17:06:01+02;1439
2014-10-25 17:54:01+02;1419
2014-10-25 23:06:01+02;1509
2014-10-26 10:58:01+01;1499
2014-10-26 13:26:01+01;1459
2014-10-26 14:18:01+01;1449
2014-10-26 15:30:01+01;1439
2014-10-26 17:34:01+01;1419
2014-10-26 23:06:01+01;1509
2014-10-27 11:18:01+01;1499
2014-10-27 14:38:01+01;1489
2014-10-27 15:38:01+01;1449
2014-10-27 17:18:01+01;1419
2014-10-27 23:06:01+01;1509
2014-10-28 11:26:01+01;1459
2014-10-28 14:34:01+01;1449
2014-10-28 15:18:01+01;1439
2014-10-28 17:42:01+01;1419
2014-10-28 18:54:01+01;1419
2014-10-28 23:06:01+01;1499
2014-10-29 12:18:01+01;1499
2014-10-29 23:06:01+01;1539
2014-10-30 08:18:01+01;1519
2014-10-30 09:26:01+01;1499
2014-10-30 13:38:01+01;1499
2014-10-30 14:42:01+01;1459
2014-10-30 15:30:01+01;1449
2014-10-30 17:50:01+01;1439
2014-10-30 18:22:01+01;1429
2014-10-30 23:06:01+01;1509
2014-10-31 08:34:01+01;1509
2014-10-31 10:54:01+01;1499
2014-10-31 14:58:01+01;1499
2014-10-31 16:46:01+01;1489
2014-10-31 23:06:01+01;1529
2014-11-01 09:50:01+01;1529
2014-11-01 11:42:01+01;1519
2014-11-01 16:38:01+01;1479
2014-11-01 17:58:01+01;1459
2014-11-01 23:10:01+01;1519
2014-11-02 09:50:01+01;1479
2014-11-02 12:22:01+01;1459
2014-11-02 13:14:01+01;1439
2014-11-02 14:54:01+01;1429
2014-11-02 16:22:01+01;1419
2014-11-02 22:06:01+01;1519
2014-11-03 06:54:01+01;1499
2014-11-03 12:22:01+01;1489
2014-11-03 13:38:01+01;1489
2014-11-03 15:34:01+01;1479
2014-11-03 16:50:01+01;1459
2014-11-03 16:54:01+01;1449
2014-11-03 21:17:00+01;1449
2014-11-03 23:05:00+01;1509
2014-11-04 08:29:00+01;1509
2014-11-04 11:41:00+01;1499
2014-11-04 14:57:00+01;1469
2014-11-04 18:41:00+01;1459
2014-11-04 23:05:00+01;1509
2014-11-05 07:17:00+01;1509
2014-11-05 12:29:00+01;1499
2014-11-05 23:05:00+01;1549
2014-11-06 08:45:00+01;1529
2014-11-06 11:41:00+01;1509
2014-11-06 16:05:00+01;1499
2014-11-06 17:41:00+01;1489
2014-11-06 18:05:00+01;1449
2014-11-07 05:41:00+01;1509
2014-11-07 08:33:00+01;1459
2014-11-07 16:53:00+01;1449
2014-11-07 23:05:00+01;1509
2014-11-08 09:57:00+01;1509
2014-11-08 14:01:00+01;1499
2014-11-08 14:37:00+01;1489
2014-11-08 16:01:00+01;1469
2014-11-08 17:33:00+01;1459
2014-11-08 23:05:00+01;1509
2014-11-10 08:37:00+01;1449
2014-11-10 08:41:00+01;1509
2014-11-10 08:49:00+01;1499
2014-11-10 11:05:00+01;1499
2014-11-10 16:09:00+01;1479
2014-11-10 18:09:00+01;1469
2014-11-10 23:05:00+01;1519
2014-11-11 12:37:00+01;1509
2014-11-11 14:21:00+01;1499
2014-11-11 15:37:00+01;1489
2014-11-11 18:13:00+01;1479
2014-11-11 18:41:00+01;1459
2014-11-11 18:57:00+01;1449
2014-11-11 23:05:00+01;1509
2014-11-12 10:57:00+01;1479
2014-11-12 13:53:00+01;1469
2014-11-12 14:37:00+01;1459
2014-11-12 17:17:00+01;1429
2014-11-12 23:05:00+01;1509
2014-11-13 13:57:00+01;1489
2014-11-13 14:33:00+01;1479
2014-11-13 15:05:00+01;1469
2014-11-13 17:33:00+01;1459
2014-11-13 18:17:00+01;1449
2014-11-13 23:05:00+01;1519
2014-11-14 12:13:00+01;1509
2014-11-14 14:41:00+01;1489
2014-11-14 15:33:00+01;1469
2014-11-14 16:57:00+01;1449
2014-11-15 08:41:00+01;1499
2014-11-15 11:09:00+01;1439
2014-11-15 13:45:00+01;1429
2014-11-15 15:01:00+01;1419
2014-11-15 16:05:00+01;1419
2014-11-15 23:05:00+01;1499
2014-11-16 09:13:00+01;1439
2014-11-16 10:41:00+01;1409
2014-11-16 17:13:00+01;1409
2014-11-16 17:37:00+01;1399
2014-11-16 23:05:00+01;1499
2014-11-17 11:05:00+01;1499
2014-11-17 11:09:00+01;1429
2014-11-17 14:29:00+01;1429
2014-11-17 23:05:00+01;1489
2014-11-18 13:37:00+01;1489
2014-11-18 15:13:00+01;1469
2014-11-18 23:05:00+01;1509
2014-11-19 11:21:00+01;1499
2014-11-19 12:17:00+01;1479
2014-11-19 23:05:00+01;1519
2014-11-20 09:57:00+01;1459
2014-11-20 10:45:00+01;1449
2014-11-20 13:41:00+01;1439
2014-11-20 14:33:00+01;1429
2014-11-20 17:17:00+01;1419
2014-11-20 17:45:00+01;1409
2014-11-20 23:05:00+01;1489
2014-11-21 13:45:00+01;1479
2014-11-21 14:25:00+01;1469
2014-11-21 15:21:00+01;1469
2014-11-21 16:29:00+01;1429
2014-11-21 18:21:00+01;1419
2014-11-21 23:05:00+01;1489
2014-11-22 07:45:00+01;1479
2014-11-22 10:41:00+01;1459
2014-11-22 13:41:00+01;1449
2014-11-22 15:09:00+01;1429
2014-11-22 16:33:00+01;1419
2014-11-22 17:33:00+01;1419
2014-11-22 23:05:00+01;1489
2014-11-23 14:01:00+01;1439
2014-11-23 15:29:00+01;1419
2014-11-23 16:09:00+01;1419
2014-11-23 16:37:00+01;1399
2014-11-23 16:53:00+01;1399
2014-11-23 23:05:00+01;1489
2014-11-24 11:41:00+01;1479
2014-11-24 17:05:00+01;1469
2014-11-24 17:45:00+01;1439
2014-11-24 23:05:00+01;1489
2014-11-25 07:17:00+01;1449
2014-11-25 09:45:00+01;1439
2014-11-25 16:29:00+01;1429
2014-11-25 23:05:00+01;1489
2014-11-26 13:05:00+01;1479
2014-11-26 16:57:00+01;1479
2014-11-26 17:29:00+01;1419
2014-11-26 19:01:00+01;1409
2014-11-26 23:05:00+01;1479
2014-11-27 15:01:00+01;1469
2014-11-27 15:29:00+01;1449
2014-11-27 17:13:00+01;1409
2014-11-27 23:05:00+01;1469
2014-11-28 14:33:00+01;1469
2014-11-28 15:01:00+01;1469
2014-11-28 17:33:00+01;1469
2014-11-28 17:45:00+01;1459
2014-11-28 17:57:00+01;1409
2014-11-28 23:05:00+01;1459
2014-11-29 12:17:00+01;1449
2014-11-29 14:05:00+01;1429
2014-11-29 16:05:00+01;1429
2014-11-29 17:01:00+01;1409
2014-11-29 17:29:00+01;1389
2014-11-29 23:05:00+01;1459
2014-11-30 08:45:00+01;1459
2014-11-30 09:57:00+01;1419
2014-11-30 10:41:00+01;1399
2014-11-30 10:53:00+01;1389
2014-11-30 11:01:00+01;1379
2014-11-30 23:09:00+01;1459
2014-12-01 09:22:00+01;1439
2014-12-01 14:40:00+01;1409
2014-12-01 16:41:00+01;1399
2014-12-01 17:53:00+01;1389
2014-12-01 23:05:00+01;1439
2014-12-02 13:28:00+01;1399
2014-12-02 14:29:00+01;1389
2014-12-02 15:37:00+01;1379
2014-12-02 23:05:00+01;1439
2014-12-03 08:33:00+01;1439
2014-12-03 10:21:00+01;1409
2014-12-03 13:41:00+01;1399
2014-12-03 16:05:00+01;1379
2014-12-03 17:49:00+01;1379
2014-12-03 23:05:00+01;1429
2014-12-04 07:17:00+01;1419
2014-12-04 09:57:00+01;1369
2014-12-04 13:05:00+01;1359
2014-12-04 14:45:00+01;1359
2014-12-04 15:29:00+01;1359
2014-12-04 15:45:00+01;1349
2014-12-04 17:13:00+01;1339
2014-12-04 18:37:00+01;1329
2014-12-04 23:05:00+01;1439
2014-12-05 09:29:00+01;1419
2014-12-05 13:01:00+01;1419
2014-12-05 14:37:00+01;1379
2014-12-05 16:13:00+01;1359
2014-12-05 16:17:00+01;1359
2014-12-05 18:21:00+01;1349
2014-12-05 23:05:00+01;1419
2014-12-06 14:01:00+01;1409
2014-12-06 14:29:00+01;1389
2014-12-06 15:17:00+01;1379
2014-12-06 16:17:00+01;1369
2014-12-06 16:29:00+01;1359
2014-12-06 17:05:00+01;1339
2014-12-07 14:29:00+01;1319
2014-12-08 00:09:00+01;1419
2014-12-08 08:17:00+01;1379
2014-12-08 17:21:00+01;1369
2014-12-08 23:05:00+01;1409
2014-12-09 12:53:00+01;1389
2014-12-09 14:45:00+01;1359
2014-12-09 15:17:00+01;1349
2014-12-09 18:17:00+01;1349
2014-12-09 19:01:00+01;1339
2014-12-09 23:05:00+01;1399
2014-12-10 12:45:00+01;1399
2014-12-10 14:33:00+01;1369
2014-12-10 15:33:00+01;1349
2014-12-10 16:25:00+01;1339
2014-12-10 16:33:00+01;1339
2014-12-10 16:53:00+01;1339
2014-12-10 18:53:00+01;1329
2014-12-10 23:05:00+01;1389
2014-12-11 10:09:00+01;1389
2014-12-11 10:53:00+01;1369
2014-12-11 11:37:00+01;1359
2014-12-11 12:29:00+01;1349
2014-12-11 12:53:00+01;1339
2014-12-11 16:57:00+01;1339
2014-12-11 17:29:00+01;1329
2014-12-11 23:05:00+01;1379
2014-12-12 08:17:00+01;1369
2014-12-12 08:45:00+01;1349
2014-12-12 11:05:00+01;1329
2014-12-12 13:05:00+01;1319
2014-12-12 15:57:00+01;1309
2014-12-12 23:05:00+01;1379
2014-12-13 07:49:00+01;1359
2014-12-13 09:21:00+01;1349
2014-12-13 09:25:00+01;1339
2014-12-13 09:53:00+01;1319
2014-12-13 10:05:00+01;1309
2014-12-13 10:13:00+01;1309
2014-12-13 11:17:00+01;1299
2014-12-13 12:29:00+01;1289
2014-12-13 13:21:00+01;1279
2014-12-13 23:09:00+01;1379
2014-12-14 07:13:00+01;1379
2014-12-14 07:57:00+01;1369
2014-12-14 08:09:00+01;1359
2014-12-14 10:05:00+01;1319
2014-12-14 10:13:00+01;1319
2014-12-14 12:01:00+01;1299
2014-12-14 16:30:01+01;1299
2014-12-14 23:06:01+01;1379
2014-12-15 07:42:01+01;1369
2014-12-15 08:34:01+01;1359
2014-12-15 10:50:01+01;1349
2014-12-15 12:14:01+01;1339
2014-12-15 13:46:02+01;1329
2014-12-15 23:06:01+01;1379
2014-12-16 07:18:01+01;1369
2014-12-16 07:30:01+01;1349
2014-12-16 08:46:01+01;1339
2014-12-16 09:30:01+01;1329
2014-12-16 11:10:01+01;1319
2014-12-17 05:46:01+01;1379
2014-12-17 07:18:01+01;1369
2014-12-17 08:30:01+01;1359
2014-12-17 09:14:01+01;1329
2014-12-17 09:42:01+01;1319
2014-12-17 10:50:01+01;1309
2014-12-17 13:50:01+01;1309
2014-12-17 15:42:01+01;1309
2014-12-17 23:06:01+01;1359
2014-12-18 08:10:01+01;1349
2014-12-18 10:06:01+01;1339
2014-12-18 13:30:01+01;1323
2014-12-18 13:34:01+01;1329
2014-12-18 16:26:01+01;1299
2014-12-18 23:06:01+01;1369
2014-12-19 07:46:01+01;1359
2014-12-19 08:54:01+01;1349
2014-12-19 09:38:01+01;1329
2014-12-19 09:54:01+01;1319
2014-12-19 12:22:01+01;1309
2014-12-19 18:58:01+01;1279
2014-12-19 23:06:01+01;1369
2014-12-20 07:18:01+01;1359
2014-12-20 09:50:01+01;1349
2014-12-20 13:54:01+01;1299
2014-12-20 14:54:01+01;1289
2014-12-20 16:58:01+01;1269
2014-12-20 23:06:01+01;1369
2014-12-21 08:22:01+01;1359
2014-12-21 09:38:01+01;1329
2014-12-21 15:02:01+01;1289
2014-12-21 15:42:01+01;1269
2014-12-21 23:06:01+01;1369
2014-12-22 07:18:01+01;1329
2014-12-22 07:50:01+01;1319
2014-12-22 09:18:01+01;1309
2014-12-22 13:10:01+01;1299
2014-12-22 15:38:01+01;1289
2014-12-22 23:06:01+01;1379
2014-12-23 07:58:01+01;1359
2014-12-23 09:14:01+01;1339
2014-12-23 10:06:01+01;1329
2014-12-23 10:18:01+01;1319
2014-12-23 14:18:01+01;1309
2014-12-23 16:58:01+01;1299
2014-12-23 23:06:01+01;1359
2014-12-24 07:18:01+01;1349
2014-12-24 09:14:01+01;1339
2014-12-24 10:34:01+01;1329
2014-12-24 13:02:01+01;1309
2014-12-24 14:42:01+01;1299
2014-12-24 15:30:01+01;1299
2014-12-24 23:06:01+01;1359
2014-12-25 07:26:01+01;1349
2014-12-25 08:22:01+01;1339
2014-12-25 10:10:01+01;1329
2014-12-25 11:42:01+01;1319
2014-12-25 14:46:01+01;1299
2014-12-25 17:46:01+01;1279
2014-12-25 23:06:01+01;1359
2014-12-26 08:14:01+01;1349
2014-12-26 09:42:01+01;1329
2014-12-26 14:38:01+01;1289
2014-12-26 15:18:01+01;1279
2014-12-26 15:46:01+01;1269
2014-12-26 16:26:01+01;1259
2014-12-26 23:06:01+01;1359
2014-12-27 08:34:01+01;1349
2014-12-27 10:14:01+01;1329
2014-12-27 11:22:01+01;1319
2014-12-27 14:58:01+01;1299
2014-12-27 15:42:01+01;1299
2014-12-27 15:50:01+01;1299
2014-12-27 16:10:01+01;1289
2014-12-27 18:06:01+01;1279
2014-12-27 23:06:01+01;1359
2014-12-28 07:38:01+01;1339
2014-12-28 11:02:01+01;1329
2014-12-28 13:22:01+01;1309
2014-12-28 15:30:01+01;1299
2014-12-28 16:10:01+01;1269
2014-12-28 17:18:01+01;1259
2014-12-28 23:06:01+01;1359
2014-12-29 08:10:01+01;1329
2014-12-29 09:54:01+01;1319
2014-12-29 11:58:01+01;1309
2014-12-29 14:10:01+01;1299
2014-12-29 16:30:01+01;1279
2014-12-29 23:06:01+01;1357
2014-12-30 08:26:01+01;1349
2014-12-30 10:46:01+01;1329
2014-12-30 10:54:01+01;1299
2014-12-30 16:58:01+01;1279
2014-12-30 23:06:01+01;1339
2014-12-31 08:02:01+01;1329
2014-12-31 08:54:01+01;1319
2014-12-31 10:10:01+01;1309
2014-12-31 11:22:01+01;1299
2014-12-31 13:46:01+01;1289
2014-12-31 14:34:01+01;1279
2014-12-31 17:50:01+01;1279
2014-12-31 23:06:01+01;1339
2015-01-01 08:22:01+01;1329
2015-01-01 10:10:01+01;1319
2015-01-01 11:26:01+01;1309
2015-01-01 13:34:01+01;1299
2015-01-01 23:06:01+01;1339
2015-01-02 07:58:01+01;1339
2015-01-02 08:18:01+01;1329
2015-01-02 09:30:01+01;1319
2015-01-02 10:26:03+01;1309
2015-01-02 12:38:01+01;1299
2015-01-02 14:06:01+01;1299
2015-01-02 14:34:01+01;1279
2015-01-02 23:06:01+01;1349
2015-01-03 07:18:01+01;1349
2015-01-03 09:54:01+01;1339
2015-01-03 11:42:01+01;1339
2015-01-03 13:06:01+01;1339
2015-01-03 16:10:01+01;1309
2015-01-03 18:10:01+01;1289
2015-01-03 23:06:01+01;1349
2015-01-04 07:18:01+01;1339
2015-01-04 10:38:01+01;1319
2015-01-04 14:42:01+01;1319
2015-01-04 16:42:01+01;1279
2015-01-04 17:42:01+01;1269
2015-01-04 23:06:01+01;1349
2015-01-05 07:18:01+01;1339
2015-01-05 09:06:01+01;1339
2015-01-05 09:22:01+01;1319
2015-01-05 14:14:01+01;1309
2015-01-05 18:02:01+01;1299
2015-01-05 23:06:01+01;1349
2015-01-06 07:18:01+01;1349
2015-01-06 07:50:01+01;1329
2015-01-06 08:50:01+01;1329
2015-01-06 10:06:01+01;1329
2015-01-06 11:34:01+01;1319
2015-01-06 16:58:01+01;1259
2015-01-06 23:06:01+01;1349
2015-01-07 07:18:01+01;1339
2015-01-07 08:42:01+01;1329
2015-01-07 09:26:01+01;1329
2015-01-07 09:54:01+01;1319
2015-01-07 10:42:01+01;1299
2015-01-07 16:22:01+01;1289
2015-01-07 17:54:01+01;1279
2015-01-07 18:42:01+01;1249
2015-01-07 23:06:01+01;1349
2015-01-08 07:22:01+01;1329
2015-01-08 09:06:01+01;1329
2015-01-08 12:54:01+01;1329
2015-01-08 14:06:01+01;1319
2015-01-08 14:42:01+01;1289
2015-01-08 15:38:01+01;1259
2015-01-08 16:02:01+01;1259
2015-01-08 18:02:01+01;1259
2015-01-08 23:06:01+01;1349
2015-01-09 09:50:01+01;1319
2015-01-09 10:22:01+01;1289
2015-01-09 11:10:01+01;1279
2015-01-09 14:06:01+01;1269
2015-01-09 16:34:01+01;1269
2015-01-09 23:06:02+01;1339
2015-01-10 07:26:01+01;1329
2015-01-10 08:10:01+01;1319
2015-01-10 09:06:01+01;1309
2015-01-10 14:54:01+01;1289
2015-01-10 16:42:01+01;1249
2015-01-10 18:10:01+01;1239
2015-01-10 23:06:01+01;1339
2015-01-11 07:18:01+01;1319
2015-01-11 08:22:01+01;1309
2015-01-11 10:26:01+01;1299
2015-01-11 15:18:01+01;1269
2015-01-11 17:42:01+01;1259
2015-01-11 23:06:01+01;1339
2015-01-12 07:30:01+01;1319
2015-01-12 07:54:01+01;1309
2015-01-12 08:58:01+01;1299
2015-01-12 10:06:01+01;1299
2015-01-12 11:02:01+01;1289
2015-01-12 12:06:01+01;1279
2015-01-12 13:06:01+01;1269
2015-01-12 23:06:01+01;1319
2015-01-13 07:18:01+01;1309
2015-01-13 08:18:01+01;1299
2015-01-13 09:14:01+01;1289
2015-01-13 10:58:01+01;1279
2015-01-13 15:46:01+01;1259
2015-01-13 23:06:01+01;1319
2015-01-14 07:18:01+01;1309
2015-01-14 08:26:01+01;1299
2015-01-14 09:42:01+01;1289
2015-01-14 11:06:01+01;1279
2015-01-14 12:02:01+01;1269
2015-01-14 12:30:01+01;1259
2015-01-14 13:34:01+01;1249
2015-01-14 16:58:01+01;1239
2015-01-14 23:06:01+01;1319
2015-01-15 07:18:01+01;1309
2015-01-15 08:42:01+01;1289
2015-01-15 09:54:01+01;1279
2015-01-15 13:02:01+01;1269
2015-01-15 14:10:01+01;1259
2015-01-15 15:14:01+01;1239
2015-01-15 15:54:01+01;1229
2015-01-15 17:22:01+01;1219
2015-01-15 23:06:01+01;1339
2015-01-16 07:18:01+01;1309
2015-01-16 07:42:01+01;1299
2015-01-16 09:06:01+01;1259
2015-01-16 12:02:01+01;1249
2015-01-16 13:54:01+01;1239
2015-01-16 13:58:01+01;1249
2015-01-16 16:42:01+01;1229
2015-01-16 17:30:01+01;1219
2015-01-16 23:06:01+01;1339
2015-01-17 07:18:01+01;1309
2015-01-17 08:18:01+01;1309
2015-01-17 09:30:01+01;1299
2015-01-17 10:18:01+01;1289
2015-01-17 11:06:01+01;1279
2015-01-17 16:18:01+01;1249
2015-01-17 17:54:01+01;1229
2015-01-18 16:54:01+01;1339
2015-01-18 17:06:01+01;1309
2015-01-18 17:34:01+01;1219
2015-01-19 21:06:01+01;1339
2015-01-20 07:22:01+01;1309
2015-01-20 09:26:01+01;1299
2015-01-20 10:46:01+01;1289
2015-01-20 13:38:01+01;1229
2015-01-20 23:06:01+01;1319
2015-01-21 07:18:02+01;1299
2015-01-21 08:14:01+01;1289
2015-01-21 09:34:01+01;1279
2015-01-21 10:42:01+01;1269
2015-01-21 11:54:01+01;1259
2015-01-21 23:06:01+01;1319
2015-01-22 07:22:01+01;1309
2015-01-22 07:46:01+01;1279
2015-01-22 08:58:01+01;1259
2015-01-22 09:14:01+01;1249
2015-01-22 09:54:01+01;1229
2015-01-22 11:54:01+01;1219
2015-01-22 23:06:01+01;1319
2015-01-23 07:18:01+01;1299
2015-01-23 07:34:01+01;1299
2015-01-23 09:06:01+01;1289
2015-01-23 10:18:01+01;1279
2015-01-23 12:26:01+01;1269
2015-01-23 16:34:01+01;1239
2015-01-23 17:58:01+01;1229
2015-01-23 23:06:01+01;1319
2015-01-24 07:18:01+01;1309
2015-01-24 08:06:01+01;1299
2015-01-24 09:38:01+01;1289
2015-01-24 11:30:01+01;1279
2015-01-24 14:22:01+01;1279
2015-01-24 14:42:01+01;1259
2015-01-24 16:58:01+01;1249
2015-01-24 17:30:01+01;1239
2015-01-24 23:06:01+01;1319
2015-01-25 07:22:02+01;1309
2015-01-25 08:26:01+01;1299
2015-01-25 10:42:01+01;1259
2015-01-25 10:58:01+01;1229
2015-01-25 15:06:01+01;1229
2015-01-25 23:06:01+01;1319
2015-01-26 07:46:01+01;1309
2015-01-26 08:46:01+01;1299
2015-01-26 10:02:01+01;1289
2015-01-26 11:58:01+01;1279
2015-01-26 15:50:01+01;1259
2015-01-26 23:06:01+01;1319
2015-01-27 07:34:01+01;1309
2015-01-27 09:06:01+01;1299
2015-01-27 10:06:01+01;1289
2015-01-27 11:06:01+01;1279
2015-01-27 17:18:01+01;1269
2015-01-27 23:06:01+01;1319
2015-01-28 07:18:01+01;1309
2015-01-28 08:10:01+01;1249
2015-01-28 15:34:01+01;1239
2015-01-28 23:06:01+01;1319
2015-01-29 08:42:01+01;1299
2015-01-29 11:54:01+01;1289
2015-01-29 13:14:01+01;1279
2015-01-29 14:46:01+01;1269
2015-01-29 18:22:01+01;1259
2015-01-29 23:06:01+01;1319
2015-01-30 08:10:01+01;1309
2015-01-30 09:02:01+01;1299
2015-01-30 10:02:01+01;1289
2015-01-30 12:18:01+01;1279
2015-01-30 14:42:01+01;1259
2015-01-30 18:58:01+01;1249
2015-01-30 23:06:01+01;1339
2015-01-31 09:54:01+01;1309
2015-01-31 14:42:01+01;1269
2015-01-31 23:06:01+01;1339
2015-02-01 09:02:01+01;1319
2015-02-01 09:30:01+01;1319
2015-02-01 10:54:01+01;1309
2015-02-01 12:22:01+01;1279
2015-02-01 15:58:01+01;1269
2015-02-01 16:34:01+01;1259
2015-02-01 18:06:01+01;1249
2015-02-01 23:06:01+01;1339
2015-02-02 07:18:01+01;1319
2015-02-02 08:18:01+01;1299
2015-02-02 12:54:01+01;1279
2015-02-02 23:06:01+01;1359
2015-02-03 08:14:01+01;1329
2015-02-03 10:30:01+01;1319
2015-02-03 12:06:01+01;1299
2015-02-03 16:54:01+01;1299
2015-02-03 23:06:01+01;1379
2015-02-04 07:34:01+01;1339
2015-02-04 10:06:01+01;1329
2015-02-04 11:42:01+01;1319
2015-02-04 12:06:02+01;1309
2015-02-04 23:06:01+01;1379
2015-02-05 07:34:01+01;1349
2015-02-05 08:54:01+01;1339
2015-02-05 10:18:01+01;1329
2015-02-05 13:46:01+01;1309
2015-02-05 17:18:01+01;1289
2015-02-05 17:54:01+01;1279
2015-02-05 23:06:01+01;1369
2015-02-06 07:18:01+01;1349
2015-02-06 08:38:01+01;1339
2015-02-06 09:22:01+01;1329
2015-02-06 11:58:01+01;1319
2015-02-06 12:50:01+01;1309
2015-02-06 15:02:01+01;1299
2015-02-06 16:18:01+01;1289
2015-02-06 23:06:01+01;1379
2015-02-07 08:42:01+01;1369
2015-02-07 10:42:01+01;1349
2015-02-07 11:38:01+01;1339
2015-02-07 13:54:01+01;1329
2015-02-07 14:14:01+01;1319
2015-02-07 14:58:01+01;1309
2015-02-07 15:38:01+01;1299
2015-02-07 16:18:01+01;1289
2015-02-07 17:26:01+01;1279
2015-02-07 23:06:01+01;1379
2015-02-08 08:10:01+01;1369
2015-02-08 09:38:01+01;1339
2015-02-08 11:50:01+01;1319
2015-02-08 13:34:01+01;1299
2015-02-08 13:42:01+01;1299
2015-02-08 23:06:01+01;1379
2015-02-09 08:38:01+01;1359
2015-02-09 09:22:01+01;1349
2015-02-09 11:54:01+01;1339
2015-02-09 12:22:01+01;1329
2015-02-09 14:18:01+01;1319
2015-02-09 17:22:01+01;1309
2015-02-09 23:06:01+01;1379
2015-02-10 07:14:01+01;1369
2015-02-10 08:10:01+01;1359
2015-02-10 09:02:01+01;1309
2015-02-10 11:26:01+01;1299
2015-02-10 15:26:01+01;1289
2015-02-10 23:06:01+01;1369
2015-02-11 07:42:01+01;1359
2015-02-11 08:50:01+01;1349
2015-02-11 10:18:01+01;1339
2015-02-11 12:22:01+01;1329
2015-02-11 13:14:01+01;1329
2015-02-11 15:02:01+01;1309
2015-02-11 23:06:01+01;1369
2015-02-12 07:50:01+01;1359
2015-02-12 09:14:01+01;1349
2015-02-12 10:42:01+01;1339
2015-02-12 11:46:01+01;1329
2015-02-12 15:26:01+01;1329
2015-02-12 16:46:01+01;1319
2015-02-12 17:26:01+01;1319
2015-02-12 17:54:01+01;1309
2015-02-12 23:06:01+01;1369
2015-02-13 08:02:02+01;1359
2015-02-13 09:14:01+01;1349
2015-02-13 10:34:01+01;1339
2015-02-13 12:34:01+01;1329
2015-02-13 15:54:01+01;1329
2015-02-13 16:26:01+01;1309
2015-02-13 23:06:01+01;1389
2015-02-14 09:10:01+01;1359
2015-02-14 10:58:01+01;1349
2015-02-14 12:50:01+01;1339
2015-02-14 13:54:01+01;1319
2015-02-14 15:34:01+01;1309
2015-02-14 23:06:01+01;1389
2015-02-15 07:34:01+01;1379
2015-02-15 09:30:01+01;1369
2015-02-15 11:42:01+01;1359
2015-02-15 15:26:01+01;1339
2015-02-15 16:02:01+01;1329
2015-02-15 18:06:01+01;1309
2015-02-15 23:06:01+01;1389
2015-02-16 07:38:01+01;1379
2015-02-16 09:26:01+01;1369
2015-02-16 11:58:01+01;1359
2015-02-16 13:22:01+01;1349
2015-02-16 17:22:01+01;1349
2015-02-16 23:06:01+01;1389
2015-02-17 07:50:01+01;1379
2015-02-17 08:50:01+01;1369
2015-02-17 10:06:01+01;1359
2015-02-17 16:38:01+01;1339
2015-02-17 23:06:01+01;1399
2015-02-18 07:46:01+01;1389
2015-02-18 08:42:01+01;1379
2015-02-18 09:38:02+01;1369
2015-02-18 10:50:01+01;1359
2015-02-18 12:14:01+01;1349
2015-02-18 15:42:02+01;1349
2015-02-18 16:06:01+01;1339
2015-02-18 16:46:01+01;1329
2015-02-18 23:06:01+01;1389
2015-02-19 07:18:01+01;1379
2015-02-19 09:14:01+01;1379
2015-02-19 10:46:01+01;1379
2015-02-19 12:46:01+01;1359
2015-02-19 14:10:01+01;1349
2015-02-19 14:30:01+01;1339
2015-02-19 17:14:01+01;1329
2015-02-19 18:58:01+01;1319
2015-02-19 23:06:01+01;1379
2015-02-20 08:26:01+01;1369
2015-02-20 11:22:01+01;1339
2015-02-20 11:34:02+01;1299
2015-02-20 16:34:01+01;1299
2015-02-20 23:06:01+01;1379
2015-02-21 07:18:01+01;1369
2015-02-21 08:06:01+01;1359
2015-02-21 09:42:01+01;1349
2015-02-21 13:50:02+01;1329
2015-02-21 16:22:01+01;1299
2015-02-21 23:06:01+01;1379
2015-02-22 07:18:01+01;1369
2015-02-22 10:26:01+01;1359
2015-02-22 11:46:01+01;1349
2015-02-22 13:26:01+01;1339
2015-02-22 15:42:01+01;1329
2015-02-22 23:06:01+01;1379
2015-02-23 07:18:01+01;1369
2015-02-23 08:38:01+01;1359
2015-02-23 09:58:01+01;1349
2015-02-23 10:58:01+01;1349
2015-02-23 11:46:01+01;1349
2015-02-23 15:42:01+01;1339
2015-02-23 23:06:01+01;1399
2015-02-24 07:18:01+01;1389
2015-02-24 10:06:01+01;1379
2015-02-24 11:22:01+01;1389
2015-02-24 11:38:01+01;1359
2015-02-24 14:46:01+01;1349
2015-02-24 15:46:01+01;1339
2015-02-24 23:06:01+01;1399
2015-02-25 01:26:01+01;1399
2015-02-25 09:18:01+01;1399
2015-02-25 09:30:01+01;1319
2015-02-25 16:34:01+01;1319
2015-02-25 23:06:01+01;1379
2015-02-26 12:46:01+01;1329
2015-02-26 13:30:01+01;1319
2015-02-26 23:06:01+01;1399
2015-02-27 08:18:01+01;1399
2015-02-27 11:22:01+01;1399
2015-02-27 12:54:01+01;1379
2015-02-27 13:42:01+01;1359
2015-02-27 14:54:01+01;1349
2015-02-27 18:34:01+01;1329
2015-02-27 23:06:01+01;1409
2015-02-28 08:26:01+01;1409
2015-02-28 08:58:01+01;1329
2015-02-28 09:02:01+01;1329
2015-02-28 23:06:01+01;1409
2015-03-01 08:54:01+01;1329
2015-03-01 23:06:01+01;1409
2015-03-02 08:18:01+01;1349
2015-03-02 23:06:01+01;1419
2015-03-03 09:30:01+01;1409
2015-03-03 12:18:01+01;1369
2015-03-03 14:18:01+01;1369
2015-03-03 17:58:01+01;1349
2015-03-03 23:06:01+01;1419
2015-03-04 11:38:01+01;1419
2015-03-04 12:02:01+01;1409
2015-03-04 13:06:01+01;1389
2015-03-04 14:10:01+01;1359
2015-03-04 18:54:01+01;1339
2015-03-04 23:06:01+01;1419
2015-03-05 12:26:01+01;1389
2015-03-05 13:30:01+01;1369
2015-03-05 23:06:01+01;1419
2015-03-06 11:10:01+01;1419
2015-03-06 15:30:01+01;1379
2015-03-06 15:58:01+01;1369
2015-03-06 17:06:01+01;1369
2015-03-06 23:06:01+01;1419
2015-03-07 12:22:01+01;1379
2015-03-07 14:10:01+01;1369
2015-03-07 16:58:01+01;1369
2015-03-07 23:06:01+01;1419
2015-03-08 11:10:01+01;1419
2015-03-08 13:38:01+01;1399
2015-03-08 14:46:01+01;1369
2015-03-08 16:30:01+01;1369
2015-03-08 23:06:01+01;1419
2015-03-09 09:18:01+01;1419
2015-03-09 12:18:01+01;1419
2015-03-09 12:42:01+01;1399
2015-03-09 15:26:01+01;1399
2015-03-09 16:42:01+01;1379
2015-03-09 17:18:01+01;1359
2015-03-09 23:06:01+01;1449
2015-03-10 07:58:01+01;1449
2015-03-10 08:50:01+01;1429
2015-03-10 11:10:01+01;1419
2015-03-10 12:10:01+01;1399
2015-03-10 13:42:01+01;1389
2015-03-10 16:38:01+01;1369
2015-03-10 23:06:01+01;1449
2015-03-11 08:18:01+01;1449
2015-03-11 09:58:01+01;1419
2015-03-11 10:54:01+01;1419
2015-03-11 12:46:01+01;1419
2015-03-11 13:46:01+01;1399
2015-03-11 15:30:01+01;1399
2015-03-11 16:38:01+01;1389
2015-03-11 17:54:01+01;1379
2015-03-11 19:02:01+01;1359
2015-03-11 23:06:01+01;1439
2015-03-12 08:18:01+01;1439
2015-03-12 09:30:01+01;1439
2015-03-12 11:38:01+01;1419
2015-03-12 13:54:01+01;1409
2015-03-12 15:58:01+01;1399
2015-03-12 17:02:01+01;1399
2015-03-12 17:14:01+01;1389
2015-03-12 18:06:01+01;1379
2015-03-12 18:14:01+01;1369
2015-03-12 18:58:01+01;1359
2015-03-12 23:06:01+01;1449
2015-03-13 09:06:01+01;1449
2015-03-13 10:22:01+01;1429
2015-03-13 13:14:01+01;1419
2015-03-13 15:42:01+01;1409
2015-03-13 16:02:01+01;1399
2015-03-13 16:34:01+01;1379
2015-03-13 17:22:01+01;1369
2015-03-13 18:06:01+01;1359
2015-03-13 19:06:01+01;1359
2015-03-13 23:06:01+01;1439
2015-03-14 09:14:01+01;1439
2015-03-14 12:46:01+01;1429
2015-03-14 15:58:01+01;1419
2015-03-14 16:30:01+01;1399
2015-03-14 23:06:01+01;1449
2015-03-15 10:14:01+01;1449
2015-03-15 11:42:01+01;1439
2015-03-15 16:06:01+01;1399
2015-03-15 23:06:01+01;1439
2015-03-16 08:18:01+01;1439
2015-03-16 11:38:01+01;1429
2015-03-16 12:42:01+01;1429
2015-03-16 13:18:01+01;1409
2015-03-16 16:18:01+01;1389
2015-03-16 23:06:01+01;1439
2015-03-17 08:30:01+01;1439
2015-03-17 11:30:01+01;1419
2015-03-17 12:26:01+01;1409
2015-03-17 15:06:01+01;1399
2015-03-17 16:30:01+01;1389
2015-03-17 18:22:01+01;1379
2015-03-17 23:06:01+01;1429
2015-03-18 08:30:01+01;1429
2015-03-18 10:50:01+01;1429
2015-03-18 11:54:01+01;1429
2015-03-18 13:22:01+01;1409
2015-03-18 14:06:01+01;1399
2015-03-18 16:18:01+01;1379
2015-03-18 18:06:01+01;1369
2015-03-18 23:06:01+01;1439
2015-03-19 08:18:01+01;1359
2015-03-19 18:54:01+01;1349
2015-03-19 23:06:01+01;1439
2015-03-20 08:06:01+01;1439
2015-03-20 08:38:01+01;1439
2015-03-20 09:38:01+01;1439
2015-03-20 11:34:01+01;1429
2015-03-20 13:26:01+01;1419
2015-03-20 13:42:01+01;1399
2015-03-20 16:42:01+01;1389
2015-03-20 18:14:01+01;1379
2015-03-20 23:06:01+01;1439
2015-03-21 09:54:02+01;1439
2015-03-21 14:06:01+01;1409
2015-03-21 15:10:01+01;1389
2015-03-21 23:06:01+01;1439
2015-03-22 11:10:01+01;1429
2015-03-22 14:02:01+01;1419
2015-03-22 15:06:01+01;1389
2015-03-22 16:34:01+01;1379
2015-03-22 23:06:01+01;1439
2015-03-23 08:38:01+01;1439
2015-03-23 10:54:01+01;1439
2015-03-23 11:38:01+01;1429
2015-03-23 13:30:01+01;1419
2015-03-23 14:30:01+01;1399
2015-03-23 23:06:01+01;1449
2015-03-24 08:46:01+01;1439
2015-03-24 09:22:01+01;1419
2015-03-24 10:42:01+01;1409
2015-03-24 14:26:01+01;1399
2015-03-24 17:02:01+01;1389
2015-03-24 23:06:01+01;1449
2015-03-25 09:30:01+01;1439
2015-03-25 10:38:01+01;1429
2015-03-25 12:42:01+01;1429
2015-03-25 13:46:01+01;1419
2015-03-25 15:46:01+01;1409
2015-03-25 17:54:01+01;1369
2015-03-25 23:06:01+01;1449
2015-03-26 08:22:01+01;1449
2015-03-26 09:58:01+01;1419
2015-03-26 10:50:01+01;1409
2015-03-26 13:42:01+01;1409
2015-03-26 15:54:01+01;1389
2015-03-26 17:14:01+01;1379
2015-03-26 18:30:01+01;1369
2015-03-26 23:06:01+01;1469
2015-03-27 08:18:01+01;1449
2015-03-27 09:42:01+01;1429
2015-03-27 09:50:01+01;1399
2015-03-27 11:18:01+01;1389
2015-03-27 16:46:01+01;1379
2015-03-27 23:06:01+01;1479
2015-03-28 08:14:01+01;1449
2015-03-28 11:14:01+01;1399
2015-03-28 11:18:01+01;1389
2015-03-28 15:14:01+01;1379
2015-03-28 16:14:01+01;1379
2015-03-28 17:46:01+01;1379
2015-03-28 23:06:01+01;1479
2015-03-29 08:18:01+02;1449
2015-03-29 08:38:01+02;1399
2015-03-29 10:34:01+02;1389
2015-03-29 11:18:01+02;1379
2015-03-29 23:06:01+02;1479
2015-03-30 08:18:01+02;1449
2015-03-30 09:14:01+02;1449
2015-03-30 09:30:01+02;1379
2015-03-30 23:06:01+02;1459
2015-03-31 08:30:01+02;1449
2015-03-31 09:46:01+02;1399
2015-03-31 10:38:01+02;1389
2015-03-31 23:06:01+02;1459
2015-04-01 08:26:01+02;1449
2015-04-01 09:58:01+02;1399
2015-04-01 11:14:01+02;1389
2015-04-01 12:42:01+02;1379
2015-04-01 23:06:01+02;1459
2015-04-02 08:38:01+02;1459
2015-04-02 09:30:01+02;1399
2015-04-02 10:22:01+02;1389
2015-04-02 23:06:01+02;1459
2015-04-03 09:02:01+02;1449
2015-04-03 10:10:01+02;1399
2015-04-03 10:42:01+02;1389
2015-04-03 12:18:01+02;1389
2015-04-03 14:46:01+02;1379
2015-04-03 23:06:01+02;1459
2015-04-04 08:30:01+02;1449
2015-04-04 09:38:01+02;1399
2015-04-04 11:18:01+02;1389
2015-04-04 14:26:01+02;1379
2015-04-04 15:46:01+02;1369
2015-04-04 16:18:01+02;1369
2015-04-04 23:06:01+02;1459
2015-04-05 09:18:01+02;1449
2015-04-05 11:42:01+02;1439
2015-04-05 14:06:01+02;1389
2015-04-05 16:06:01+02;1369
2015-04-05 23:06:01+02;1459
2015-04-06 09:02:01+02;1449
2015-04-06 10:30:01+02;1439
2015-04-06 12:58:01+02;1359
2015-04-06 23:06:01+02;1459
2015-04-07 08:18:01+02;1459
2015-04-07 10:06:01+02;1419
2015-04-07 10:30:01+02;1369
2015-04-07 11:26:01+02;1359
2015-04-07 23:06:01+02;1459
2015-04-08 08:26:01+02;1459
2015-04-08 10:02:01+02;1449
2015-04-08 11:42:02+02;1439
2015-04-08 13:22:01+02;1429
2015-04-08 16:30:01+02;1389
2015-04-08 23:26:01+02;1469
2015-04-09 09:18:01+02;1469
2015-04-09 10:26:01+02;1449
2015-04-09 15:18:01+02;1439
2015-04-09 17:30:01+02;1399
2015-04-09 23:06:01+02;1459
2015-04-10 10:02:01+02;1459
2015-04-10 12:10:01+02;1439
2015-04-10 12:38:01+02;1429
2015-04-10 15:34:01+02;1429
2015-04-10 15:42:01+02;1399
2015-04-10 23:06:01+02;1469
2015-04-11 08:30:01+02;1459
2015-04-11 13:38:01+02;1429
2015-04-11 14:30:01+02;1419
2015-04-11 16:30:01+02;1399
2015-04-11 17:10:01+02;1389
2015-04-11 23:06:01+02;1469
2015-04-12 08:46:01+02;1469
2015-04-12 13:02:01+02;1449
2015-04-12 14:30:01+02;1439
2015-04-12 16:06:01+02;1399
2015-04-12 17:38:01+02;1389
2015-04-12 23:06:01+02;1469
2015-04-13 08:14:01+02;1469
2015-04-13 09:02:01+02;1469
2015-04-13 09:54:01+02;1459
2015-04-13 13:54:01+02;1409
2015-04-13 14:30:01+02;1409
2015-04-13 17:06:01+02;1399
2015-04-13 23:06:01+02;1489
2015-04-14 08:54:01+02;1469
2015-04-14 12:42:01+02;1439
2015-04-14 13:06:01+02;1429
2015-04-14 15:26:01+02;1419
2015-04-14 18:30:01+02;1409
2015-04-14 23:06:01+02;1479
2015-04-15 08:02:01+02;1469
2015-04-15 12:18:01+02;1449
2015-04-15 14:14:01+02;1429
2015-04-15 16:42:01+02;1409
2015-04-15 23:06:01+02;1479
2015-04-16 09:06:01+02;1479
2015-04-16 09:46:01+02;1469
2015-04-16 10:50:01+02;1459
2015-04-16 11:58:01+02;1449
2015-04-16 14:26:01+02;1439
2015-04-16 16:06:01+02;1429
2015-04-16 23:06:01+02;1489
2015-04-17 08:54:01+02;1439
2015-04-17 09:26:01+02;1409
2015-04-17 23:06:01+02;1489
2015-04-18 08:30:01+02;1479
2015-04-18 10:18:01+02;1469
2015-04-18 10:54:01+02;1459
2015-04-18 11:58:01+02;1449
2015-04-18 13:30:01+02;1439
2015-04-18 14:54:01+02;1429
2015-04-18 23:06:01+02;1489
2015-04-19 10:18:01+02;1419
2015-04-19 14:42:01+02;1409
2015-04-19 23:06:01+02;1489
2015-04-20 10:54:01+02;1489
2015-04-20 13:02:01+02;1459
2015-04-20 14:54:01+02;1449
2015-04-20 15:42:01+02;1439
2015-04-20 18:06:01+02;1429
2015-04-20 23:06:01+02;1489
2015-04-21 08:38:01+02;1459
2015-04-21 11:18:01+02;1439
2015-04-21 15:42:01+02;1429
2015-04-21 23:06:01+02;1499
2015-04-22 08:14:01+02;1499
2015-04-22 11:10:01+02;1469
2015-04-22 14:06:01+02;1459
2015-04-22 14:50:01+02;1449
2015-04-22 16:06:01+02;1439
2015-04-22 23:06:01+02;1499
2015-04-23 08:18:01+02;1499
2015-04-23 09:02:01+02;1499
2015-04-23 10:10:01+02;1489
2015-04-23 11:42:01+02;1479
2015-04-23 13:38:01+02;1469
2015-04-23 14:30:01+02;1459
2015-04-23 16:18:01+02;1449
2015-04-23 17:30:01+02;1429
2015-04-23 23:06:01+02;1509
2015-04-24 08:02:02+02;1429
2015-04-24 23:06:01+02;1519
2015-04-25 08:06:01+02;1509
2015-04-25 09:06:01+02;1499
2015-04-25 12:34:01+02;1489
2015-04-25 13:34:01+02;1469
2015-04-25 14:10:01+02;1459
2015-04-25 15:50:01+02;1449
2015-04-25 23:06:01+02;1519
2015-04-26 10:26:01+02;1439
2015-04-26 12:30:01+02;1429
2015-04-26 23:06:01+02;1519
2015-04-27 08:34:01+02;1509
2015-04-27 08:58:01+02;1499
2015-04-27 12:26:01+02;1489
2015-04-27 12:46:01+02;1479
2015-04-27 15:30:01+02;1469
2015-04-27 15:58:01+02;1459
2015-04-27 17:58:01+02;1449
2015-04-27 23:06:01+02;1509
2015-04-28 12:34:01+02;1499
2015-04-28 12:54:01+02;1489
2015-04-28 16:14:01+02;1469
2015-04-28 18:58:01+02;1459
2015-04-28 23:06:01+02;1509
2015-04-29 09:06:01+02;1479
2015-04-29 10:10:01+02;1439
2015-04-29 12:54:01+02;1419
2015-04-29 23:06:01+02;1499
2015-04-30 11:22:01+02;1469
2015-04-30 13:02:01+02;1459
2015-04-30 17:42:01+02;1439
2015-04-30 23:06:01+02;1499
2015-05-01 11:46:01+02;1469
2015-05-01 11:58:01+02;1459
2015-05-01 14:14:01+02;1459
2015-05-01 14:22:01+02;1449
2015-05-01 15:18:01+02;1439
2015-05-01 17:22:01+02;1439
2015-05-01 23:06:01+02;1499
2015-05-02 14:14:01+02;1489
2015-05-02 15:42:01+02;1459
2015-05-02 17:18:01+02;1439
2015-05-02 23:06:01+02;1499
2015-05-03 09:42:01+02;1459
2015-05-03 11:54:01+02;1439
2015-05-03 13:42:01+02;1429
2015-05-03 23:06:01+02;1499
2015-05-04 10:06:01+02;1489
2015-05-04 12:38:01+02;1479
2015-05-04 12:42:01+02;1479
2015-05-04 13:54:01+02;1469
2015-05-04 15:50:01+02;1459
2015-05-04 16:46:01+02;1439
2015-05-04 23:06:01+02;1509
2015-05-05 08:10:01+02;1499
2015-05-05 10:02:01+02;1499
2015-05-05 10:14:01+02;1499
2015-05-05 12:50:01+02;1479
2015-05-05 14:38:01+02;1469
2015-05-05 16:50:01+02;1449
2015-05-05 23:06:02+02;1529
2015-05-06 08:14:01+02;1509
2015-05-06 13:18:01+02;1509
2015-05-06 14:22:01+02;1499
2015-05-06 14:54:01+02;1489
2015-05-06 16:10:01+02;1469
2015-05-06 23:06:01+02;1519
2015-05-07 08:06:01+02;1519
2015-05-07 09:50:02+02;1509
2015-05-07 13:02:01+02;1509
2015-05-07 13:46:01+02;1499
2015-05-07 14:38:01+02;1499
2015-05-07 17:06:01+02;1489
2015-05-07 23:06:01+02;1539
2015-05-08 08:50:01+02;1519
2015-05-08 09:46:01+02;1509
2015-05-08 10:30:01+02;1499
2015-05-08 13:46:01+02;1499
2015-05-08 14:26:01+02;1479
2015-05-08 14:54:01+02;1469
2015-05-08 17:30:01+02;1459
2015-05-08 17:58:01+02;1449
2015-05-08 18:26:01+02;1439
2015-05-08 23:06:01+02;1499
2015-05-09 11:26:01+02;1489
2015-05-09 14:18:01+02;1489
2015-05-09 15:14:01+02;1449
2015-05-09 15:46:01+02;1449
2015-05-09 16:54:01+02;1439
2015-05-09 17:42:01+02;1429
2015-05-09 23:06:01+02;1499
2015-05-10 10:02:01+02;1499
2015-05-10 12:30:01+02;1489
2015-05-10 15:18:01+02;1479
2015-05-10 16:42:01+02;1479
2015-05-10 17:42:01+02;1449
2015-05-10 23:06:01+02;1499
2015-05-11 08:42:01+02;1449
2015-05-11 16:02:01+02;1439
2015-05-11 16:42:01+02;1429
2015-05-11 23:06:01+02;1499
2015-05-12 10:42:01+02;1489
2015-05-12 12:54:01+02;1479
2015-05-12 15:54:01+02;1479
2015-05-12 16:54:01+02;1459
2015-05-12 17:46:01+02;1439
2015-05-12 23:06:01+02;1499
2015-05-13 08:30:01+02;1499
2015-05-13 10:10:01+02;1479
2015-05-13 13:06:01+02;1479
2015-05-13 15:06:01+02;1469
2015-05-13 15:58:01+02;1459
2015-05-13 17:42:01+02;1439
2015-05-13 23:06:01+02;1509
2015-05-14 10:42:01+02;1509
2015-05-14 11:38:01+02;1489
2015-05-14 13:46:01+02;1469
2015-05-14 14:42:01+02;1439
2015-05-14 16:26:01+02;1429
2015-05-14 17:30:01+02;1419
2015-05-14 23:06:01+02;1509
2015-05-15 08:18:01+02;1499
2015-05-15 08:50:01+02;1489
2015-05-15 14:06:01+02;1489
2015-05-15 14:22:01+02;1479
2015-05-15 15:54:01+02;1469
2015-05-15 16:50:01+02;1469
2015-05-15 23:06:01+02;1519
2015-05-16 08:10:01+02;1499
2015-05-16 08:22:01+02;1499
2015-05-16 11:34:01+02;1479
2015-05-16 17:06:01+02;1469
2015-05-16 17:58:01+02;1459
2015-05-16 23:06:01+02;1509
2015-05-17 10:54:01+02;1499
2015-05-17 11:54:01+02;1489
2015-05-17 13:54:01+02;1459
2015-05-17 14:42:01+02;1449
2015-05-17 15:06:01+02;1439
2015-05-17 17:46:01+02;1429
2015-05-17 23:06:01+02;1509
2015-05-18 15:58:01+02;1459
2015-05-18 17:18:01+02;1449
2015-05-18 17:34:01+02;1439
2015-05-18 23:06:01+02;1509
2015-05-19 11:06:01+02;1499
2015-05-19 13:30:01+02;1479
2015-05-19 14:06:01+02;1469
2015-05-19 18:06:01+02;1439
2015-05-19 23:06:01+02;1499
2015-05-20 07:54:01+02;1449
2015-05-20 15:42:01+02;1439
2015-05-20 17:06:02+02;1419
2015-05-20 18:54:01+02;1409
2015-05-20 23:06:01+02;1499
2015-05-21 09:02:01+02;1499
2015-05-21 10:38:01+02;1479
2015-05-21 13:30:01+02;1469
2015-05-21 19:02:01+02;1449
2015-05-21 19:06:01+02;1429
2015-05-21 23:06:01+02;1499
2015-05-22 12:42:01+02;1499
2015-05-22 12:54:01+02;1489
2015-05-22 13:06:01+02;1489
2015-05-22 14:14:01+02;1479
2015-05-22 16:58:01+02;1459
2015-05-22 23:06:01+02;1509
2015-05-23 08:18:01+02;1449
2015-05-23 11:58:01+02;1449
2015-05-23 23:06:01+02;1509
2015-05-24 08:34:01+02;1509
2015-05-24 09:50:01+02;1499
2015-05-24 10:58:01+02;1489
2015-05-24 11:02:01+02;1479
2015-05-24 13:22:01+02;1469
2015-05-24 14:26:01+02;1449
2015-05-24 16:34:01+02;1439
2015-05-24 17:06:01+02;1429
2015-05-24 23:06:01+02;1509
2015-05-25 08:46:01+02;1509
2015-05-25 10:58:01+02;1499
2015-05-25 12:38:01+02;1489
2015-05-25 15:10:01+02;1449
2015-05-25 17:18:01+02;1439
2015-05-25 17:22:01+02;1429
2015-05-25 23:06:01+02;1509
2015-05-26 08:18:01+02;1509
2015-05-26 11:58:01+02;1499
2015-05-26 14:26:01+02;1479
2015-05-26 16:02:01+02;1469
2015-05-26 17:42:01+02;1459
2015-05-26 23:06:01+02;1509
2015-05-27 07:42:01+02;1499
2015-05-27 08:10:01+02;1489
2015-05-27 09:14:01+02;1479
2015-05-27 13:54:01+02;1479
2015-05-27 14:26:01+02;1469
2015-05-27 17:46:01+02;1459
2015-05-27 23:06:01+02;1509
2015-05-28 07:42:01+02;1479
2015-05-28 09:30:01+02;1469
2015-05-28 13:54:01+02;1459
2015-05-28 15:46:01+02;1449
2015-05-28 23:06:01+02;1499
2015-05-29 07:54:01+02;1489
2015-05-29 12:06:01+02;1469
2015-05-29 14:06:01+02;1459
2015-05-29 16:18:01+02;1449
2015-05-29 23:06:01+02;1499
2015-05-30 08:06:01+02;1499
2015-05-30 08:30:01+02;1459
2015-05-30 10:06:01+02;1449
2015-05-30 16:38:01+02;1429
2015-05-30 17:42:01+02;1409
2015-05-30 23:06:01+02;1499
2015-05-31 10:42:01+02;1499
2015-05-31 11:10:01+02;1489
2015-05-31 12:26:01+02;1449
2015-05-31 15:10:01+02;1429
2015-05-31 16:14:01+02;1419
2015-05-31 17:26:01+02;1419
2015-05-31 23:06:01+02;1499
2015-06-01 07:46:01+02;1499
2015-06-01 08:26:01+02;1489
2015-06-01 09:06:01+02;1479
2015-06-01 15:06:01+02;1449
2015-06-01 23:06:01+02;1519
2015-06-02 07:46:01+02;1499
2015-06-02 12:18:01+02;1499
2015-06-02 13:22:01+02;1489
2015-06-02 15:30:01+02;1449
2015-06-02 23:06:01+02;1509
2015-06-03 07:46:01+02;1499
2015-06-03 13:18:01+02;1479
2015-06-03 15:42:01+02;1469
2015-06-03 17:18:01+02;1459
2015-06-03 23:06:01+02;1509
2015-06-04 08:18:01+02;1499
2015-06-04 12:42:01+02;1499
2015-06-04 14:14:01+02;1459
2015-06-04 23:06:01+02;1509
2015-06-05 07:54:01+02;1479
2015-06-05 09:54:01+02;1469
2015-06-05 11:38:01+02;1439
2015-06-05 23:06:01+02;1489
2015-06-06 11:54:01+02;1479
2015-06-06 14:06:01+02;1439
2015-06-06 15:06:01+02;1429
2015-06-06 16:02:01+02;1409
2015-06-06 23:06:01+02;1489
2015-06-07 12:54:01+02;1459
2015-06-07 14:50:01+02;1449
2015-06-07 15:30:01+02;1439
2015-06-07 16:30:01+02;1429
2015-06-07 17:42:01+02;1409
2015-06-07 23:06:01+02;1489
2015-06-08 11:10:01+02;1469
2015-06-08 11:46:01+02;1469
2015-06-08 11:54:01+02;1469
2015-06-08 12:50:01+02;1459
2015-06-08 13:42:01+02;1449
2015-06-08 14:54:01+02;1439
2015-06-08 17:54:01+02;1439
2015-06-08 23:06:01+02;1499
2015-06-09 07:54:01+02;1479
2015-06-09 10:22:02+02;1479
2015-06-09 11:42:01+02;1469
2015-06-09 12:58:01+02;1469
2015-06-09 17:42:01+02;1449
2015-06-09 23:06:01+02;1499
2015-06-10 08:06:01+02;1459
2015-06-10 10:10:01+02;1449
2015-06-10 12:38:01+02;1439
2015-06-10 23:06:01+02;1509
2015-06-11 08:18:01+02;1479
2015-06-11 08:54:01+02;1469
2015-06-11 13:34:01+02;1449
2015-06-11 16:42:01+02;1439
2015-06-11 23:06:01+02;1519
2015-06-12 10:42:01+02;1489
2015-06-12 11:30:01+02;1489
2015-06-12 12:18:01+02;1469
2015-06-12 14:30:01+02;1459
2015-06-12 17:22:01+02;1449
2015-06-12 23:06:01+02;1519
2015-06-13 08:06:01+02;1489
2015-06-13 08:46:01+02;1459
2015-06-13 09:58:01+02;1449
2015-06-13 23:06:01+02;1519
2015-06-14 09:10:01+02;1469
2015-06-14 11:14:01+02;1459
2015-06-14 16:10:01+02;1449
2015-06-14 23:06:01+02;1519
2015-06-15 08:18:01+02;1500
2015-06-15 09:02:01+02;1489
2015-06-15 11:46:01+02;1479
2015-06-15 12:26:01+02;1459
2015-06-15 17:18:01+02;1459
2015-06-15 23:06:01+02;1519
2015-06-16 09:10:01+02;1499
2015-06-16 11:18:01+02;1489
2015-06-16 12:02:01+02;1469
2015-06-16 23:06:01+02;1519
2015-06-17 07:42:01+02;1509
2015-06-17 08:42:01+02;1489
2015-06-18 17:58:01+02;1459
2015-06-18 18:06:01+02;1449
2015-06-18 23:06:01+02;1509
2015-06-19 07:42:01+02;1509
2015-06-19 10:06:01+02;1509
2015-06-19 10:34:01+02;1499
2015-06-19 11:14:01+02;1479
2015-06-19 12:42:01+02;1469
2015-06-19 13:14:01+02;1459
2015-06-19 18:02:01+02;1449
2015-06-19 23:06:01+02;1509
2015-06-20 08:54:01+02;1479
2015-06-20 15:26:01+02;1459
2015-06-20 16:42:01+02;1449
2015-06-20 23:06:01+02;1509
2015-06-21 09:02:01+02;1499
2015-06-21 09:58:01+02;1489
2015-06-21 12:18:01+02;1489
2015-06-21 13:34:01+02;1469
2015-06-21 15:50:01+02;1459
2015-06-21 16:06:01+02;1459
2015-06-21 17:54:01+02;1439
2015-06-21 23:06:01+02;1509
2015-06-22 10:26:01+02;1509
2015-06-22 11:06:02+02;1469
2015-06-22 12:46:01+02;1469
2015-06-22 16:14:01+02;1459
2015-06-22 23:06:01+02;1509
2015-06-23 08:02:01+02;1499
2015-06-23 09:30:01+02;1489
2015-06-23 10:30:01+02;1489
2015-06-23 11:02:01+02;1479
2015-06-23 12:14:01+02;1469
2015-06-23 13:54:01+02;1459
2015-06-23 13:58:01+02;1449
2015-06-23 17:54:01+02;1449
2015-06-23 23:06:01+02;1499
2015-06-24 08:06:01+02;1489
2015-06-24 09:26:01+02;1489
2015-06-24 09:58:01+02;1479
2015-06-24 10:46:01+02;1449
2015-06-24 14:30:01+02;1439
2015-06-24 18:26:01+02;1429
2015-06-24 23:06:01+02;1509
2015-06-25 08:50:01+02;1499
2015-06-25 11:02:01+02;1459
2015-06-25 16:10:01+02;1439
2015-06-25 23:06:01+02;1499
2015-06-26 10:42:01+02;1489
2015-06-26 10:58:01+02;1479
2015-06-26 11:34:01+02;1469
2015-06-26 16:10:01+02;1429
2015-06-26 16:54:01+02;1419
2015-06-26 23:06:01+02;1499
2015-06-27 08:22:01+02;1479
2015-06-27 11:18:01+02;1469
2015-06-27 13:26:01+02;1439
2015-06-27 13:54:01+02;1439
2015-06-27 14:50:01+02;1429
2015-06-27 23:06:01+02;1499
2015-06-28 09:22:01+02;1499
2015-06-28 10:26:01+02;1479
2015-06-28 16:58:01+02;1449
2015-06-28 23:06:01+02;1499
2015-06-29 11:30:01+02;1479
2015-06-29 15:06:01+02;1469
2015-06-29 16:54:01+02;1449
2015-06-29 23:06:01+02;1509
2015-06-30 09:22:01+02;1499
2015-06-30 11:06:01+02;1489
2015-06-30 11:30:01+02;1459
2015-06-30 16:38:01+02;1439
2015-06-30 23:06:01+02;1509
2015-07-01 08:18:01+02;1509
2015-07-01 10:42:01+02;1459
2015-07-01 16:22:01+02;1459
2015-07-01 17:58:01+02;1439
2015-07-01 23:06:01+02;1519
2015-07-02 08:30:01+02;1499
2015-07-02 09:30:01+02;1499
2015-07-02 12:18:01+02;1469
2015-07-02 15:22:01+02;1449
2015-07-02 17:22:01+02;1439
2015-07-02 23:06:01+02;1519
2015-07-03 08:06:01+02;1509
2015-07-03 10:02:01+02;1509
2015-07-03 11:18:01+02;1489
2015-07-03 11:46:01+02;1479
2015-07-03 13:42:01+02;1469
2015-07-03 14:42:01+02;1459
2015-07-03 16:30:01+02;1449
2015-07-03 23:06:01+02;1519
2015-07-04 08:14:01+02;1509
2015-07-04 10:18:01+02;1509
2015-07-04 11:10:01+02;1479
2015-07-04 12:58:01+02;1469
2015-07-04 14:50:01+02;1469
2015-07-04 23:06:01+02;1519
2015-07-05 08:42:01+02;1509
2015-07-05 10:10:01+02;1509
2015-07-05 10:50:01+02;1489
2015-07-05 14:26:01+02;1439
2015-07-05 17:42:01+02;1429
2015-07-05 23:06:01+02;1519
2015-07-06 07:54:02+02;1459
2015-07-06 13:34:01+02;1459
2015-07-06 23:06:01+02;1519
2015-07-07 08:06:01+02;1509
2015-07-07 12:34:01+02;1489
2015-07-07 14:10:01+02;1479
2015-07-07 15:38:01+02;1469
2015-07-07 17:42:01+02;1459
2015-07-07 18:34:01+02;1459
2015-07-07 23:06:01+02;1519
2015-07-08 09:46:01+02;1509
2015-07-08 12:18:01+02;1499
2015-07-08 14:18:01+02;1479
2015-07-08 17:06:01+02;1469
2015-07-08 17:10:01+02;1459
2015-07-08 18:58:01+02;1449
2015-07-08 23:06:01+02;1539
2015-07-09 08:30:01+02;1529
2015-07-09 10:30:01+02;1489
2015-07-09 12:34:01+02;1489
2015-07-09 14:30:01+02;1459
2015-07-09 23:06:01+02;1539
2015-07-10 09:46:01+02;1519
2015-07-10 11:14:01+02;1509
2015-07-10 16:18:01+02;1489
2015-07-10 18:22:01+02;1479
2015-07-10 23:06:02+02;1539
2015-07-11 08:22:01+02;1529
2015-07-11 08:30:01+02;1519
2015-07-11 08:50:01+02;1499
2015-07-11 12:42:01+02;1489
2015-07-11 17:10:01+02;1479
2015-07-11 23:06:01+02;1539
2015-07-12 08:10:01+02;1529
2015-07-12 09:34:01+02;1499
2015-07-12 11:38:01+02;1489
2015-07-12 15:10:01+02;1449
2015-07-12 23:06:01+02;1539
2015-07-13 07:54:01+02;1529
2015-07-13 08:10:01+02;1519
2015-07-13 11:26:01+02;1499
2015-07-13 16:46:01+02;1479
2015-07-13 17:30:01+02;1469
2015-07-13 18:06:01+02;1459
2015-07-13 23:06:01+02;1529
2015-07-14 08:26:01+02;1519
2015-07-14 10:22:01+02;1509
2015-07-14 11:26:01+02;1479
2015-07-14 15:50:01+02;1459
2015-07-14 23:06:01+02;1529
2015-07-15 08:38:01+02;1499
2015-07-15 10:14:01+02;1489
2015-07-15 11:10:01+02;1479
2015-07-15 14:30:02+02;1459
2015-07-15 23:06:01+02;1519
2015-07-16 09:30:01+02;1489
2015-07-16 10:14:01+02;1489
2015-07-16 10:54:01+02;1469
2015-07-16 16:38:01+02;1449
2015-07-16 23:06:01+02;1509
2015-07-17 07:38:01+02;1479
2015-07-17 09:54:01+02;1469
2015-07-17 16:34:01+02;1429
2015-07-17 23:06:02+02;1509
2015-07-18 08:06:01+02;1489
2015-07-18 08:50:01+02;1469
2015-07-18 10:34:01+02;1469
2015-07-18 11:42:01+02;1449
2015-07-18 15:54:01+02;1419
2015-07-18 23:06:01+02;1509
2015-07-19 08:02:01+02;1489
2015-07-19 10:34:01+02;1479
2015-07-19 12:30:01+02;1449
2015-07-19 15:18:01+02;1419
2015-07-19 16:30:01+02;1419
2015-07-19 23:06:01+02;1509
2015-07-20 08:14:01+02;1469
2015-07-20 10:58:01+02;1449
2015-07-20 12:30:01+02;1449
2015-07-20 17:50:01+02;1429
2015-07-20 23:06:01+02;1509
2015-07-21 07:54:01+02;1489
2015-07-21 10:34:01+02;1479
2015-07-21 11:26:01+02;1469
2015-07-21 16:42:01+02;1419
2015-07-21 23:06:01+02;1519
2015-07-22 08:02:01+02;1429
2015-07-22 11:18:01+02;1419
2015-07-22 23:06:01+02;1519
2015-07-23 08:14:01+02;1489
2015-07-23 13:58:01+02;1469
2015-07-23 15:26:01+02;1439
2015-07-23 18:06:01+02;1439
2015-07-23 18:14:01+02;1429
2015-07-23 23:06:01+02;1509
2015-07-24 07:42:01+02;1489
2015-07-24 08:54:01+02;1469
2015-07-24 09:46:01+02;1459
2015-07-24 11:22:01+02;1449
2015-07-24 12:06:01+02;1439
2015-07-24 17:22:01+02;1419
2015-07-24 23:06:01+02;1509
2015-07-25 09:42:02+02;1469
2015-07-25 11:30:01+02;1449
2015-07-25 14:30:01+02;1419
2015-07-25 23:06:01+02;1509
2015-07-26 08:14:01+02;1489
2015-07-26 08:34:01+02;1479
2015-07-26 10:34:01+02;1469
2015-07-26 11:42:01+02;1459
2015-07-26 12:22:01+02;1439
2015-07-26 16:42:01+02;1429
2015-07-26 23:06:01+02;1509
2015-07-27 07:46:01+02;1499
2015-07-27 08:14:01+02;1469
2015-07-27 09:58:01+02;1459
2015-07-27 10:46:01+02;1459
2015-07-27 15:46:01+02;1419
2015-07-27 23:06:01+02;1509
2015-07-28 07:58:01+02;1479
2015-07-28 11:46:01+02;1429
2015-07-28 17:38:01+02;1419
2015-07-28 23:06:01+02;1489
2015-07-29 08:02:02+02;1479
2015-07-29 09:50:01+02;1459
2015-07-29 11:34:01+02;1439
2015-07-29 15:26:01+02;1439
2015-07-29 16:10:01+02;1439
2015-07-29 17:02:01+02;1409
2015-07-29 23:06:01+02;1489
2015-07-30 07:54:01+02;1469
2015-07-30 08:14:02+02;1449
2015-07-30 11:34:01+02;1429
2015-07-30 16:14:01+02;1409
2015-07-30 23:06:01+02;1509
2015-07-31 07:34:01+02;1479
2015-07-31 08:06:01+02;1449
2015-07-31 09:46:01+02;1439
2015-07-31 11:38:01+02;1429
2015-07-31 23:06:01+02;1509
2015-08-01 08:06:01+02;1469
2015-08-01 08:26:01+02;1459
2015-08-01 09:54:01+02;1449
2015-08-01 11:22:01+02;1429
2015-08-01 17:42:01+02;1409
2015-08-01 23:06:01+02;1509
2015-08-02 08:22:01+02;1469
2015-08-02 09:34:01+02;1469
2015-08-02 23:06:01+02;1519
2015-08-03 08:10:01+02;1479
2015-08-03 08:50:01+02;1469
2015-08-03 11:30:01+02;1459
2015-08-03 14:54:01+02;1449
2015-08-03 16:10:01+02;1419
2015-08-03 18:22:01+02;1409
2015-08-03 23:14:01+02;1509
2015-08-04 07:26:01+02;1479
2015-08-04 10:10:01+02;1449
2015-08-04 11:26:01+02;1439
2015-08-04 16:34:01+02;1409
2015-08-04 18:22:01+02;1399
2015-08-04 23:06:01+02;1499
2015-08-05 08:06:01+02;1469
2015-08-05 08:50:01+02;1469
2015-08-05 09:18:01+02;1459
2015-08-05 11:30:01+02;1449
2015-08-05 17:22:01+02;1419
2015-08-05 18:10:01+02;1399
2015-08-05 19:10:01+02;1389
2015-08-05 23:06:01+02;1509
2015-08-06 07:54:01+02;1469
2015-08-06 07:58:01+02;1429
2015-08-06 10:34:01+02;1419
2015-08-06 18:34:01+02;1409
2015-08-06 23:06:01+02;1499
2015-08-07 07:58:01+02;1469
2015-08-07 09:06:01+02;1459
2015-08-07 11:46:01+02;1449
2015-08-07 17:22:01+02;1429
2015-08-07 17:58:01+02;1419
2015-08-07 23:06:01+02;1499
2015-08-08 08:18:01+02;1459
2015-08-08 09:22:01+02;1449
2015-08-08 11:22:01+02;1429
2015-08-08 16:22:01+02;1409
2015-08-08 16:34:01+02;1389
2015-08-08 23:06:01+02;1499
2015-08-09 08:18:02+02;1429
2015-08-09 09:10:01+02;1419
2015-08-09 14:22:01+02;1409
2015-08-09 16:30:01+02;1399
2015-08-09 23:06:01+02;1499
2015-08-10 07:50:01+02;1459
2015-08-10 10:10:01+02;1419
2015-08-10 11:02:01+02;1409
2015-08-10 11:50:01+02;1409
2015-08-10 16:10:01+02;1379
2015-08-10 23:06:01+02;1489
2015-08-11 08:14:01+02;1459
2015-08-11 08:34:01+02;1439
2015-08-11 10:54:01+02;1429
2015-08-11 12:38:01+02;1409
2015-08-11 15:46:01+02;1389
2015-08-11 23:06:01+02;1489
2015-08-12 08:22:01+02;1419
2015-08-12 11:34:01+02;1409
2015-08-12 12:06:01+02;1399
2015-08-12 15:06:01+02;1379
2015-08-12 18:34:01+02;1369
2015-08-12 23:06:01+02;1479
2015-08-13 08:14:01+02;1439
2015-08-13 11:22:01+02;1389
2015-08-13 15:34:01+02;1369
2015-08-13 23:06:01+02;1479
2015-08-14 08:18:01+02;1439
2015-08-14 08:38:01+02;1409
2015-08-14 10:58:01+02;1389
2015-08-14 15:26:01+02;1359
2015-08-14 23:06:01+02;1479
2015-08-15 08:38:01+02;1439
2015-08-15 11:34:01+02;1399
2015-08-15 15:18:01+02;1359
2015-08-15 16:26:01+02;1359
2015-08-15 23:06:01+02;1479
2015-08-16 08:14:01+02;1439
2015-08-16 08:34:01+02;1429
2015-08-16 09:18:01+02;1399
2015-08-16 11:14:01+02;1389
2015-08-16 12:34:01+02;1369
2015-08-16 15:58:01+02;1359
2015-08-16 23:06:01+02;1479
2015-08-17 08:06:01+02;1429
2015-08-17 09:34:01+02;1399
2015-08-17 09:58:01+02;1389
2015-08-17 10:58:01+02;1379
2015-08-17 12:26:01+02;1379
2015-08-17 18:34:01+02;1359
2015-08-17 23:06:01+02;1469
2015-08-18 07:46:01+02;1399
2015-08-18 08:18:01+02;1389
2015-08-18 12:34:01+02;1369
2015-08-18 16:46:01+02;1359
2015-08-18 23:06:01+02;1469
2015-08-19 07:34:01+02;1429
2015-08-19 08:02:01+02;1429
2015-08-19 08:34:01+02;1399
2015-08-19 10:02:01+02;1389
2015-08-19 15:46:01+02;1359
2015-08-19 18:10:01+02;1349
2015-08-19 23:06:01+02;1459
2015-08-20 08:18:01+02;1399
2015-08-20 11:38:01+02;1389
2015-08-20 15:10:01+02;1379
2015-08-20 15:38:01+02;1379
2015-08-20 18:42:01+02;1369
2015-08-20 23:06:01+02;1449
2015-08-21 07:38:01+02;1429
2015-08-21 10:14:01+02;1389
2015-08-21 11:22:01+02;1369
2015-08-21 11:46:01+02;1359
2015-08-21 15:14:01+02;1359
2015-08-21 15:30:01+02;1339
2015-08-21 23:06:01+02;1439
2015-08-22 09:18:01+02;1379
2015-08-22 11:22:01+02;1369
2015-08-22 13:58:01+02;1349
2015-08-22 15:34:01+02;1349
2015-08-22 15:46:01+02;1319
2015-08-22 16:10:01+02;1319
2015-08-22 17:14:01+02;1319
2015-08-22 23:06:01+02;1439
2015-08-23 08:34:01+02;1439
2015-08-23 15:06:01+02;1339
2015-08-23 15:46:01+02;1329
2015-08-24 15:58:01+02;1319
2015-08-24 23:02:01+02;1419
2015-08-25 08:02:01+02;1389
2015-08-25 09:02:01+02;1369
2015-08-25 09:26:01+02;1359
2015-08-25 10:50:01+02;1349
2015-08-25 16:42:01+02;1329
2015-08-25 16:46:01+02;1319
2015-08-25 18:02:01+02;1309
2015-08-25 23:02:01+02;1409
2015-08-26 00:26:01+02;1409
2015-08-26 00:42:01+02;1409
2015-08-26 07:50:01+02;1369
2015-08-26 09:02:01+02;1349
2015-08-26 09:54:01+02;1339
2015-08-26 10:14:01+02;1329
2015-08-26 11:02:01+02;1319
2015-08-26 16:30:01+02;1309
2015-08-26 18:06:01+02;1309
2015-08-26 23:06:01+02;1399
2015-08-27 08:06:01+02;1349
2015-08-27 08:54:01+02;1339
2015-08-27 09:38:01+02;1329
2015-08-27 11:50:01+02;1319
2015-08-27 15:50:01+02;1299
2015-08-27 23:02:01+02;1399
2015-08-28 08:02:01+02;1339
2015-08-28 09:14:01+02;1329
2015-08-28 10:46:01+02;1319
2015-08-28 12:34:01+02;1309
2015-08-28 23:06:01+02;1409
2015-08-29 08:14:01+02;1369
2015-08-29 09:34:01+02;1349
2015-08-29 10:58:01+02;1319
2015-08-29 12:38:01+02;1309
2015-08-29 17:02:01+02;1299
2015-08-29 23:02:01+02;1409
2015-08-30 08:06:01+02;1359
2015-08-30 10:18:01+02;1349
2015-08-30 11:02:01+02;1339
2015-08-30 23:02:01+02;1409
2015-08-31 08:14:01+02;1379
2015-08-31 08:38:01+02;1349
2015-08-31 10:18:01+02;1339
2015-08-31 10:58:01+02;1329
2015-08-31 16:02:01+02;1309
2015-08-31 18:26:01+02;1309
2015-08-31 23:06:01+02;1409
2015-09-01 08:14:01+02;1359
2015-09-01 09:50:01+02;1349
2015-09-01 10:02:01+02;1339
2015-09-01 10:38:01+02;1329
2015-09-01 12:06:01+02;1319
2015-09-01 17:46:01+02;1319
2015-09-01 23:06:01+02;1419
2015-09-02 08:10:02+02;1359
2015-09-02 08:46:01+02;1359
2015-09-02 09:38:01+02;1349
2015-09-02 11:50:01+02;1349
2015-09-02 11:58:01+02;1319
2015-09-02 16:10:01+02;1309
2015-09-02 23:06:01+02;1399
2015-09-03 08:02:01+02;1369
2015-09-03 09:02:01+02;1359
2015-09-03 10:22:01+02;1349
2015-09-03 11:26:01+02;1339
2015-09-03 16:54:01+02;1329
2015-09-03 23:06:01+02;1399
2015-09-04 08:02:01+02;1369
2015-09-04 08:58:01+02;1369
2015-09-04 09:38:01+02;1339
2015-09-04 11:34:01+02;1329
2015-09-04 12:38:01+02;1319
2015-09-04 17:30:01+02;1309
2015-09-04 23:02:01+02;1409
2015-09-05 08:02:01+02;1369
2015-09-05 08:06:01+02;1369
2015-09-05 10:50:01+02;1339
2015-09-05 12:42:01+02;1319
2015-09-05 23:06:01+02;1409
2015-09-06 12:50:01+02;1369
2015-09-06 14:26:01+02;1349
2015-09-06 14:54:01+02;1339
2015-09-06 16:14:02+02;1319
2015-09-06 17:26:01+02;1309
2015-09-06 23:06:01+02;1409
2015-09-07 08:14:01+02;1339
2015-09-07 10:14:01+02;1309
2015-09-07 17:26:01+02;1299
2015-09-07 23:06:01+02;1399
2015-09-08 08:22:01+02;1369
2015-09-08 08:38:01+02;1359
2015-09-08 10:38:01+02;1349
2015-09-08 11:34:01+02;1379
2015-09-08 14:02:01+02;1359
2015-09-08 15:38:01+02;1319
2015-09-08 17:26:01+02;1319
2015-09-08 23:06:01+02;1389
2015-09-09 08:34:01+02;1349
2015-09-09 10:02:01+02;1339
2015-09-09 12:26:01+02;1329
2015-09-09 17:30:01+02;1309
2015-09-09 23:06:01+02;1389
2015-09-10 08:18:01+02;1369
2015-09-10 08:50:02+02;1359
2015-09-10 10:38:02+02;1339
2015-09-10 11:46:01+02;1329
2015-09-10 16:38:01+02;1319
2015-09-10 17:46:01+02;1309
2015-09-10 23:06:01+02;1379
2015-09-11 08:22:01+02;1359
2015-09-11 10:58:01+02;1349
2015-09-11 11:30:02+02;1339
2015-09-11 16:14:01+02;1309
2015-09-11 17:10:01+02;1299
2015-09-11 23:06:01+02;1379
2015-09-12 08:10:02+02;1359
2015-09-12 10:26:01+02;1349
2015-09-12 12:30:01+02;1329
2015-09-12 15:34:01+02;1329
2015-09-12 15:38:01+02;1309
2015-09-12 17:10:01+02;1299
2015-09-12 17:58:01+02;1289
2015-09-12 23:06:01+02;1379
2015-09-13 08:22:01+02;1359
2015-09-13 08:50:01+02;1349
2015-09-13 10:50:01+02;1339
2015-09-13 11:58:01+02;1309
2015-09-13 13:46:01+02;1299
2015-09-13 15:18:01+02;1299
2015-09-13 23:02:01+02;1379
2015-09-14 08:18:01+02;1349
2015-09-14 09:30:01+02;1339
2015-09-14 15:22:01+02;1309
2015-09-14 16:50:01+02;1299
2015-09-14 23:06:01+02;1379
2015-09-15 08:30:01+02;1349
2015-09-15 10:14:01+02;1339
2015-09-15 11:10:01+02;1329
2015-09-15 15:34:01+02;1299
2015-09-15 17:38:01+02;1289
2015-09-15 23:02:01+02;1379
2015-09-16 08:22:01+02;1349
2015-09-16 08:42:01+02;1339
2015-09-16 11:14:01+02;1329
2015-09-16 16:14:01+02;1309
2015-09-16 23:06:01+02;1379
2015-09-17 08:18:01+02;1359
2015-09-17 09:30:01+02;1339
2015-09-17 10:14:01+02;1319
2015-09-17 16:50:01+02;1309
2015-09-17 23:02:01+02;1379
2015-09-18 08:26:01+02;1359
2015-09-18 09:54:01+02;1339
2015-09-18 11:02:01+02;1329
2015-09-18 11:14:02+02;1319
2015-09-18 12:50:01+02;1339
2015-09-18 15:38:01+02;1289
2015-09-18 23:02:01+02;1379
2015-09-19 08:18:01+02;1349
2015-09-19 09:30:01+02;1329
2015-09-19 10:46:01+02;1319
2015-09-19 11:50:01+02;1309
2015-09-19 23:02:01+02;1379
2015-09-20 08:14:01+02;1359
2015-09-20 09:58:01+02;1299
2015-09-20 12:10:01+02;1289
2015-09-20 16:50:01+02;1269
2015-09-20 23:02:01+02;1379
2015-09-21 08:26:01+02;1349
2015-09-21 09:58:01+02;1339
2015-09-21 10:22:01+02;1299
2015-09-21 12:22:01+02;1269
2015-09-21 19:02:01+02;1269
2015-09-21 23:06:01+02;1369
2015-09-22 08:22:01+02;1349
2015-09-22 08:50:01+02;1339
2015-09-22 10:14:01+02;1329
2015-09-22 11:26:02+02;1319
2015-09-22 12:02:01+02;1309
2015-09-22 23:06:01+02;1369
2015-09-23 07:58:01+02;1329
2015-09-23 10:50:01+02;1309
2015-09-23 11:22:01+02;1299
2015-09-23 16:38:01+02;1289
2015-09-23 18:38:01+02;1279
2015-09-23 23:02:01+02;1379
2015-09-24 08:14:01+02;1289
2015-09-24 09:10:01+02;1279
2015-09-24 23:06:01+02;1369
2015-09-25 08:30:01+02;1329
2015-09-25 10:54:01+02;1329
2015-09-25 10:58:01+02;1309
2015-09-25 18:06:01+02;1299
2015-09-25 23:02:01+02;1369
2015-09-26 08:46:01+02;1349
2015-09-26 09:26:01+02;1339
2015-09-26 10:50:01+02;1329
2015-09-26 12:26:01+02;1309
2015-09-26 17:06:01+02;1289
2015-09-26 23:06:01+02;1369
2015-09-27 08:38:01+02;1349
2015-09-27 09:14:01+02;1339
2015-09-27 15:38:01+02;1329
2015-09-27 17:50:01+02;1299
2015-09-27 23:06:01+02;1369
2015-09-28 08:14:01+02;1339
2015-09-28 08:46:01+02;1319
2015-09-28 09:38:01+02;1299
2015-09-28 11:14:01+02;1299
2015-09-28 18:30:01+02;1289
2015-09-28 23:02:01+02;1369
2015-09-29 07:42:01+02;1359
2015-09-29 09:18:01+02;1339
2015-09-29 09:42:01+02;1309
2015-09-29 11:30:01+02;1299
2015-09-29 15:58:01+02;1279
2015-09-29 23:02:01+02;1359
2015-09-30 08:42:01+02;1329
2015-09-30 10:22:01+02;1329
2015-09-30 11:14:01+02;1319
2015-09-30 16:50:01+02;1299
2015-09-30 23:06:01+02;1349
2015-10-01 08:42:01+02;1339
2015-10-01 09:06:01+02;1329
2015-10-01 10:18:01+02;1319
2015-10-01 11:34:01+02;1309
2015-10-01 15:50:01+02;1299
2015-10-01 18:14:01+02;1289
2015-10-01 23:06:01+02;1359
2015-10-02 08:14:01+02;1339
2015-10-02 09:38:01+02;1329
2015-10-02 10:42:01+02;1319
2015-10-02 11:22:01+02;1309
2015-10-02 16:18:01+02;1299
2015-10-02 18:34:01+02;1279
2015-10-02 23:06:01+02;1349
2015-10-03 10:38:01+02;1329
2015-10-03 11:02:01+02;1319
2015-10-03 11:42:01+02;1309
2015-10-03 12:26:01+02;1299
2015-10-03 14:58:01+02;1289
2015-10-03 16:34:01+02;1279
2015-10-03 17:54:01+02;1269
2015-10-03 23:02:01+02;1349
2015-10-04 08:22:01+02;1339
2015-10-04 09:10:01+02;1329
2015-10-04 10:50:01+02;1299
2015-10-04 23:06:01+02;1349
2015-10-05 08:02:01+02;1329
2015-10-05 09:30:01+02;1319
2015-10-05 11:10:01+02;1309
2015-10-05 15:10:01+02;1289
2015-10-05 18:02:01+02;1289
2015-10-05 23:02:01+02;1349
2015-10-06 08:26:01+02;1339
2015-10-06 08:42:01+02;1329
2015-10-06 09:14:01+02;1319
2015-10-06 11:02:01+02;1309
2015-10-06 11:42:01+02;1299
2015-10-06 15:34:01+02;1279
2015-10-06 23:06:01+02;1359
2015-10-07 08:02:01+02;1339
2015-10-07 11:26:01+02;1329
2015-10-07 12:30:01+02;1309
2015-10-07 17:18:01+02;1289
2015-10-07 17:22:01+02;1309
2015-10-07 23:06:01+02;1389
2015-10-08 08:14:01+02;1349
2015-10-08 08:54:01+02;1339
2015-10-08 10:02:01+02;1319
2015-10-08 11:22:01+02;1309
2015-10-08 15:30:01+02;1289
2015-10-08 23:06:01+02;1379
2015-10-09 08:02:01+02;1349
2015-10-09 09:22:01+02;1299
2015-10-09 23:06:01+02;1379
2015-10-10 08:06:01+02;1359
2015-10-10 10:10:01+02;1299
2015-10-10 11:50:01+02;1289
2015-10-10 18:02:01+02;1289
2015-10-10 23:06:01+02;1379
2015-10-11 08:46:01+02;1349
2015-10-11 09:58:01+02;1339
2015-10-11 11:34:01+02;1319
2015-10-11 12:06:01+02;1309
2015-10-11 14:58:01+02;1299
2015-10-11 16:10:01+02;1299
2015-10-11 16:30:01+02;1289
2015-10-11 17:10:01+02;1289
2015-10-11 17:46:01+02;1279
2015-10-11 17:50:01+02;1279
2015-10-11 23:02:01+02;1379
2015-10-12 07:42:01+02;1349
2015-10-12 09:18:01+02;1339
2015-10-12 09:58:01+02;1329
2015-10-12 11:14:01+02;1319
2015-10-12 11:26:01+02;1319
2015-10-12 16:30:01+02;1289
2015-10-12 17:50:01+02;1279
2015-10-12 23:02:01+02;1379
2015-10-13 08:30:01+02;1339
2015-10-13 09:38:01+02;1339
2015-10-13 10:26:01+02;1319
2015-10-13 11:54:01+02;1309
2015-10-13 15:22:01+02;1279
2015-10-13 23:06:01+02;1359
2015-10-14 07:34:01+02;1339
2015-10-14 09:22:01+02;1329
2015-10-14 10:50:01+02;1309
2015-10-14 16:50:01+02;1289
2015-10-14 23:02:01+02;1349
2015-10-15 08:26:01+02;1319
2015-10-15 09:54:01+02;1309
2015-10-15 10:22:01+02;1299
2015-10-15 11:14:01+02;1289
2015-10-15 15:50:01+02;1279
2015-10-15 16:50:01+02;1269
2015-10-15 18:38:01+02;1259
2015-10-15 23:06:01+02;1349
2015-10-16 08:02:01+02;1339
2015-10-16 08:34:01+02;1319
2015-10-16 10:30:01+02;1309
2015-10-16 11:38:01+02;1299
2015-10-16 16:02:01+02;1289
2015-10-16 23:02:01+02;1349
2015-10-17 08:18:01+02;1299
2015-10-17 09:34:01+02;1289
2015-10-17 10:42:01+02;1289
2015-10-17 11:46:01+02;1279
2015-10-17 14:58:01+02;1249
2015-10-17 23:02:01+02;1349
2015-10-18 09:02:01+02;1319
2015-10-18 15:26:01+02;1289
2015-10-19 12:42:01+02;1279
2015-10-19 16:50:01+02;1249
2015-10-19 23:02:01+02;1349
2015-10-20 07:58:01+02;1339
2015-10-20 08:58:01+02;1319
2015-10-20 11:42:01+02;1299
2015-10-20 16:38:01+02;1279
2015-10-20 23:02:01+02;1339
2015-10-21 08:14:01+02;1329
2015-10-21 08:50:01+02;1309
2015-10-21 10:02:01+02;1289
2015-10-21 12:02:01+02;1279
2015-10-21 14:38:01+02;1269
2015-10-21 17:06:01+02;1259
2015-10-21 23:02:01+02;1339
2015-10-22 08:10:01+02;1329
2015-10-22 08:18:01+02;1309
2015-10-22 08:58:01+02;1299
2015-10-22 10:06:01+02;1279
2015-10-22 12:18:01+02;1259
2015-10-22 23:06:01+02;1339
2015-10-23 07:42:01+02;1309
2015-10-23 09:02:01+02;1299
2015-10-23 09:50:02+02;1289
2015-10-23 10:58:01+02;1279
2015-10-23 23:02:01+02;1349
2015-10-24 08:14:01+02;1329
2015-10-24 09:14:01+02;1309
2015-10-24 10:14:01+02;1299
2015-10-24 11:34:01+02;1279
2015-10-24 15:46:01+02;1259
2015-10-24 23:02:01+02;1349
2015-10-25 08:30:01+01;1329
2015-10-25 09:54:01+01;1309
2015-10-25 11:14:01+01;1299
2015-10-25 14:42:01+01;1279
2015-10-25 15:50:01+01;1269
2015-10-25 17:10:01+01;1259
2015-10-25 23:02:01+01;1349
2015-10-26 07:26:01+01;1329
2015-10-26 08:14:01+01;1309
2015-10-26 10:42:01+01;1299
2015-10-26 11:30:01+01;1289
2015-10-26 23:34:01+01;1339
2015-10-27 08:02:01+01;1329
2015-10-27 09:10:01+01;1269
2015-10-27 17:10:01+01;1259
2015-10-27 23:02:01+01;1339
2015-10-28 10:02:01+01;1319
2015-10-28 12:14:01+01;1299
2015-10-28 18:02:01+01;1279
2015-10-29 05:10:01+01;1339
2015-10-29 08:14:01+01;1309
2015-10-29 08:42:01+01;1289
2015-10-29 11:50:01+01;1279
2015-10-29 23:06:01+01;1349
2015-10-30 08:26:01+01;1339
2015-10-30 08:50:01+01;1329
2015-10-30 09:54:01+01;1319
2015-10-30 10:38:01+01;1309
2015-10-30 11:42:01+01;1299
2015-10-30 23:02:01+01;1369
2015-10-31 08:22:01+01;1349
2015-10-31 09:38:01+01;1339
2015-10-31 10:38:01+01;1329
2015-10-31 11:22:01+01;1319
2015-10-31 15:50:01+01;1299
2015-10-31 23:02:01+01;1369
2015-11-01 08:38:01+01;1339
2015-11-01 11:14:01+01;1329
2015-11-01 15:14:01+01;1319
2015-11-01 23:02:01+01;1369
2015-11-02 08:54:01+01;1339
2015-11-02 10:38:01+01;1319
2015-11-02 11:02:01+01;1309
2015-11-02 12:34:01+01;1349
2015-11-02 13:54:01+01;1339
2015-11-02 15:18:01+01;1319
2015-11-02 17:34:01+01;1309
2015-11-02 23:02:01+01;1369
2015-11-03 08:26:01+01;1329
2015-11-03 09:22:01+01;1319
2015-11-03 10:14:01+01;1309
2015-11-03 12:26:01+01;1349
2015-11-03 12:58:01+01;1339
2015-11-03 15:02:01+01;1309
2015-11-03 17:34:01+01;1299
2015-11-03 23:06:01+01;1369
2015-11-04 07:50:01+01;1349
2015-11-04 09:02:01+01;1339
2015-11-04 10:10:01+01;1329
2015-11-04 10:30:01+01;1319
2015-11-04 11:26:01+01;1309
2015-11-04 12:26:01+01;1349
2015-11-04 13:54:01+01;1339
2015-11-04 15:18:01+01;1329
2015-11-04 17:14:01+01;1319
2015-11-04 23:06:02+01;1389
2015-11-05 08:54:01+01;1359
2015-11-05 10:34:01+01;1339
2015-11-05 12:22:01+01;1349
2015-11-05 14:38:01+01;1329
2015-11-05 16:34:01+01;1309
2015-11-05 23:02:01+01;1369
2015-11-06 07:50:01+01;1369
2015-11-06 09:26:01+01;1359
2015-11-06 12:26:01+01;1359
2015-11-06 13:54:01+01;1359
2015-11-06 15:02:01+01;1329
2015-11-06 17:26:01+01;1309
2015-11-06 23:02:01+01;1369
2015-11-07 09:18:01+01;1299
2015-11-07 12:26:01+01;1339
2015-11-07 14:42:01+01;1319
2015-11-07 16:26:01+01;1309
2015-11-07 23:02:01+01;1369
2015-11-08 09:38:01+01;1359
2015-11-08 10:38:01+01;1349
2015-11-08 11:34:01+01;1339
2015-11-08 12:26:01+01;1369
2015-11-08 14:14:01+01;1349
2015-11-08 16:18:01+01;1339
2015-11-08 17:02:01+01;1329
2015-11-08 17:18:01+01;1309
2015-11-08 23:06:01+01;1369
2015-11-09 08:26:01+01;1359
2015-11-09 10:54:01+01;1349
2015-11-09 12:26:01+01;1349
2015-11-09 14:38:01+01;1349
2015-11-09 15:50:01+01;1349
2015-11-09 17:14:01+01;1329
2015-11-09 18:22:01+01;1319
2015-11-09 23:02:01+01;1369
2015-11-10 08:54:01+01;1359
2015-11-10 11:26:01+01;1329
2015-11-10 12:34:01+01;1369
2015-11-10 14:26:01+01;1339
2015-11-10 15:34:01+01;1319
2015-11-10 16:26:01+01;1309
2015-11-10 23:02:01+01;1369
2015-11-11 08:22:01+01;1339
2015-11-11 09:54:01+01;1329
2015-11-11 12:26:01+01;1369
2015-11-11 13:42:01+01;1359
2015-11-11 14:50:01+01;1349
2015-11-11 15:46:01+01;1349
2015-11-11 16:10:01+01;1329
2015-11-11 16:38:01+01;1319
2015-11-11 17:10:01+01;1309
2015-11-11 23:06:01+01;1369
2015-11-12 09:18:01+01;1349
2015-11-12 10:42:01+01;1339
2015-11-12 12:26:01+01;1359
2015-11-12 13:26:01+01;1359
2015-11-12 15:10:01+01;1349
2015-11-12 15:26:01+01;1319
2015-11-12 17:10:01+01;1309
2015-11-12 17:38:01+01;1299
2015-11-12 23:02:01+01;1369
2015-11-13 08:18:01+01;1359
2015-11-13 08:54:01+01;1319
2015-11-13 09:58:01+01;1309
2015-11-13 11:18:01+01;1289
2015-11-13 12:26:01+01;1329
2015-11-13 14:50:01+01;1309
2015-11-13 16:02:01+01;1279
2015-11-13 23:02:01+01;1359
2015-11-14 08:14:01+01;1359
2015-11-14 09:26:01+01;1359
2015-11-14 09:38:01+01;1269
2015-11-14 12:26:01+01;1309
2015-11-14 13:10:01+01;1299
2015-11-14 14:54:01+01;1299
2015-11-14 16:22:01+01;1269
2015-11-14 23:02:01+01;1359
2015-11-15 08:26:01+01;1339
2015-11-15 09:42:01+01;1329
2015-11-15 12:26:01+01;1359
2015-11-15 17:10:01+01;1319
2015-11-15 17:26:01+01;1289
2015-11-15 17:30:01+01;1279
2015-11-15 23:02:01+01;1359
2015-11-16 08:34:01+01;1329
2015-11-16 10:14:01+01;1319
2015-11-16 12:26:01+01;1359
2015-11-16 13:06:01+01;1329
2015-11-16 15:30:01+01;1299
2015-11-16 23:02:01+01;1349
2015-11-17 08:38:01+01;1329
2015-11-17 10:10:01+01;1329
2015-11-17 10:50:01+01;1269
2015-11-17 12:26:01+01;1309
2015-11-17 13:54:01+01;1289
2015-11-17 16:38:01+01;1259
2015-11-17 23:02:01+01;1339
2015-11-18 08:26:01+01;1329
2015-11-18 09:26:01+01;1319
2015-11-18 10:38:01+01;1309
2015-11-18 12:02:01+01;1299
2015-11-18 12:26:01+01;1339
2015-11-18 13:06:01+01;1319
2015-11-18 14:46:01+01;1299
2015-11-18 16:02:01+01;1299
2015-11-18 16:18:01+01;1289
2015-11-18 23:02:01+01;1339
2015-11-19 08:22:01+01;1319
2015-11-19 09:46:01+01;1309
2015-11-19 12:26:01+01;1349
2015-11-19 13:14:01+01;1339
2015-11-19 14:18:01+01;1309
2015-11-19 16:10:01+01;1279
2015-11-19 18:54:01+01;1269
2015-11-19 23:06:01+01;1339
2015-11-20 07:58:01+01;1329
2015-11-20 11:02:01+01;1319
2015-11-20 12:26:01+01;1349
2015-11-20 13:22:01+01;1339
2015-11-20 14:50:01+01;1319
2015-11-20 15:34:01+01;1309
2015-11-20 16:46:01+01;1289
2015-11-20 23:06:01+01;1339
2015-11-21 09:02:01+01;1319
2015-11-21 11:06:01+01;1309
2015-11-21 12:26:01+01;1349
2015-11-21 14:06:01+01;1299
2015-11-21 16:02:01+01;1289
2015-11-21 16:22:01+01;1279
2015-11-21 17:06:01+01;1269
2015-11-21 23:02:01+01;1339
2015-11-22 09:14:01+01;1329
2015-11-22 10:14:01+01;1319
2015-11-22 11:38:01+01;1309
2015-11-22 12:26:01+01;1349
2015-11-22 15:06:01+01;1329
2015-11-22 15:10:01+01;1309
2015-11-22 15:14:01+01;1299
2015-11-22 15:18:01+01;1299
2015-11-22 15:42:01+01;1289
2015-11-22 16:02:01+01;1289
2015-11-22 17:42:01+01;1269
2015-11-22 23:02:01+01;1339
2015-11-23 08:10:01+01;1329
2015-11-23 10:02:01+01;1309
2015-11-23 12:26:01+01;1349
2015-11-23 12:54:01+01;1329
2015-11-23 14:22:01+01;1319
2015-11-23 16:26:01+01;1289
2015-11-23 23:06:01+01;1339
2015-11-24 08:30:01+01;1299
2015-11-24 09:58:01+01;1259
2015-11-24 12:26:01+01;1299
2015-11-24 14:30:01+01;1289
2015-11-24 23:02:01+01;1339
2015-11-25 08:34:01+01;1319
2015-11-25 11:06:01+01;1309
2015-11-25 12:26:01+01;1349
2015-11-25 12:58:01+01;1319
2015-11-25 14:26:01+01;1319
2015-11-25 15:10:01+01;1309
2015-11-25 16:06:01+01;1289
2015-11-25 18:38:01+01;1279
2015-11-25 23:02:01+01;1349
2015-11-26 08:26:01+01;1339
2015-11-26 09:38:01+01;1329
2015-11-26 11:18:01+01;1319
2015-11-26 12:26:01+01;1349
2015-11-26 12:54:01+01;1339
2015-11-26 15:54:01+01;1309
2015-11-26 16:34:01+01;1289
2015-11-26 17:50:01+01;1279
2015-11-26 23:02:01+01;1349
2015-11-27 09:14:01+01;1329
2015-11-27 10:58:01+01;1309
2015-11-27 12:26:01+01;1349
2015-11-27 13:54:01+01;1339
2015-11-27 15:50:01+01;1329
2015-11-27 17:06:01+01;1299
2015-11-27 23:02:01+01;1349
2015-11-28 10:42:01+01;1349
2015-11-28 14:30:01+01;1339
2015-11-28 16:02:01+01;1329
2015-11-28 16:30:01+01;1309
2015-11-28 16:54:01+01;1309
2015-11-28 18:02:01+01;1299
2015-11-28 23:02:01+01;1349
2015-11-29 09:30:01+01;1339
2015-11-29 10:14:01+01;1319
2015-11-29 11:26:01+01;1309
2015-11-29 12:26:01+01;1349
2015-11-29 14:06:01+01;1319
2015-11-29 15:30:01+01;1309
2015-11-29 16:34:01+01;1309
2015-11-29 16:46:01+01;1299
2015-11-29 17:26:01+01;1299
2015-11-29 23:02:01+01;1349
2015-11-30 09:06:01+01;1349
2015-11-30 09:42:01+01;1339
2015-11-30 10:30:01+01;1329
2015-11-30 12:26:01+01;1349
2015-11-30 13:10:01+01;1339
2015-11-30 16:18:01+01;1309
2015-12-01 00:42:01+01;1359
2015-12-01 08:34:02+01;1339
2015-12-01 09:54:01+01;1339
2015-12-01 10:14:01+01;1329
2015-12-01 10:42:01+01;1309
2015-12-01 12:26:01+01;1349
2015-12-01 12:54:01+01;1339
2015-12-01 14:18:01+01;1329
2015-12-01 16:26:01+01;1289
2015-12-01 23:02:01+01;1339
2015-12-02 08:34:01+01;1339
2015-12-02 09:42:01+01;1329
2015-12-02 11:18:01+01;1319
2015-12-02 12:26:01+01;1339
2015-12-02 13:18:01+01;1339
2015-12-02 15:26:01+01;1329
2015-12-02 17:06:01+01;1289
2015-12-02 23:06:01+01;1339
2015-12-03 08:34:01+01;1339
2015-12-03 09:34:01+01;1339
2015-12-03 09:50:01+01;1329
2015-12-03 11:10:01+01;1309
2015-12-03 12:26:01+01;1339
2015-12-03 13:22:01+01;1339
2015-12-03 15:26:01+01;1299
2015-12-03 16:54:01+01;1289
2015-12-03 23:06:01+01;1339
2015-12-04 08:10:01+01;1339
2015-12-04 08:34:01+01;1329
2015-12-04 10:14:01+01;1299
2015-12-04 10:54:01+01;1289
2015-12-04 12:26:01+01;1329
2015-12-04 12:50:01+01;1319
2015-12-04 14:30:01+01;1309
2015-12-04 14:54:02+01;1299
2015-12-04 16:14:01+01;1279
2015-12-04 23:02:01+01;1329
2015-12-05 08:42:01+01;1309
2015-12-05 09:14:01+01;1279
2015-12-05 12:26:01+01;1319
2015-12-05 13:10:01+01;1289
2015-12-05 16:58:01+01;1269
2015-12-05 23:02:01+01;1319
2015-12-06 08:34:01+01;1319
2015-12-06 09:14:01+01;1299
2015-12-06 10:58:01+01;1299
2015-12-06 11:34:01+01;1279
2015-12-06 12:26:01+01;1319
2015-12-06 13:18:01+01;1289
2015-12-06 13:42:01+01;1269
2015-12-06 14:38:01+01;1259
2015-12-06 16:06:01+01;1249
2015-12-06 23:02:01+01;1319
2015-12-07 08:14:01+01;1309
2015-12-07 09:50:01+01;1299
2015-12-07 10:26:01+01;1289
2015-12-07 10:50:01+01;1279
2015-12-07 12:26:01+01;1319
2015-12-07 12:50:01+01;1299
2015-12-07 14:58:01+01;1259
2015-12-07 23:06:01+01;1319
2015-12-08 08:30:01+01;1319
2015-12-08 10:18:01+01;1289
2015-12-08 11:02:01+01;1279
2015-12-08 12:26:01+01;1309
2015-12-08 12:50:01+01;1309
2015-12-08 13:14:01+01;1299
2015-12-08 14:26:01+01;1289
2015-12-08 15:14:01+01;1259
2015-12-08 18:46:01+01;1249
2015-12-08 23:06:01+01;1309
2015-12-09 09:50:01+01;1289
2015-12-09 10:10:01+01;1279
2015-12-09 12:26:01+01;1319
2015-12-09 13:38:01+01;1289
2015-12-09 14:50:01+01;1259
2015-12-09 15:42:01+01;1239
2015-12-09 23:02:01+01;1299
2015-12-10 08:22:01+01;1299
2015-12-10 09:42:01+01;1289
2015-12-10 11:14:01+01;1269
2015-12-10 12:26:01+01;1309
2015-12-10 13:14:01+01;1299
2015-12-10 14:18:01+01;1289
2015-12-10 16:02:01+01;1259
2015-12-10 16:54:01+01;1259
2015-12-10 17:34:01+01;1249
2015-12-10 23:02:01+01;1309
2015-12-11 08:42:01+01;1289
2015-12-11 10:22:01+01;1279
2015-12-11 10:50:01+01;1269
2015-12-11 12:26:01+01;1309
2015-12-11 12:58:01+01;1289
2015-12-11 14:58:01+01;1279
2015-12-11 16:02:01+01;1249
2015-12-11 23:02:01+01;1309
2015-12-12 08:14:01+01;1299
2015-12-12 10:22:01+01;1289
2015-12-12 12:26:01+01;1319
2015-12-12 15:02:01+01;1279
2015-12-12 16:14:01+01;1269
2015-12-12 16:18:01+01;1249
2015-12-12 23:06:01+01;1309
2015-12-13 08:14:02+01;1309
2015-12-13 08:34:01+01;1309
2015-12-13 11:42:01+01;1299
2015-12-13 11:46:01+01;1289
2015-12-13 15:06:01+01;1269
2015-12-13 16:50:01+01;1259
2015-12-13 19:58:01+01;1239
2015-12-13 23:06:01+01;1319
2015-12-14 08:26:01+01;1309
2015-12-14 09:06:01+01;1299
2015-12-14 10:26:01+01;1289
2015-12-14 11:46:01+01;1279
2015-12-14 12:26:01+01;1319
2015-12-14 13:50:01+01;1299
2015-12-14 15:02:01+01;1279
2015-12-14 17:02:01+01;1269
2015-12-14 23:02:01+01;1319
2015-12-15 08:22:01+01;1309
2015-12-15 10:02:01+01;1269
2015-12-15 11:02:01+01;1259
2015-12-15 12:26:01+01;1299
2015-12-15 12:50:01+01;1289
2015-12-15 15:30:01+01;1269
2015-12-15 17:02:01+01;1259
2015-12-15 23:02:01+01;1309
2015-12-16 08:22:01+01;1309
2015-12-16 08:38:01+01;1299
2015-12-16 10:50:01+01;1269
2015-12-16 11:18:01+01;1259
2015-12-16 12:26:01+01;1299
2015-12-16 13:30:01+01;1289
2015-12-16 15:14:01+01;1279
2015-12-16 15:54:01+01;1269
2015-12-16 17:02:01+01;1259
2015-12-16 17:46:01+01;1249
2015-12-16 23:02:01+01;1319
2015-12-17 08:18:01+01;1279
2015-12-17 10:22:01+01;1279
2015-12-17 11:10:01+01;1249
2015-12-17 12:26:01+01;1289
2015-12-17 13:26:01+01;1279
2015-12-17 15:26:01+01;1259
2015-12-17 17:34:01+01;1239
2015-12-17 23:06:01+01;1309
2015-12-18 08:50:01+01;1289
2015-12-18 09:14:01+01;1279
2015-12-18 10:18:01+01;1269
2015-12-18 11:34:01+01;1259
2015-12-18 12:26:01+01;1299
2015-12-18 12:54:01+01;1279
2015-12-18 14:58:02+01;1279
2015-12-18 15:42:01+01;1259
2015-12-18 18:02:01+01;1249
2015-12-18 23:02:01+01;1309
2015-12-19 08:18:01+01;1309
2015-12-19 08:38:01+01;1289
2015-12-19 09:14:01+01;1279
2015-12-19 12:26:01+01;1319
2015-12-19 12:38:01+01;1269
2015-12-19 14:58:01+01;1259
2015-12-19 23:02:01+01;1309
2015-12-20 08:54:01+01;1299
2015-12-20 10:58:01+01;1289
2015-12-20 12:26:01+01;1319
2015-12-20 17:50:01+01;1269
2015-12-20 23:02:01+01;1319
2015-12-21 08:10:01+01;1319
2015-12-21 08:18:01+01;1309
2015-12-21 10:18:01+01;1309
2015-12-21 10:46:01+01;1309
2015-12-21 12:26:01+01;1319
2015-12-21 13:14:01+01;1319
2015-12-21 15:02:01+01;1289
2015-12-21 17:10:01+01;1279
2015-12-21 18:26:01+01;1259
2015-12-21 23:02:01+01;1309
2015-12-22 09:02:01+01;1279
2015-12-22 10:46:01+01;1269
2015-12-22 11:38:01+01;1259
2015-12-22 12:26:01+01;1299
2015-12-22 13:42:01+01;1289
2015-12-22 15:14:01+01;1279
2015-12-22 15:18:01+01;1279
2015-12-22 16:22:01+01;1269
2015-12-22 16:50:01+01;1259
2015-12-22 18:10:02+01;1249
2015-12-22 23:02:01+01;1299
2015-12-23 09:22:02+01;1279
2015-12-23 12:26:01+01;1309
2015-12-23 12:58:01+01;1309
2015-12-23 13:46:02+01;1299
2015-12-23 14:58:01+01;1279
2015-12-23 16:14:01+01;1269
2015-12-23 16:50:01+01;1249
2015-12-23 23:02:01+01;1299
2015-12-24 12:26:01+01;1299
2015-12-24 13:26:01+01;1299
2015-12-24 13:30:01+01;1289
2015-12-24 14:22:01+01;1279
2015-12-24 16:50:01+01;1249
2015-12-24 23:02:01+01;1299
2015-12-25 09:30:01+01;1299
2015-12-25 10:26:01+01;1299
2015-12-25 11:14:01+01;1259
2015-12-25 11:58:01+01;1249
2015-12-25 12:26:01+01;1289
2015-12-25 14:42:01+01;1279
2015-12-25 15:50:01+01;1269
2015-12-25 17:34:01+01;1259
2015-12-25 23:06:01+01;1309
2015-12-26 08:18:01+01;1259
2015-12-26 12:26:01+01;1299
2015-12-26 12:50:01+01;1279
2015-12-26 12:58:01+01;1259
2015-12-26 17:46:01+01;1249
2015-12-26 20:22:01+01;1249
2015-12-26 23:06:01+01;1299
2015-12-27 08:42:01+01;1289
2015-12-27 09:26:01+01;1279
2015-12-27 12:26:01+01;1299
2015-12-27 13:38:01+01;1289
2015-12-27 14:06:01+01;1279
2015-12-27 15:22:01+01;1279
2015-12-27 15:50:01+01;1269
2015-12-27 16:42:01+01;1269
2015-12-27 17:06:01+01;1259
2015-12-27 18:02:01+01;1249
2015-12-27 23:06:01+01;1299
2015-12-28 08:22:01+01;1289
2015-12-28 09:50:01+01;1279
2015-12-28 10:38:01+01;1259
2015-12-28 12:26:01+01;1299
2015-12-28 13:14:01+01;1289
2015-12-28 15:02:01+01;1279
2015-12-28 15:46:01+01;1269
2015-12-28 16:38:01+01;1259
2015-12-28 23:06:01+01;1309
2015-12-29 08:22:01+01;1279
2015-12-29 08:42:01+01;1279
2015-12-29 11:38:01+01;1259
2015-12-29 12:26:01+01;1299
2015-12-29 14:22:01+01;1289
2015-12-29 14:34:01+01;1259
2015-12-29 23:06:01+01;1309
2015-12-30 08:14:01+01;1279
2015-12-30 10:54:01+01;1279
2015-12-30 12:26:01+01;1309
2015-12-30 14:10:01+01;1289
2015-12-30 14:26:01+01;1279
2015-12-30 14:46:01+01;1259
2015-12-30 23:06:01+01;1309
2015-12-31 08:22:01+01;1279
2015-12-31 12:14:01+01;1249
2015-12-31 12:26:01+01;1289
2015-12-31 13:14:01+01;1279
2015-12-31 14:54:01+01;1259
2015-12-31 23:06:01+01;1309
2016-01-01 08:14:01+01;1299
2016-01-01 08:42:01+01;1279
2016-01-01 12:26:01+01;1309
2016-01-01 13:18:01+01;1289
2016-01-01 15:10:01+01;1289
2016-01-01 15:34:01+01;1259
2016-01-01 23:06:01+01;1309
2016-01-02 08:54:01+01;1279
2016-01-02 09:42:01+01;1269
2016-01-02 12:26:01+01;1309
2016-01-02 13:46:01+01;1269
2016-01-02 16:30:01+01;1259
2016-01-02 23:06:01+01;1309
2016-01-03 09:14:01+01;1279
2016-01-03 10:46:01+01;1269
2016-01-03 11:58:01+01;1259
2016-01-03 12:26:01+01;1299
2016-01-03 14:14:01+01;1289
2016-01-03 14:50:01+01;1269
2016-01-03 15:46:01+01;1269
2016-01-03 16:34:01+01;1259
2016-01-03 23:06:01+01;1309
2016-01-04 09:02:01+01;1279
2016-01-04 09:46:01+01;1269
2016-01-04 12:26:02+01;1309
2016-01-04 14:14:01+01;1289
2016-01-04 14:34:01+01;1279
2016-01-04 16:02:01+01;1269
2016-01-04 16:54:01+01;1259
2016-01-04 23:06:01+01;1309
2016-01-05 08:18:01+01;1299
2016-01-05 08:26:01+01;1279
2016-01-05 10:54:01+01;1259
2016-01-05 12:26:01+01;1299
2016-01-05 12:58:01+01;1289
2016-01-05 14:14:01+01;1269
2016-01-05 15:50:01+01;1259
2016-01-05 23:02:01+01;1319
2016-01-06 08:38:01+01;1279
2016-01-06 11:06:01+01;1269
2016-01-06 12:26:01+01;1309
2016-01-06 13:10:01+01;1299
2016-01-06 15:06:01+01;1269
2016-01-06 23:06:01+01;1319
2016-01-07 08:42:01+01;1299
2016-01-07 10:02:01+01;1269
2016-01-07 12:26:01+01;1309
2016-01-07 13:02:01+01;1299
2016-01-07 15:06:01+01;1279
2016-01-07 16:10:01+01;1269
2016-01-07 17:22:01+01;1249
2016-01-07 17:58:01+01;1249
2016-01-07 23:02:01+01;1319
2016-01-08 08:26:01+01;1279
2016-01-08 09:34:01+01;1279
2016-01-08 09:58:01+01;1249
2016-01-08 12:26:01+01;1289
2016-01-08 13:14:01+01;1279
2016-01-08 14:46:01+01;1249
2016-01-08 23:02:01+01;1319
2016-01-09 08:50:02+01;1269
2016-01-09 11:46:01+01;1259
2016-01-09 12:26:01+01;1299
2016-01-09 13:02:01+01;1289
2016-01-09 14:46:01+01;1279
2016-01-09 15:58:01+01;1259
2016-01-09 16:30:02+01;1249
2016-01-09 23:02:01+01;1319
2016-01-10 08:42:01+01;1309
2016-01-10 09:18:01+01;1269
2016-01-10 12:26:01+01;1309
2016-01-10 14:54:01+01;1249
2016-01-10 23:02:01+01;1319
2016-01-11 08:30:01+01;1289
2016-01-11 09:42:01+01;1279
2016-01-11 10:58:01+01;1249
2016-01-11 12:26:01+01;1289
2016-01-11 12:58:01+01;1279
2016-01-11 14:58:01+01;1249
2016-01-11 17:10:01+01;1239
2016-01-11 23:02:01+01;1309
2016-01-12 08:02:01+01;1239
2016-01-12 12:26:01+01;1279
2016-01-12 12:58:01+01;1259
2016-01-12 14:26:01+01;1249
2016-01-12 15:54:01+01;1239
2016-01-12 17:38:01+01;1229
2016-01-12 23:06:01+01;1299
2016-01-13 08:22:01+01;1269
2016-01-15 08:14:01+01;1259
2016-01-15 09:50:01+01;1259
2016-01-15 10:14:01+01;1249
2016-01-15 10:50:01+01;1239
2016-01-15 12:26:01+01;1279
2016-01-15 13:10:01+01;1249
2016-01-15 15:38:01+01;1239
2016-01-15 16:30:01+01;1219
2016-01-15 23:06:01+01;1299
2016-01-16 08:22:01+01;1249
2016-01-16 10:38:01+01;1229
2016-01-16 12:26:01+01;1269
2016-01-16 13:26:01+01;1259
2016-01-16 15:42:01+01;1259
2016-01-16 16:26:01+01;1239
2016-01-16 16:54:01+01;1219
2016-01-16 23:02:01+01;1299
2016-01-17 08:38:01+01;1249
2016-01-17 09:58:01+01;1239
2016-01-17 10:06:01+01;1239
2016-01-17 11:46:01+01;1229
2016-01-17 12:26:01+01;1269
2016-01-17 13:50:02+01;1259
2016-01-17 14:50:02+01;1229
2016-01-17 15:42:01+01;1209
2016-01-17 16:50:02+01;1199
2016-01-17 18:02:01+01;1199
2016-01-17 23:06:01+01;1299
2016-01-18 08:14:01+01;1239
2016-01-18 11:14:01+01;1219
2016-01-18 12:26:01+01;1259
2016-01-18 12:58:01+01;1249
2016-01-18 14:38:01+01;1239
2016-01-18 16:54:01+01;1219
2016-01-18 17:54:01+01;1209
2016-01-18 23:06:01+01;1289
2016-01-19 08:06:02+01;1249
2016-01-19 12:26:01+01;1279
2016-01-19 12:58:01+01;1269
2016-01-19 13:58:01+01;1259
2016-01-19 14:34:01+01;1249
2016-01-19 15:50:01+01;1229
2016-01-19 16:34:01+01;1209
2016-01-19 18:26:01+01;1209
2016-01-19 23:06:01+01;1279
2016-01-20 08:22:01+01;1239
2016-01-20 09:54:01+01;1229
2016-01-20 11:38:01+01;1209
2016-01-20 12:26:01+01;1249
2016-01-20 13:14:01+01;1239
2016-01-20 16:02:01+01;1219
2016-01-20 17:14:01+01;1209
2016-01-20 23:02:01+01;1279
2016-01-21 08:30:02+01;1249
2016-01-21 09:34:01+01;1239
2016-01-21 10:26:01+01;1229
2016-01-21 11:06:01+01;1209
2016-01-21 12:26:01+01;1249
2016-01-21 13:34:01+01;1239
2016-01-21 14:38:01+01;1219
2016-01-21 17:14:01+01;1199
2016-01-21 17:54:01+01;1189
2016-01-21 18:14:01+01;1179
2016-01-21 23:06:02+01;1269
2016-01-22 08:18:01+01;1239
2016-01-22 12:26:01+01;1279
2016-01-22 12:58:01+01;1239
2016-01-22 14:10:01+01;1229
2016-01-22 14:34:01+01;1219
2016-01-22 18:18:01+01;1209
2016-01-22 23:06:01+01;1279
2016-01-23 08:38:01+01;1249
2016-01-23 11:26:01+01;1229
2016-01-23 12:26:01+01;1269
2016-01-23 12:54:01+01;1259
2016-01-23 13:42:02+01;1249
2016-01-23 14:26:02+01;1239
2016-01-23 23:06:01+01;1289
2016-01-24 08:30:01+01;1259
2016-01-24 08:34:01+01;1269
2016-01-24 09:38:01+01;1259
2016-01-24 10:26:01+01;1229
2016-01-24 10:46:01+01;1229
2016-01-24 12:26:01+01;1269
2016-01-24 13:14:01+01;1259
2016-01-24 14:18:01+01;1239
2016-01-24 15:06:01+01;1229
2016-01-24 23:06:01+01;1279
2016-01-25 08:22:01+01;1259
2016-01-25 11:30:01+01;1229
2016-01-25 12:26:01+01;1269
2016-01-25 13:14:01+01;1249
2016-01-25 14:14:01+01;1239
2016-01-25 15:50:01+01;1229
2016-01-25 16:42:01+01;1229
2016-01-25 23:02:01+01;1289
2016-01-26 08:50:01+01;1259
2016-01-26 11:34:01+01;1249
2016-01-26 12:26:01+01;1279
2016-01-26 13:06:01+01;1279
2016-01-26 13:58:01+01;1259
2016-01-26 14:42:01+01;1239
2016-01-26 15:30:01+01;1219
2016-01-26 16:06:01+01;1209
2016-01-26 23:02:01+01;1279
2016-01-27 08:10:01+01;1249
2016-01-27 09:14:01+01;1219
2016-01-27 12:26:01+01;1259
2016-01-27 13:02:01+01;1249
2016-01-27 13:22:01+01;1239
2016-01-27 14:46:01+01;1219
2016-01-27 23:02:01+01;1269
2016-01-28 08:38:01+01;1219
2016-01-28 08:50:01+01;1209
2016-01-28 09:26:01+01;1209
2016-01-28 12:26:01+01;1249
2016-01-28 13:26:01+01;1239
2016-01-28 15:18:01+01;1229
2016-01-28 23:02:01+01;1279
2016-01-29 08:50:01+01;1249
2016-01-29 12:26:01+01;1289
2016-01-29 12:58:01+01;1259
2016-01-29 13:02:01+01;1259
2016-01-29 15:54:01+01;1239
2016-01-29 23:06:01+01;1289
2016-01-30 08:50:01+01;1259
2016-01-30 11:38:01+01;1249
2016-01-30 12:26:01+01;1289
2016-01-30 13:22:01+01;1259
2016-01-30 15:30:01+01;1239
2016-01-30 23:02:01+01;1289
2016-01-31 10:42:01+01;1239
2016-01-31 12:26:01+01;1279
2016-01-31 13:42:01+01;1269
2016-01-31 13:58:01+01;1259
2016-01-31 15:14:01+01;1239
2016-01-31 16:46:01+01;1239
2016-01-31 23:06:01+01;1289
2016-02-01 08:10:01+01;1259
2016-02-01 10:42:01+01;1249
2016-02-01 12:26:01+01;1289
2016-02-01 12:58:01+01;1259
2016-02-01 14:42:01+01;1239
2016-02-01 23:06:01+01;1289
2016-02-02 08:46:01+01;1289
2016-02-02 09:02:01+01;1249
2016-02-02 09:26:01+01;1239
2016-02-02 12:06:01+01;1229
2016-02-02 12:26:01+01;1269
2016-02-02 13:30:01+01;1259
2016-02-02 15:26:01+01;1249
2016-02-02 16:06:01+01;1239
2016-02-02 17:26:01+01;1229
2016-02-02 17:42:01+01;1219
2016-02-02 23:02:01+01;1269
2016-02-03 08:10:01+01;1269
2016-02-03 09:42:01+01;1239
2016-02-03 09:58:01+01;1229
2016-02-03 12:26:01+01;1269
2016-02-03 15:22:01+01;1239
2016-02-03 16:10:01+01;1229
2016-02-03 17:34:01+01;1219
2016-02-03 23:06:01+01;1269
2016-02-04 08:30:01+01;1229
2016-02-04 10:22:01+01;1219
2016-02-04 11:26:01+01;1209
2016-02-04 12:26:01+01;1249
2016-02-04 13:02:01+01;1239
2016-02-04 13:50:01+01;1219
2016-02-04 14:42:01+01;1209
2016-02-04 15:30:01+01;1199
2016-02-04 23:02:01+01;1259
2016-02-05 08:26:01+01;1249
2016-02-05 09:02:01+01;1239
2016-02-05 09:58:01+01;1229
2016-02-05 10:02:01+01;1209
2016-02-05 23:02:01+01;1259
2016-02-06 05:14:01+01;1269
2016-02-06 07:26:01+01;1239
2016-02-06 07:42:01+01;1239
2016-02-06 09:10:01+01;1239
2016-02-06 11:02:01+01;1219
2016-02-06 11:38:01+01;1219
2016-02-06 12:26:01+01;1259
2016-02-06 13:46:01+01;1249
2016-02-06 16:10:01+01;1239
2016-02-06 16:22:01+01;1229
2016-02-06 18:02:01+01;1209
2016-02-06 23:06:02+01;1259
2016-02-07 05:14:01+01;1269
2016-02-07 07:06:02+01;1249
2016-02-07 07:46:01+01;1249
2016-02-07 09:02:02+01;1239
2016-02-07 09:30:01+01;1239
2016-02-07 09:54:01+01;1239
2016-02-07 10:02:01+01;1229
2016-02-07 10:06:01+01;1229
2016-02-07 10:10:01+01;1229
2016-02-07 12:26:01+01;1259
2016-02-07 13:38:01+01;1249
2016-02-07 15:02:01+01;1239
2016-02-07 16:06:01+01;1219
2016-02-07 16:18:01+01;1209
2016-02-07 18:06:01+01;1209
2016-02-07 23:02:01+01;1259
2016-02-08 05:14:01+01;1269
2016-02-08 06:50:01+01;1249
2016-02-08 08:18:01+01;1249
2016-02-08 10:18:01+01;1219
2016-02-08 10:54:01+01;1219
2016-02-08 11:18:01+01;1209
2016-02-08 12:26:01+01;1249
2016-02-08 12:54:01+01;1239
2016-02-08 14:38:01+01;1209
2016-02-08 15:10:01+01;1209
2016-02-08 16:50:01+01;1199
2016-02-08 17:54:01+01;1199
2016-02-08 23:06:01+01;1249
2016-02-09 05:10:01+01;1259
2016-02-09 06:54:01+01;1229
2016-02-09 11:38:01+01;1209
2016-02-09 11:58:01+01;1199
2016-02-09 12:26:01+01;1239
2016-02-09 12:54:01+01;1229
2016-02-09 14:54:01+01;1209
2016-02-09 15:18:01+01;1199
2016-02-09 17:30:01+01;1189
2016-02-09 23:02:01+01;1239
2016-02-10 05:30:01+01;1249
2016-02-10 06:50:01+01;1239
2016-02-10 10:10:01+01;1189
2016-02-10 10:50:01+01;1189
2016-02-10 12:26:01+01;1229
2016-02-10 13:02:01+01;1219
2016-02-10 14:10:01+01;1219
2016-02-10 14:54:01+01;1199
2016-02-10 15:26:02+01;1189
2016-02-10 15:42:01+01;1189
2016-02-10 16:30:01+01;1179
2016-02-10 17:26:01+01;1179
2016-02-10 23:06:01+01;1239
2016-02-11 05:22:01+01;1239
2016-02-11 06:54:01+01;1219
2016-02-11 08:42:01+01;1219
2016-02-11 10:10:01+01;1189
2016-02-11 10:50:01+01;1189
2016-02-11 11:42:01+01;1179
2016-02-11 16:54:01+01;1179
2016-02-11 17:26:01+01;1179
2016-02-11 18:54:01+01;1169
2016-02-11 23:06:01+01;1239
2016-02-12 05:30:01+01;1229
2016-02-12 06:50:02+01;1219
2016-02-12 12:26:01+01;1239
2016-02-12 13:02:01+01;1219
2016-02-12 14:42:01+01;1189
2016-02-12 17:30:01+01;1189
2016-02-12 23:02:01+01;1239
2016-02-13 05:30:01+01;1239
2016-02-13 08:10:01+01;1199
2016-02-13 12:54:01+01;1229
2016-02-13 14:42:01+01;1219
2016-02-13 15:38:01+01;1209
2016-02-13 17:38:01+01;1199
2016-02-13 17:58:01+01;1189
2016-02-13 23:06:01+01;1239
2016-02-14 05:30:01+01;1239
2016-02-14 07:50:01+01;1219
2016-02-14 09:50:01+01;1219
2016-02-14 10:42:01+01;1219
2016-02-14 12:54:01+01;1229
2016-02-14 14:02:01+01;1219
2016-02-14 14:54:01+01;1209
2016-02-14 16:10:01+01;1199
2016-02-14 16:38:01+01;1189
2016-02-14 23:06:01+01;1239
2016-02-15 05:26:01+01;1239
2016-02-15 06:54:01+01;1229
2016-02-15 12:30:01+01;1219
2016-02-15 14:50:01+01;1209
2016-02-15 15:18:01+01;1199
2016-02-15 15:38:01+01;1199
2016-02-15 23:02:01+01;1249
2016-02-16 05:22:01+01;1249
2016-02-16 06:54:01+01;1229
2016-02-16 10:06:01+01;1219
2016-02-16 11:18:01+01;1209
2016-02-16 12:54:01+01;1229
2016-02-16 15:18:01+01;1219
2016-02-16 23:06:01+01;1259
2016-02-17 05:18:01+01;1259
2016-02-17 06:46:01+01;1229
2016-02-17 08:14:01+01;1229
2016-02-17 11:10:01+01;1219
2016-02-17 12:54:01+01;1249
2016-02-17 14:02:02+01;1239
2016-02-17 14:54:01+01;1199
2016-02-17 16:02:01+01;1189
2016-02-17 23:06:01+01;1239
2016-02-18 06:42:01+01;1219
2016-02-18 11:34:01+01;1189
2016-02-18 12:54:02+01;1219
2016-02-18 14:30:01+01;1209
2016-02-18 14:58:01+01;1209
2016-02-18 16:58:01+01;1199
2016-02-18 23:06:01+01;1249
2016-02-19 05:18:01+01;1259
2016-02-19 05:42:01+01;1249
2016-02-19 06:50:01+01;1219
2016-02-19 07:50:01+01;1209
2016-02-19 10:26:01+01;1199
2016-02-19 10:46:01+01;1199
2016-02-19 12:54:01+01;1229
2016-02-19 15:06:01+01;1199
2016-02-19 15:50:01+01;1189
2016-02-19 16:34:01+01;1189
2016-02-19 23:06:01+01;1239
2016-02-20 05:22:01+01;1249
2016-02-20 07:50:01+01;1219
2016-02-20 08:34:01+01;1209
2016-02-20 09:42:01+01;1209
2016-02-20 10:22:01+01;1209
2016-02-20 10:54:01+01;1199
2016-02-20 11:34:01+01;1189
2016-02-20 12:54:01+01;1219
2016-02-20 14:50:01+01;1219
2016-02-20 15:38:01+01;1189
2016-02-20 17:02:01+01;1189
2016-02-20 17:30:01+01;1189
2016-02-20 23:06:01+01;1239
2016-02-21 05:26:01+01;1249
2016-02-21 07:38:01+01;1219
2016-02-21 08:38:01+01;1209
2016-02-21 09:22:01+01;1199
2016-02-21 10:50:01+01;1199
2016-02-21 12:54:01+01;1219
2016-02-21 13:50:01+01;1209
2016-02-21 14:42:01+01;1199
2016-02-21 15:38:01+01;1189
2016-02-21 17:26:01+01;1189
2016-02-21 23:06:01+01;1239
2016-02-22 05:34:01+01;1249
2016-02-22 06:14:01+01;1239
2016-02-22 06:50:01+01;1229
2016-02-22 07:42:01+01;1219
2016-02-22 08:26:01+01;1209
2016-02-22 08:42:01+01;1209
2016-02-22 12:54:01+01;1219
2016-02-22 13:58:01+01;1199
2016-02-22 14:38:01+01;1179
2016-02-22 15:10:01+01;1179
2016-02-22 18:22:01+01;1179
2016-02-22 23:06:01+01;1239
2016-02-23 05:26:01+01;1239
2016-02-23 06:42:01+01;1199
2016-02-23 09:14:01+01;1189
2016-02-23 10:26:01+01;1179
2016-02-23 11:06:01+01;1179
2016-02-23 11:14:01+01;1179
2016-02-23 12:54:01+01;1209
2016-02-23 14:38:01+01;1189
2016-02-23 15:26:01+01;1179
2016-02-23 23:02:01+01;1239
2016-02-24 05:34:01+01;1239
2016-02-24 07:06:01+01;1209
2016-02-24 09:38:01+01;1209
2016-02-24 10:50:01+01;1199
2016-02-24 12:54:01+01;1209
2016-02-24 15:06:01+01;1189
2016-02-24 15:18:01+01;1179
2016-02-24 16:58:01+01;1169
2016-02-24 18:14:01+01;1169
2016-02-24 23:02:01+01;1219
2016-02-25 05:26:01+01;1229
2016-02-25 07:10:01+01;1199
2016-02-25 11:34:01+01;1189
2016-02-25 12:02:01+01;1189
2016-02-25 12:54:01+01;1219
2016-02-25 14:42:01+01;1199
2016-02-25 15:18:01+01;1189
2016-02-25 15:34:01+01;1189
2016-02-25 16:30:01+01;1179
2016-02-25 23:06:01+01;1229
2016-02-26 05:34:01+01;1239
2016-02-26 06:06:01+01;1229
2016-02-26 06:50:01+01;1209
2016-02-26 07:46:01+01;1209
2016-02-26 08:18:01+01;1209
2016-02-26 08:54:01+01;1209
2016-02-26 11:06:01+01;1199
2016-02-26 11:38:02+01;1189
2016-02-26 12:54:01+01;1219
2016-02-26 13:58:01+01;1219
2016-02-26 14:34:01+01;1199
2016-02-26 14:54:01+01;1199
2016-02-26 15:14:02+01;1189
2016-02-26 23:02:01+01;1239
2016-02-27 05:22:01+01;1249
2016-02-27 07:14:01+01;1209
2016-02-27 11:38:01+01;1199
2016-02-27 12:26:01+01;1199
2016-02-27 12:53:01+01;1229
2016-02-27 13:59:01+01;1219
2016-02-27 14:50:01+01;1199
2016-02-27 15:11:01+01;1189
2016-02-27 17:44:01+01;1189
2016-02-27 17:56:01+01;1189
2016-02-27 23:05:01+01;1239
2016-02-28 05:23:01+01;1249
2016-02-28 05:57:01+01;1239
2016-02-28 07:27:01+01;1229
2016-02-28 09:00:01+01;1229
2016-02-28 10:36:01+01;1189
2016-02-28 11:00:01+01;1189
2016-02-28 12:53:01+01;1219
2016-02-28 13:45:02+01;1189
2016-02-28 14:08:01+01;1189
2016-02-28 23:03:01+01;1239
2016-02-29 05:21:01+01;1249
2016-02-29 05:41:01+01;1239
2016-02-29 09:08:01+01;1229
2016-02-29 10:05:01+01;1199
2016-02-29 12:57:01+01;1219
2016-02-29 13:59:01+01;1219
2016-02-29 14:27:01+01;1199
2016-02-29 14:41:01+01;1189
2016-02-29 16:17:01+01;1189
2016-02-29 18:57:01+01;1179
2016-02-29 23:03:01+01;1249
2016-03-01 05:26:01+01;1239
2016-03-01 07:18:01+01;1229
2016-03-01 08:48:01+01;1219
2016-03-01 12:53:01+01;1249
2016-03-01 13:45:01+01;1229
2016-03-01 14:51:01+01;1209
2016-03-01 15:14:01+01;1199
2016-03-01 16:21:01+01;1189
2016-03-01 17:57:01+01;1179
2016-03-01 23:03:01+01;1249
2016-03-02 05:27:01+01;1269
2016-03-02 06:42:01+01;1239
2016-03-02 07:12:01+01;1229
2016-03-02 08:42:01+01;1219
2016-03-02 10:17:01+01;1219
2016-03-02 12:53:01+01;1239
2016-03-02 13:53:01+01;1229
2016-03-02 15:15:02+01;1199
2016-03-02 15:32:01+01;1199
2016-03-02 16:15:01+01;1189
2016-03-02 17:02:01+01;1189
2016-03-02 23:02:01+01;1249
2016-03-03 05:20:01+01;1249
2016-03-03 06:42:01+01;1239
2016-03-03 07:03:01+01;1219
2016-03-03 08:35:01+01;1209
2016-03-03 10:20:01+01;1209
2016-03-03 10:44:01+01;1199
2016-03-03 11:08:01+01;1199
2016-03-03 11:23:01+01;1189
2016-03-03 12:53:01+01;1209
2016-03-03 13:41:01+01;1209
2016-03-03 15:20:02+01;1199
2016-03-03 15:44:01+01;1189
2016-03-03 17:05:01+01;1189
2016-03-03 18:00:01+01;1179
2016-03-03 23:03:01+01;1249
2016-03-04 05:23:01+01;1239
2016-03-04 07:08:01+01;1219
2016-03-04 07:45:01+01;1209
2016-03-04 09:00:01+01;1209
2016-03-04 09:57:01+01;1199
2016-03-04 10:11:01+01;1189
2016-03-04 11:29:01+01;1189
2016-03-04 12:57:01+01;1209
2016-03-04 15:12:01+01;1199
2016-03-04 15:38:01+01;1199
2016-03-04 16:21:01+01;1189
2016-03-04 18:11:01+01;1179
2016-03-04 23:03:01+01;1249
2016-03-05 05:21:01+01;1239
2016-03-05 07:21:01+01;1229
2016-03-05 10:20:01+01;1209
2016-03-05 11:57:01+01;1199
2016-03-05 12:53:01+01;1209
2016-03-05 15:11:01+01;1199
2016-03-05 15:17:01+01;1199
2016-03-05 15:27:01+01;1189
2016-03-05 23:03:01+01;1249
2016-03-06 05:21:01+01;1239
2016-03-06 06:48:01+01;1229
2016-03-06 08:35:01+01;1219
2016-03-06 09:51:01+01;1199
2016-03-06 12:53:01+01;1219
2016-03-06 14:41:01+01;1219
2016-03-06 14:57:01+01;1209
2016-03-06 15:27:01+01;1199
2016-03-06 17:03:01+01;1199
2016-03-06 23:03:01+01;1249
2016-03-07 05:27:01+01;1249
2016-03-07 07:02:01+01;1229
2016-03-07 08:26:01+01;1219
2016-03-07 11:08:01+01;1209
2016-03-07 11:23:01+01;1199
2016-03-07 12:53:01+01;1219
2016-03-07 15:05:01+01;1189
2016-03-07 17:18:01+01;1189
2016-03-07 18:14:01+01;1179
2016-03-07 23:05:01+01;1249
2016-03-08 05:17:01+01;1239
2016-03-08 07:12:01+01;1229
2016-03-08 08:21:01+01;1219
2016-03-08 11:12:01+01;1209
2016-03-08 11:33:01+01;1199
2016-03-08 12:53:01+01;1219
2016-03-08 15:15:01+01;1209
2016-03-08 16:50:01+01;1199
2016-03-08 23:05:02+01;1279
2016-03-09 05:24:01+01;1259
2016-03-09 06:51:01+01;1219
2016-03-09 07:53:01+01;1219
2016-03-09 08:12:01+01;1219
2016-03-09 09:44:01+01;1209
2016-03-09 12:56:01+01;1229
2016-03-09 15:05:01+01;1229
2016-03-09 15:24:01+01;1209
2016-03-09 17:33:01+01;1199
2016-03-09 23:03:01+01;1279
2016-03-10 05:24:01+01;1259
2016-03-10 07:15:01+01;1249
2016-03-10 08:14:01+01;1239
2016-03-10 09:05:01+01;1229
2016-03-10 09:15:01+01;1229
2016-03-10 11:08:01+01;1219
2016-03-10 12:24:01+01;1269
2016-03-10 12:59:01+01;1239
2016-03-10 14:36:01+01;1229
2016-03-10 14:44:01+01;1209
2016-03-10 15:42:01+01;1209
2016-03-10 17:08:01+01;1209
2016-03-10 23:02:01+01;1299
2016-03-11 05:23:01+01;1269
2016-03-11 07:02:01+01;1269
2016-03-11 09:29:01+01;1259
2016-03-11 10:02:01+01;1239
2016-03-11 11:08:01+01;1229
2016-03-11 12:56:02+01;1239
2016-03-11 13:14:01+01;1249
2016-03-11 14:38:01+01;1239
2016-03-11 14:56:01+01;1229
2016-03-11 15:44:01+01;1219
2016-03-11 18:05:01+01;1219
2016-03-11 23:02:00+01;1289
2016-03-12 05:23:01+01;1279
2016-03-12 07:29:02+01;1259
2016-03-12 11:35:01+01;1239
2016-03-12 12:23:01+01;1269
2016-03-12 12:56:01+01;1269
2016-03-12 14:08:01+01;1259
2016-03-12 15:23:01+01;1259
2016-03-12 15:50:01+01;1239
2016-03-12 16:56:01+01;1229
2016-03-12 17:26:01+01;1229
2016-03-12 17:47:01+01;1219
2016-03-12 23:02:01+01;1289
2016-03-13 05:26:01+01;1279
2016-03-13 07:17:01+01;1259
2016-03-13 09:53:01+01;1249
2016-03-13 11:05:01+01;1239
2016-03-13 11:26:01+01;1239
2016-03-13 11:59:01+01;1229
2016-03-13 12:23:01+01;1269
2016-03-13 12:56:01+01;1249
2016-03-13 14:59:01+01;1239
2016-03-13 16:20:01+01;1229
2016-03-13 16:35:01+01;1229
2016-03-13 16:50:01+01;1219
2016-03-13 23:02:01+01;1289
2016-03-14 05:23:01+01;1259
2016-03-14 07:08:01+01;1259
2016-03-14 07:47:01+01;1249
2016-03-14 10:14:01+01;1249
2016-03-14 10:38:01+01;1239
2016-03-14 10:50:01+01;1229
2016-03-14 12:23:01+01;1269
2016-03-14 12:56:01+01;1249
2016-03-14 13:38:01+01;1239
2016-03-14 15:23:01+01;1229
2016-03-14 15:50:01+01;1219
2016-03-14 23:03:01+01;1269
2016-03-15 05:20:01+01;1269
2016-03-15 07:08:01+01;1259
2016-03-15 08:11:01+01;1249
2016-03-15 09:20:01+01;1249
2016-03-15 10:53:01+01;1229
2016-03-15 12:23:01+01;1259
2016-03-15 12:56:01+01;1249
2016-03-15 14:53:01+01;1229
2016-03-15 15:44:01+01;1209
2016-03-15 16:38:01+01;1209
2016-03-15 23:02:02+01;1259
2016-03-16 05:32:01+01;1269
2016-03-16 07:20:01+01;1249
2016-03-16 08:35:02+01;1249
2016-03-16 09:17:01+01;1229
2016-03-16 09:59:01+01;1229
2016-03-16 12:23:02+01;1269
2016-03-16 13:47:01+01;1239
2016-03-16 15:03:01+01;1219
2016-03-16 15:29:01+01;1219
2016-03-16 16:08:01+01;1219
2016-03-16 17:11:01+01;1209
2016-03-16 23:02:01+01;1269
2016-03-17 05:26:01+01;1269
2016-03-17 06:50:01+01;1239
2016-03-17 08:20:01+01;1229
2016-03-17 10:20:01+01;1219
2016-03-17 12:08:01+01;1219
2016-03-17 12:23:01+01;1269
2016-03-17 13:47:01+01;1239
2016-03-17 14:59:01+01;1229
2016-03-17 16:08:01+01;1229
2016-03-17 18:26:01+01;1219
2016-03-17 23:02:01+01;1269
2016-03-18 05:26:01+01;1269
2016-03-18 07:20:01+01;1249
2016-03-18 08:14:01+01;1249
2016-03-18 09:23:01+01;1239
2016-03-18 10:29:01+01;1239
2016-03-18 10:53:01+01;1239
2016-03-18 11:26:01+01;1229
2016-03-18 12:23:01+01;1269
2016-03-18 13:53:01+01;1249
2016-03-18 15:05:01+01;1219
2016-03-18 15:44:01+01;1219
2016-03-18 23:02:01+01;1269
2016-03-19 05:23:01+01;1279
2016-03-19 07:17:01+01;1259
2016-03-19 10:08:01+01;1249
2016-03-19 10:41:01+01;1239
2016-03-19 12:23:01+01;1269
2016-03-19 13:17:01+01;1229
2016-03-19 13:44:01+01;1249
2016-03-19 14:11:02+01;1229
2016-03-19 15:53:01+01;1219
2016-03-19 17:29:01+01;1219
2016-03-19 23:03:01+01;1269
2016-03-20 05:23:01+01;1279
2016-03-20 07:11:01+01;1269
2016-03-20 08:08:01+01;1259
2016-03-20 10:18:01+01;1249
2016-03-20 12:24:01+01;1269
2016-03-20 12:56:01+01;1269
2016-03-20 14:02:01+01;1249
2016-03-20 15:06:01+01;1219
2016-03-20 16:53:01+01;1219
2016-03-20 17:48:01+01;1219
2016-03-20 20:06:01+01;1209
2016-03-20 23:03:01+01;1269
2016-03-21 05:20:01+01;1269
2016-03-21 07:14:01+01;1259
2016-03-21 08:24:01+01;1249
2016-03-21 08:53:01+01;1239
2016-03-21 10:02:01+01;1229
2016-03-21 10:51:01+01;1229
2016-03-21 13:00:01+01;1249
2016-03-21 14:00:01+01;1249
2016-03-21 15:03:01+01;1219
2016-03-21 17:21:01+01;1219
2016-03-21 23:03:01+01;1269
2016-03-22 05:23:01+01;1279
2016-03-22 07:08:01+01;1259
2016-03-22 08:59:01+01;1249
2016-03-22 12:23:01+01;1289
2016-03-22 12:53:01+01;1249
2016-03-22 13:41:01+01;1269
2016-03-22 14:23:01+01;1249
2016-03-22 14:57:01+01;1239
2016-03-22 16:15:01+01;1229
2016-03-22 23:02:01+01;1279
2016-03-23 05:24:01+01;1289
2016-03-23 07:53:02+01;1259
2016-03-23 10:42:01+01;1249
2016-03-23 11:47:01+01;1249
2016-03-23 12:24:01+01;1289
2016-03-23 13:08:01+01;1269
2016-03-23 14:36:01+01;1259
2016-03-23 15:20:01+01;1239
2016-03-23 15:44:01+01;1229
2016-03-23 19:36:01+01;1229
2016-03-23 23:02:01+01;1289
2016-03-24 05:24:02+01;1289
2016-03-24 07:50:01+01;1279
2016-03-24 09:12:01+01;1259
2016-03-24 10:08:01+01;1249
2016-03-24 11:12:01+01;1229
2016-03-24 12:23:01+01;1269
2016-03-24 13:44:01+01;1249
2016-03-24 15:06:01+01;1239
2016-03-24 16:24:01+01;1229
2016-03-24 19:05:01+01;1229
2016-03-24 23:03:01+01;1279
2016-03-25 05:38:01+01;1289
2016-03-25 07:53:01+01;1279
2016-03-25 09:47:01+01;1269
2016-03-25 10:53:01+01;1259
2016-03-25 11:11:01+01;1249
2016-03-25 12:23:01+01;1289
2016-03-25 13:45:01+01;1269
2016-03-25 14:33:01+01;1259
2016-03-25 14:47:01+01;1239
2016-03-25 17:23:01+01;1229
2016-03-25 17:47:01+01;1229
2016-03-25 23:03:01+01;1279
2016-03-26 05:39:01+01;1289
2016-03-26 07:27:01+01;1279
2016-03-26 11:00:01+01;1269
2016-03-26 12:20:01+01;1259
2016-03-26 12:30:01+01;1299
2016-03-26 13:06:01+01;1279
2016-03-26 14:44:01+01;1279
2016-03-26 15:56:01+01;1269
2016-03-26 16:38:01+01;1259
2016-03-26 17:20:01+01;1259
2016-03-26 18:02:01+01;1239
2016-03-26 23:03:01+01;1289
2016-03-27 05:39:01+02;1299
2016-03-27 08:18:01+02;1279
2016-03-27 11:18:01+02;1269
2016-03-27 12:24:01+02;1299
2016-03-27 13:06:01+02;1289
2016-03-27 14:08:01+02;1279
2016-03-27 14:44:01+02;1259
2016-03-27 17:32:01+02;1239
2016-03-27 20:15:01+02;1239
2016-03-27 23:03:01+02;1289
2016-03-28 05:36:01+02;1299
2016-03-28 11:03:01+02;1269
2016-03-28 12:12:02+02;1259
2016-03-28 12:24:01+02;1299
2016-03-28 13:48:01+02;1279
2016-03-28 15:08:01+02;1249
2016-03-28 16:02:01+02;1239
2016-03-28 17:44:01+02;1229
2016-03-28 18:08:01+02;1229
2016-03-28 19:45:01+02;1219
2016-03-28 23:02:01+02;1279
2016-03-29 05:35:01+02;1289
2016-03-29 08:51:01+02;1269
2016-03-29 11:47:01+02;1259
2016-03-29 12:23:01+02;1289
2016-03-29 13:05:01+02;1279
2016-03-29 13:42:01+02;1269
2016-03-29 15:08:01+02;1269
2016-03-29 15:35:02+02;1259
2016-03-29 16:15:01+02;1249
2016-03-29 18:47:01+02;1249
2016-03-29 19:53:01+02;1239
2016-03-29 20:56:01+02;1239
2016-03-29 23:02:02+02;1289
2016-03-30 05:39:01+02;1299
2016-03-30 08:32:01+02;1279
2016-03-30 11:15:01+02;1259
2016-03-30 12:23:01+02;1299
2016-03-30 13:44:01+02;1279
2016-03-30 15:27:01+02;1269
2016-03-30 15:50:01+02;1259
2016-03-30 16:11:01+02;1259
2016-03-30 18:27:01+02;1259
2016-03-30 19:08:01+02;1249
2016-03-30 23:03:01+02;1329
2016-03-31 05:39:01+02;1309
2016-03-31 07:36:01+02;1299
2016-03-31 07:56:01+02;1289
2016-03-31 10:12:01+02;1279
2016-03-31 11:59:01+02;1259
2016-03-31 12:24:01+02;1299
2016-03-31 13:06:01+02;1279
2016-03-31 15:12:01+02;1279
2016-03-31 15:36:01+02;1279
2016-03-31 17:12:01+02;1259
2016-03-31 18:18:01+02;1259
2016-03-31 19:24:01+02;1259
2016-03-31 23:03:01+02;1329
2016-04-01 05:42:01+02;1319
2016-04-01 07:21:01+02;1299
2016-04-01 09:20:01+02;1289
2016-04-01 11:00:02+02;1259
2016-04-01 12:23:01+02;1299
2016-04-01 13:08:01+02;1279
2016-04-01 14:42:01+02;1269
2016-04-01 15:11:01+02;1269
2016-04-01 15:29:01+02;1259
2016-04-01 16:32:01+02;1259
2016-04-01 17:45:01+02;1259
2016-04-01 23:02:01+02;1329
2016-04-02 05:35:01+02;1319
2016-04-02 07:45:01+02;1299
2016-04-02 08:15:01+02;1299
2016-04-02 09:51:01+02;1279
2016-04-02 10:20:01+02;1279
2016-04-02 11:27:01+02;1259
2016-04-02 12:23:02+02;1299
2016-04-02 13:05:02+02;1299
2016-04-02 14:05:01+02;1289
2016-04-02 14:45:01+02;1279
2016-04-02 16:21:01+02;1259
2016-04-02 17:08:01+02;1259
2016-04-02 23:03:01+02;1329
2016-04-03 05:36:01+02;1319
2016-04-03 08:26:01+02;1309
2016-04-03 09:21:01+02;1299
2016-04-03 10:33:01+02;1279
2016-04-03 11:08:01+02;1279
2016-04-03 12:23:01+02;1319
2016-04-03 13:06:01+02;1299
2016-04-03 13:53:01+02;1299
2016-04-03 14:33:01+02;1269
2016-04-03 14:56:01+02;1269
2016-04-03 15:20:02+02;1269
2016-04-03 15:57:02+02;1259
2016-04-03 17:14:01+02;1249
2016-04-03 19:14:01+02;1249
2016-04-03 23:02:01+02;1329
2016-04-04 05:35:01+02;1309
2016-04-04 08:02:01+02;1289
2016-04-04 09:17:01+02;1279
2016-04-04 11:44:01+02;1269
2016-04-04 12:08:01+02;1259
2016-04-04 12:23:01+02;1299
2016-04-04 14:05:01+02;1269
2016-04-04 15:08:01+02;1269
2016-04-04 15:50:01+02;1239
2016-04-04 17:26:02+02;1239
2016-04-04 18:38:01+02;1239
2016-04-04 19:50:01+02;1239
2016-04-04 23:05:01+02;1319
2016-04-05 05:35:01+02;1299
2016-04-05 07:47:01+02;1279
2016-04-05 09:32:01+02;1279
2016-04-05 11:29:01+02;1279
2016-04-05 12:23:01+02;1309
2016-04-05 14:02:01+02;1249
2016-04-05 15:08:01+02;1249
2016-04-05 16:14:01+02;1239
2016-04-05 16:16:01+02;1249
2016-04-05 16:17:01+02;1239
2016-04-05 17:14:01+02;1239
2016-04-05 17:44:01+02;1239
2016-04-05 23:02:01+02;1309
2016-04-06 05:35:02+02;1299
2016-04-06 07:14:01+02;1279
2016-04-06 08:32:01+02;1279
2016-04-06 09:05:01+02;1269
2016-04-06 09:44:01+02;1239
2016-04-06 10:38:01+02;1239
2016-04-06 12:17:01+02;1239
2016-04-06 12:23:01+02;1279
2016-04-06 13:02:01+02;1259
2016-04-06 13:50:01+02;1239
2016-04-06 15:44:01+02;1239
2016-04-06 18:11:01+02;1239
2016-04-06 23:02:02+02;1309
2016-04-07 05:38:01+02;1299
2016-04-07 07:53:01+02;1289
2016-04-07 08:29:01+02;1279
2016-04-07 08:59:01+02;1279
2016-04-07 09:53:01+02;1259
2016-04-07 10:32:01+02;1239
2016-04-07 12:23:01+02;1279
2016-04-07 13:05:01+02;1259
2016-04-07 15:17:01+02;1249
2016-04-07 16:29:01+02;1239
2016-04-07 23:05:01+02;1309
2016-04-08 05:38:01+02;1239
2016-04-08 08:17:01+02;1239
2016-04-08 08:38:01+02;1259
2016-04-08 09:35:01+02;1229
2016-04-08 12:23:01+02;1269
2016-04-08 13:05:01+02;1239
2016-04-08 17:41:01+02;1239
2016-04-08 18:08:01+02;1229
2016-04-08 23:05:01+02;1319
2016-04-09 05:38:01+02;1289
2016-04-09 07:05:01+02;1279
2016-04-09 08:38:01+02;1269
2016-04-09 10:29:01+02;1259
2016-04-09 12:12:01+02;1249
2016-04-09 12:23:01+02;1289
2016-04-09 13:05:01+02;1269
2016-04-09 13:53:01+02;1249
2016-04-09 15:32:01+02;1249
2016-04-09 20:02:01+02;1239
2016-04-09 23:05:01+02;1319
2016-04-10 07:12:01+02;1289
2016-04-10 08:48:01+02;1269
2016-04-10 09:48:01+02;1239
2016-04-10 12:23:01+02;1279
2016-04-10 13:48:01+02;1259
2016-04-10 14:08:01+02;1249
2016-04-10 15:12:01+02;1249
2016-04-10 17:23:01+02;1249
2016-04-10 23:03:01+02;1319
2016-04-11 05:38:01+02;1309
2016-04-11 06:48:01+02;1299
2016-04-11 07:38:01+02;1289
2016-04-11 08:12:01+02;1279
2016-04-11 08:48:01+02;1249
2016-04-11 10:29:01+02;1249
2016-04-11 12:24:01+02;1289
2016-04-11 13:06:01+02;1259
2016-04-11 13:53:01+02;1259
2016-04-11 15:47:01+02;1249
2016-04-11 17:12:01+02;1249
2016-04-11 23:06:01+02;1329
2016-04-12 05:42:01+02;1309
2016-04-12 07:00:01+02;1299
2016-04-12 07:51:01+02;1289
2016-04-12 08:42:01+02;1269
2016-04-12 10:06:01+02;1259
2016-04-12 11:35:01+02;1259
2016-04-12 12:23:01+02;1299
2016-04-12 13:05:01+02;1279
2016-04-12 13:57:01+02;1269
2016-04-12 15:20:01+02;1259
2016-04-12 17:24:01+02;1249
2016-04-12 23:03:01+02;1339
2016-04-13 05:36:01+02;1309
2016-04-13 07:14:01+02;1299
2016-04-13 07:50:01+02;1289
2016-04-13 09:12:01+02;1279
2016-04-13 10:18:01+02;1269
2016-04-13 10:54:01+02;1259
2016-04-13 12:21:01+02;1259
2016-04-13 12:23:01+02;1299
2016-04-13 13:09:01+02;1279
2016-04-13 14:09:01+02;1279
2016-04-13 15:20:01+02;1269
2016-04-13 16:14:01+02;1259
2016-04-13 23:06:01+02;1339
2016-04-14 05:36:01+02;1319
2016-04-14 06:54:01+02;1319
2016-04-14 08:11:01+02;1309
2016-04-14 09:11:01+02;1299
2016-04-14 09:47:01+02;1289
2016-04-14 10:33:01+02;1269
2016-04-14 11:38:01+02;1269
2016-04-14 12:23:01+02;1309
2016-04-14 13:54:01+02;1269
2016-04-14 16:50:01+02;1259
2016-04-14 19:00:01+02;1259
2016-04-14 23:02:01+02;1339
2016-04-15 05:35:01+02;1319
2016-04-15 07:53:01+02;1309
2016-04-15 09:29:01+02;1299
2016-04-15 11:45:01+02;1289
2016-04-15 12:08:01+02;1279
2016-04-15 12:23:01+02;1319
2016-04-15 13:48:01+02;1299
2016-04-15 14:14:01+02;1279
2016-04-15 15:54:02+02;1269
2016-04-15 16:42:01+02;1259
2016-04-15 16:53:01+02;1259
2016-04-15 23:03:01+02;1339
2016-04-16 05:36:01+02;1309
2016-04-16 07:41:01+02;1309
2016-04-16 08:41:01+02;1299
2016-04-16 10:17:01+02;1289
2016-04-16 12:12:01+02;1279
2016-04-16 12:24:01+02;1319
2016-04-16 13:53:01+02;1269
2016-04-16 15:36:01+02;1269
2016-04-16 16:48:01+02;1259
2016-04-16 23:02:01+02;1339
2016-04-17 05:36:01+02;1319
2016-04-17 09:03:01+02;1309
2016-04-17 10:39:01+02;1299
2016-04-17 12:23:01+02;1339
2016-04-17 13:57:01+02;1309
2016-04-17 14:59:01+02;1279
2016-04-17 16:03:01+02;1279
2016-04-17 16:33:01+02;1269
2016-04-17 19:08:01+02;1259
2016-04-17 23:03:01+02;1339
2016-04-18 05:35:01+02;1309
2016-04-18 08:09:02+02;1309
2016-04-18 08:24:01+02;1299
2016-04-18 09:54:01+02;1289
2016-04-18 10:47:01+02;1269
2016-04-18 12:23:01+02;1309
2016-04-18 13:05:02+02;1289
2016-04-18 14:09:01+02;1269
2016-04-18 15:59:01+02;1259
2016-04-18 16:36:01+02;1249
2016-04-18 23:02:01+02;1319
2016-04-19 05:39:01+02;1309
2016-04-19 07:08:01+02;1299
2016-04-19 09:42:01+02;1259
2016-04-19 12:24:01+02;1299
2016-04-19 13:48:01+02;1259
2016-04-19 16:15:01+02;1259
2016-04-19 19:44:01+02;1249
2016-04-19 23:03:01+02;1319
2016-04-20 05:35:01+02;1309
2016-04-20 07:17:02+02;1299
2016-04-20 07:53:01+02;1289
2016-04-20 09:36:01+02;1279
2016-04-20 09:51:01+02;1279
2016-04-20 10:33:01+02;1279
2016-04-20 10:51:01+02;1269
2016-04-20 11:27:01+02;1259
2016-04-20 12:24:01+02;1299
2016-04-20 13:09:01+02;1279
2016-04-20 14:00:01+02;1279
2016-04-20 15:48:01+02;1269
2016-04-20 16:14:01+02;1259
2016-04-20 17:17:01+02;1249
2016-04-20 18:27:01+02;1249
2016-04-21 05:36:01+02;1299
2016-04-21 07:56:01+02;1299
2016-04-21 08:24:01+02;1289
2016-04-21 09:08:01+02;1259
2016-04-21 09:38:01+02;1249
2016-04-21 12:24:01+02;1289
2016-04-21 13:05:01+02;1269
2016-04-21 15:12:01+02;1259
2016-04-22 05:38:01+02;1309
2016-04-22 07:08:01+02;1309
2016-04-22 08:38:01+02;1299
2016-04-22 09:26:01+02;1299
2016-04-22 09:56:01+02;1289
2016-04-22 10:44:01+02;1289
2016-04-22 11:53:01+02;1279
2016-04-22 12:23:01+02;1319
2016-04-22 13:08:01+02;1299
2016-04-22 14:20:01+02;1289
2016-04-22 15:08:01+02;1279
2016-04-22 15:32:01+02;1279
2016-04-22 16:17:01+02;1269
2016-04-22 17:29:01+02;1259
2016-04-22 23:05:01+02;1339
2016-04-23 05:38:01+02;1319
2016-04-23 07:35:01+02;1319
2016-04-23 09:35:01+02;1279
2016-04-23 10:35:01+02;1269
2016-04-23 11:05:01+02;1269
2016-04-23 12:23:01+02;1309
2016-04-23 13:08:01+02;1289
2016-04-23 14:41:01+02;1279
2016-04-23 15:23:01+02;1259
2016-04-23 16:14:01+02;1259
2016-04-23 23:05:01+02;1339
2016-04-24 05:35:01+02;1319
2016-04-24 07:20:01+02;1319
2016-04-24 09:26:01+02;1289
2016-04-24 10:14:01+02;1279
2016-04-24 10:38:01+02;1279
2016-04-24 11:05:01+02;1269
2016-04-24 12:23:01+02;1309
2016-04-24 12:53:01+02;1289
2016-04-24 14:20:01+02;1289
2016-04-24 15:41:01+02;1259
2016-04-24 21:46:01+02;1259
2016-04-24 23:05:01+02;1339
2016-04-25 05:35:01+02;1319
2016-04-25 07:14:01+02;1319
2016-04-25 08:53:01+02;1309
2016-04-25 09:14:01+02;1299
2016-04-25 09:41:01+02;1289
2016-04-25 10:44:01+02;1279
2016-04-25 11:26:01+02;1269
2016-04-25 11:32:01+02;1269
2016-04-25 12:23:01+02;1309
2016-04-25 13:05:01+02;1289
2016-04-25 13:38:01+02;1269
2016-04-25 14:11:01+02;1269
2016-04-25 16:56:01+02;1259
2016-04-25 23:02:01+02;1339
2016-04-26 06:50:01+02;1319
2016-04-26 07:08:01+02;1319
2016-04-26 07:50:01+02;1319
2016-04-26 08:20:01+02;1309
2016-04-26 10:35:02+02;1299
2016-04-26 11:14:01+02;1289
2016-04-26 12:23:01+02;1329
2016-04-26 13:08:01+02;1309
2016-04-26 14:14:01+02;1289
2016-04-26 17:41:01+02;1279
2016-04-26 17:56:01+02;1269
2016-04-26 23:02:01+02;1339
2016-04-27 07:05:02+02;1329
2016-04-27 07:41:01+02;1319
2016-04-27 08:14:01+02;1309
2016-04-27 10:08:01+02;1309
2016-04-27 10:44:01+02;1299
2016-04-27 11:29:01+02;1289
2016-04-27 12:23:01+02;1329
2016-04-27 14:11:01+02;1309
2016-04-27 14:36:01+02;1289
2016-04-27 15:11:01+02;1289
2016-04-27 15:26:01+02;1279
2016-04-27 18:20:01+02;1279
2016-04-27 23:06:01+02;1349
2016-04-28 06:47:01+02;1339
2016-04-28 07:05:01+02;1329
2016-04-28 09:48:01+02;1319
2016-04-28 11:11:01+02;1309
2016-04-28 12:23:02+02;1349
2016-04-28 13:05:02+02;1329
2016-04-28 14:45:01+02;1319
2016-04-28 15:41:01+02;1299
2016-04-28 17:07:01+02;1289
2016-04-28 17:17:01+02;1289
2016-04-28 18:41:01+02;1279
2016-04-28 23:03:01+02;1339
2016-04-29 07:26:01+02;1329
2016-04-29 08:44:01+02;1319
2016-04-29 11:14:01+02;1309
2016-04-29 12:21:01+02;1299
2016-04-29 12:29:01+02;1339
2016-04-29 13:05:01+02;1319
2016-04-29 15:15:01+02;1309
2016-04-29 16:03:01+02;1309
2016-04-29 16:44:01+02;1289
2016-04-29 17:36:01+02;1279
2016-04-29 23:07:02+02;1349
2016-04-30 06:48:01+02;1329
2016-04-30 07:36:01+02;1329
2016-04-30 08:30:01+02;1319
2016-04-30 09:18:01+02;1319
2016-04-30 10:18:01+02;1309
2016-04-30 10:36:01+02;1309
2016-04-30 12:23:01+02;1349
2016-04-30 14:06:01+02;1329
2016-04-30 14:47:01+02;1309
2016-04-30 15:12:01+02;1299
2016-04-30 15:59:01+02;1289
2016-04-30 16:11:01+02;1269
2016-04-30 23:07:01+02;1349
2016-05-01 06:53:01+02;1329
2016-05-01 07:36:01+02;1329
2016-05-01 08:48:01+02;1309
2016-05-01 10:00:01+02;1309
2016-05-01 11:17:01+02;1299
2016-05-01 12:23:01+02;1339
2016-05-01 13:06:01+02;1329
2016-05-01 14:02:01+02;1319
2016-05-01 14:53:01+02;1299
2016-05-01 15:30:01+02;1299
2016-05-01 17:12:01+02;1289
2016-05-01 21:26:06+02;1289
2016-05-01 23:03:01+02;1349
2016-05-01 23:05:01+02;1349
2016-05-02 06:53:01+02;1329
2016-05-02 07:49:01+02;1309
2016-05-02 08:49:01+02;1299
2016-05-02 10:13:01+02;1299
2016-05-02 10:53:01+02;1299
2016-05-02 12:25:01+02;1339
2016-05-02 14:17:01+02;1319
2016-05-02 14:53:01+02;1299
2016-05-02 15:53:01+02;1289
2016-05-02 18:25:01+02;1279
2016-05-02 23:05:01+02;1349
2016-05-03 07:05:01+02;1329
2016-05-03 07:51:01+02;1319
2016-05-03 08:18:02+02;1319
2016-05-03 09:53:01+02;1299
2016-05-03 10:29:01+02;1299
2016-05-03 11:41:01+02;1299
2016-05-03 12:24:01+02;1339
2016-05-03 13:50:01+02;1319
2016-05-03 15:00:01+02;1319
2016-05-03 15:48:01+02;1309
2016-05-03 16:11:01+02;1299
2016-05-03 17:05:01+02;1289
2016-05-03 18:23:01+02;1289
2016-05-03 23:24:01+02;1339
2016-05-04 05:38:01+02;1349
2016-05-04 07:08:01+02;1319
2016-05-04 08:08:01+02;1319
2016-05-04 09:57:01+02;1319
2016-05-04 10:21:01+02;1299
2016-05-04 11:41:01+02;1299
2016-05-04 12:24:01+02;1339
2016-05-04 14:38:01+02;1319
2016-05-04 15:09:01+02;1279
2016-05-04 16:08:01+02;1279
2016-05-04 18:09:01+02;1269
2016-05-04 18:38:01+02;1269
2016-05-04 21:20:02+02;1269
2016-05-04 23:03:01+02;1339
2016-05-05 07:23:01+02;1309
2016-05-05 09:53:01+02;1299
2016-05-05 11:36:01+02;1289
2016-05-05 12:24:01+02;1329
2016-05-05 13:05:01+02;1309
2016-05-05 14:48:01+02;1299
2016-05-05 15:12:01+02;1279
2016-05-05 16:18:01+02;1269
2016-05-05 18:48:01+02;1259
2016-05-05 23:03:01+02;1339
2016-05-06 06:44:01+02;1319
2016-05-06 08:02:02+02;1309
2016-05-06 08:32:01+02;1299
2016-05-06 10:56:02+02;1289
2016-05-06 11:32:01+02;1279
2016-05-06 12:15:01+02;1269
2016-05-06 12:23:01+02;1309
2016-05-06 14:12:01+02;1289
2016-05-06 15:15:01+02;1279
2016-05-06 16:32:01+02;1269
2016-05-06 18:27:01+02;1259
2016-05-06 20:44:01+02;1259
2016-05-06 23:03:01+02;1339
2016-05-07 07:21:01+02;1309
2016-05-07 09:14:01+02;1309
2016-05-07 10:05:01+02;1289
2016-05-07 11:03:01+02;1279
2016-05-07 12:24:01+02;1319
2016-05-07 14:21:01+02;1289
2016-05-07 15:09:01+02;1269
2016-05-07 16:09:01+02;1259
2016-05-07 23:05:01+02;1339
2016-05-08 07:24:01+02;1319
2016-05-08 08:17:01+02;1309
2016-05-08 08:53:01+02;1299
2016-05-08 09:17:01+02;1289
2016-05-08 09:48:01+02;1289
2016-05-08 11:53:01+02;1269
2016-05-08 12:23:01+02;1309
2016-05-08 14:00:01+02;1289
2016-05-08 15:12:01+02;1279
2016-05-08 16:00:01+02;1259
2016-05-08 17:48:01+02;1239
2016-05-08 23:03:01+02;1339
2016-05-09 06:53:02+02;1319
2016-05-09 07:17:01+02;1309
2016-05-09 08:17:01+02;1299
2016-05-09 08:42:01+02;1299
2016-05-09 09:50:01+02;1289
2016-05-09 10:11:01+02;1289
2016-05-09 11:44:01+02;1279
2016-05-09 12:23:01+02;1319
2016-05-09 13:08:01+02;1319
2016-05-09 13:53:01+02;1309
2016-05-09 14:56:01+02;1299
2016-05-09 15:32:01+02;1279
2016-05-09 16:14:01+02;1279
2016-05-09 17:14:01+02;1269
2016-05-09 23:02:01+02;1339
2016-05-10 06:56:01+02;1329
2016-05-10 07:20:02+02;1319
2016-05-10 08:26:01+02;1309
2016-05-10 08:44:01+02;1309
2016-05-10 09:26:01+02;1299
2016-05-10 11:14:01+02;1269
2016-05-10 11:38:01+02;1269
2016-05-10 11:56:01+02;1269
2016-05-10 12:23:01+02;1309
2016-05-10 13:05:01+02;1289
2016-05-10 15:08:01+02;1279
2016-05-10 16:08:01+02;1269
2016-05-10 17:08:01+02;1259
2016-05-10 17:50:01+02;1249
2016-05-10 23:02:01+02;1319
2016-05-11 06:47:01+02;1309
2016-05-11 07:11:01+02;1299
2016-05-11 07:41:01+02;1299
2016-05-11 08:17:01+02;1279
2016-05-11 10:43:01+02;1279
2016-05-11 10:45:01+02;1279
2016-05-11 10:46:01+02;1279
2016-05-11 10:47:01+02;1279
2016-05-11 10:50:01+02;1279
2016-05-11 10:56:02+02;1269
2016-05-11 12:23:01+02;1309
2016-05-11 13:05:01+02;1279
2016-05-11 15:00:02+02;1279
2016-05-11 16:26:02+02;1269
2016-05-11 17:14:01+02;1259
2016-05-11 19:08:01+02;1259
2016-05-11 23:02:01+02;1339
2016-05-12 06:56:01+02;1299
2016-05-12 07:11:01+02;1299
2016-05-12 08:17:01+02;1289
2016-05-12 09:11:01+02;1279
2016-05-12 11:47:01+02;1269
2016-05-12 12:23:01+02;1309
2016-05-12 13:20:01+02;1289
2016-05-12 13:53:01+02;1279
2016-05-12 14:35:01+02;1269
2016-05-12 15:47:01+02;1269
2016-05-12 17:56:01+02;1259
2016-05-12 23:05:01+02;1349
2016-05-13 06:59:01+02;1319
2016-05-13 08:12:01+02;1319
2016-05-13 09:00:01+02;1319
2016-05-13 09:17:01+02;1309
2016-05-13 10:11:01+02;1309
2016-05-13 10:26:01+02;1299
2016-05-13 11:11:01+02;1279
2016-05-13 12:23:01+02;1319
2016-05-13 13:05:01+02;1289
2016-05-13 15:11:01+02;1289
2016-05-13 15:59:02+02;1279
2016-05-13 23:08:01+02;1349
2016-05-14 06:56:01+02;1329
2016-05-14 07:51:02+02;1329
2016-05-14 08:15:01+02;1319
2016-05-14 09:27:01+02;1309
2016-05-14 10:03:01+02;1309
2016-05-14 12:23:01+02;1349
2016-05-14 14:20:01+02;1309
2016-05-14 14:41:01+02;1299
2016-05-14 15:00:01+02;1299
2016-05-14 16:12:01+02;1279
2016-05-14 16:48:01+02;1279
2016-05-14 17:53:01+02;1279
2016-05-14 23:03:01+02;1349
2016-05-15 07:12:01+02;1329
2016-05-15 08:17:01+02;1319
2016-05-15 09:05:02+02;1319
2016-05-15 10:12:01+02;1309
2016-05-15 11:12:01+02;1309
2016-05-15 12:23:01+02;1349
2016-05-15 13:53:01+02;1319
2016-05-15 15:00:01+02;1299
2016-05-15 15:48:01+02;1289
2016-05-15 17:12:01+02;1289
2016-05-15 23:02:01+02;1349
2016-05-16 06:48:01+02;1329
2016-05-16 08:03:01+02;1329
2016-05-16 10:57:01+02;1319
2016-05-16 11:33:01+02;1309
2016-05-16 12:23:01+02;1349
2016-05-16 13:05:01+02;1329
2016-05-16 15:05:01+02;1319
2016-05-16 15:26:01+02;1289
2016-05-16 19:38:01+02;1289
2016-05-16 23:03:01+02;1349
2016-05-17 06:48:01+02;1349
2016-05-17 07:12:01+02;1339
2016-05-17 08:00:02+02;1309
2016-05-17 09:20:01+02;1299
2016-05-17 10:21:01+02;1289
2016-05-17 12:05:01+02;1279
2016-05-17 12:24:01+02;1319
2016-05-17 13:50:01+02;1299
2016-05-17 14:32:01+02;1299
2016-05-17 15:51:01+02;1299
2016-05-17 16:23:01+02;1279
2016-05-17 16:48:01+02;1279
2016-05-17 23:06:01+02;1359
2016-05-18 09:42:01+02;1309
2016-05-18 10:27:01+02;1289
2016-05-18 10:47:01+02;1289
2016-05-18 12:08:01+02;1289
2016-05-18 12:23:01+02;1329
2016-05-18 13:02:01+02;1309
2016-05-18 15:03:01+02;1299
2016-05-18 15:44:01+02;1289
2016-05-18 16:14:01+02;1279
2016-05-18 23:03:01+02;1369
2016-05-19 08:57:01+02;1329
2016-05-19 11:12:01+02;1319
2016-05-19 12:09:01+02;1309
2016-05-19 12:24:01+02;1349
2016-05-19 14:08:01+02;1329
2016-05-19 15:20:01+02;1299
2016-05-19 16:08:01+02;1289
2016-05-19 17:08:01+02;1289
2016-05-19 23:02:01+02;1369
2016-05-20 06:57:01+02;1349
2016-05-20 07:33:01+02;1329
2016-05-20 08:27:01+02;1319
2016-05-20 10:57:01+02;1309
2016-05-20 12:24:01+02;1349
2016-05-20 13:05:01+02;1329
2016-05-20 13:48:01+02;1319
2016-05-20 14:41:01+02;1319
2016-05-20 15:08:01+02;1309
2016-05-20 15:51:01+02;1299
2016-05-20 23:03:01+02;1369
2016-05-21 07:27:01+02;1349
2016-05-21 08:39:01+02;1339
2016-05-21 09:14:01+02;1329
2016-05-21 12:20:01+02;1329
2016-05-21 12:23:01+02;1369
2016-05-21 13:03:01+02;1339
2016-05-21 16:00:02+02;1309
2016-05-21 17:53:01+02;1299
2016-05-21 18:12:01+02;1299
2016-05-21 20:00:01+02;1289
2016-05-21 23:02:01+02;1369
2016-05-22 06:44:01+02;1349
2016-05-22 07:27:01+02;1339
2016-05-22 08:51:01+02;1329
2016-05-22 10:15:01+02;1319
2016-05-22 11:45:01+02;1319
2016-05-22 13:53:01+02;1359
2016-05-22 15:09:01+02;1319
2016-05-22 15:33:02+02;1319
2016-05-22 17:44:01+02;1299
2016-05-22 18:32:01+02;1299
2016-05-22 19:38:01+02;1289
2016-05-22 23:03:01+02;1369
2016-05-23 06:51:01+02;1339
2016-05-23 07:44:01+02;1339
2016-05-23 09:26:01+02;1319
2016-05-23 11:14:01+02;1309
2016-05-23 11:29:01+02;1299
2016-05-23 12:23:01+02;1339
2016-05-23 13:05:01+02;1319
2016-05-23 14:02:01+02;1309
2016-05-23 14:26:01+02;1299
2016-05-23 14:56:01+02;1289
2016-05-23 23:05:01+02;1359
2016-05-24 06:56:02+02;1349
2016-05-24 07:32:01+02;1339
2016-05-24 08:26:01+02;1329
2016-05-24 09:14:01+02;1319
2016-05-24 10:32:01+02;1319
2016-05-24 11:29:01+02;1309
2016-05-24 12:23:01+02;1349
2016-05-24 13:56:01+02;1329
2016-05-24 15:14:01+02;1309
2016-05-24 16:29:01+02;1299
2016-05-24 17:35:01+02;1299
2016-05-24 18:56:01+02;1299
2016-05-24 23:05:01+02;1369
2016-05-25 06:59:01+02;1349
2016-05-25 07:29:01+02;1339
2016-05-25 10:23:01+02;1319
2016-05-25 10:59:01+02;1319
2016-05-25 11:35:01+02;1309
2016-05-25 12:23:01+02;1349
2016-05-25 13:05:01+02;1329
2016-05-25 15:47:01+02;1329
2016-05-25 16:35:01+02;1319
2016-05-25 17:11:01+02;1299
2016-05-25 23:02:02+02;1379
2016-05-26 06:44:01+02;1359
2016-05-26 07:38:01+02;1309
2016-05-26 07:56:01+02;1309
2016-05-26 08:32:01+02;1309
2016-05-26 11:14:01+02;1309
2016-05-26 12:23:01+02;1349
2016-05-26 13:56:01+02;1299
2016-05-26 15:20:01+02;1299
2016-05-26 15:38:01+02;1299
2016-05-26 16:44:01+02;1299
2016-05-26 23:02:02+02;1379
2016-05-27 06:59:01+02;1349
2016-05-27 07:23:01+02;1349
2016-05-27 08:05:01+02;1339
2016-05-27 09:29:01+02;1339
2016-05-27 11:05:01+02;1329
2016-05-27 11:59:01+02;1329
2016-05-27 12:23:01+02;1369
2016-05-27 14:32:01+02;1349
2016-05-27 14:53:01+02;1339
2016-05-27 15:23:01+02;1329
2016-05-27 15:47:01+02;1309
2016-05-27 18:59:01+02;1299
2016-05-27 23:05:01+02;1379
2016-05-28 07:23:02+02;1359
2016-05-28 09:11:01+02;1349
2016-05-28 11:26:01+02;1339
2016-05-28 12:02:02+02;1329
2016-05-28 12:23:01+02;1369
2016-05-28 13:05:01+02;1349
2016-05-28 15:11:01+02;1329
2016-05-28 15:32:01+02;1309
2016-05-28 16:02:01+02;1309
2016-05-28 17:41:01+02;1289
2016-05-28 23:02:01+02;1379
2016-05-29 09:05:02+02;1349
2016-05-29 09:53:01+02;1339
2016-05-29 10:44:01+02;1329
2016-05-29 11:05:01+02;1319
2016-05-29 12:23:01+02;1359
2016-05-29 13:02:01+02;1329
2016-05-29 13:47:01+02;1329
2016-05-29 14:53:01+02;1319
2016-05-29 15:23:01+02;1309
2016-05-29 16:14:01+02;1289
2016-05-29 17:50:01+02;1279
2016-05-29 23:02:01+02;1379
2016-05-30 06:59:01+02;1359
2016-05-30 07:23:01+02;1359
2016-05-30 08:11:01+02;1349
2016-05-30 10:20:01+02;1339
2016-05-30 11:29:01+02;1329
2016-05-30 12:23:01+02;1369
2016-05-30 13:05:01+02;1349
2016-05-30 14:17:01+02;1339
2016-05-30 14:38:01+02;1329
2016-05-30 17:26:01+02;1319
2016-05-30 20:20:01+02;1309
2016-05-30 23:05:01+02;1379
2016-05-31 07:02:01+02;1369
2016-05-31 07:29:02+02;1359
2016-05-31 09:05:01+02;1349
2016-05-31 09:38:01+02;1339
2016-05-31 10:14:01+02;1339
2016-05-31 10:50:01+02;1329
2016-05-31 12:23:02+02;1369
2016-05-31 13:05:01+02;1339
2016-05-31 15:14:01+02;1329
2016-05-31 15:38:01+02;1319
2016-05-31 16:38:01+02;1309
2016-05-31 23:03:01+02;1389
2016-06-01 06:56:01+02;1359
2016-06-01 08:00:01+02;1359
2016-06-01 09:59:01+02;1339
2016-06-01 10:17:01+02;1339
2016-06-01 12:17:01+02;1319
2016-06-01 12:23:01+02;1359
2016-06-01 14:45:01+02;1339
2016-06-01 15:17:01+02;1329
2016-06-01 16:20:01+02;1309
2016-06-01 23:02:01+02;1389
2016-06-02 08:04:01+02;1359
2016-06-02 08:20:01+02;1349
2016-06-02 11:50:01+02;1339
2016-06-02 12:23:01+02;1379
2016-06-02 14:02:01+02;1359
2016-06-02 15:18:01+02;1349
2016-06-02 15:35:01+02;1319
2016-06-02 15:53:01+02;1309
2016-06-02 23:08:01+02;1389
2016-06-03 07:03:01+02;1359
2016-06-03 08:08:01+02;1349
2016-06-03 08:45:01+02;1339
2016-06-03 09:26:01+02;1339
2016-06-03 14:21:01+02;1329
2016-06-03 16:44:01+02;1329
2016-06-03 17:21:01+02;1319
2016-06-03 18:21:01+02;1319
2016-06-03 19:02:01+02;1309
2016-06-03 21:14:01+02;1299
2016-06-03 21:38:01+02;1299
2016-06-03 23:06:01+02;1389
2016-06-04 07:14:01+02;1369
2016-06-04 09:33:01+02;1359
2016-06-04 10:57:01+02;1339
2016-06-04 12:23:02+02;1379
2016-06-04 13:06:01+02;1359
2016-06-04 14:06:01+02;1349
2016-06-04 16:27:01+02;1349
2016-06-04 17:08:01+02;1319
2016-06-04 17:26:01+02;1319
2016-06-04 18:21:01+02;1299
2016-06-04 23:06:01+02;1389
2016-06-05 07:26:01+02;1359
2016-06-05 11:03:01+02;1349
2016-06-05 11:45:01+02;1339
2016-06-05 12:23:01+02;1379
2016-06-05 13:06:01+02;1359
2016-06-05 15:20:01+02;1349
2016-06-05 16:26:01+02;1329
2016-06-05 18:14:01+02;1329
2016-06-05 18:56:01+02;1329
2016-06-05 19:14:01+02;1319
2016-06-06 04:54:01+02;1389
2016-06-06 05:38:01+02;1379
2016-06-06 07:00:01+02;1379
2016-06-06 07:50:01+02;1369
2016-06-06 08:54:01+02;1369
2016-06-06 09:51:02+02;1339
2016-06-06 10:35:01+02;1329
2016-06-06 12:00:01+02;1319
2016-06-06 12:23:01+02;1359
2016-06-06 13:59:01+02;1339
2016-06-06 14:29:01+02;1339
2016-06-06 15:27:01+02;1329
2016-06-06 16:14:01+02;1319
2016-06-06 17:14:01+02;1319
2016-06-06 17:33:01+02;1309
2016-06-06 19:21:01+02;1299
2016-06-06 19:57:01+02;1289
2016-06-06 23:06:01+02;1389
2016-06-07 06:53:01+02;1359
2016-06-07 09:57:01+02;1329
2016-06-07 10:32:01+02;1329
2016-06-07 11:20:02+02;1319
2016-06-07 12:23:01+02;1359
2016-06-07 13:08:01+02;1329
2016-06-07 15:27:01+02;1319
2016-06-07 16:08:01+02;1309
2016-06-07 17:23:01+02;1299
2016-06-07 19:17:01+02;1299
2016-06-07 19:47:01+02;1289
2016-06-07 23:06:01+02;1379
2016-06-08 06:51:01+02;1369
2016-06-08 07:15:02+02;1349
2016-06-08 11:20:01+02;1339
2016-06-08 12:23:01+02;1379
2016-06-08 14:18:01+02;1359
2016-06-08 14:48:01+02;1349
2016-06-08 15:17:01+02;1339
2016-06-08 16:18:01+02;1329
2016-06-08 16:59:01+02;1329
2016-06-08 17:36:01+02;1309
2016-06-08 18:35:01+02;1309
2016-06-08 19:11:02+02;1309
2016-06-08 23:06:01+02;1379
2016-06-09 07:06:01+02;1359
2016-06-09 07:57:01+02;1349
2016-06-09 09:30:01+02;1339
2016-06-09 11:14:01+02;1329
2016-06-09 12:23:01+02;1369
2016-06-09 13:53:01+02;1349
2016-06-09 14:48:01+02;1329
2016-06-09 15:41:01+02;1319
2016-06-09 17:36:01+02;1309
2016-06-09 19:21:01+02;1299
2016-06-09 23:03:01+02;1379
2016-06-10 06:53:01+02;1359
2016-06-10 08:30:01+02;1349
2016-06-10 10:18:01+02;1339
2016-06-10 11:27:01+02;1329
2016-06-10 12:23:01+02;1369
2016-06-10 15:08:01+02;1349
2016-06-10 15:45:02+02;1329
2016-06-10 18:48:01+02;1319
2016-06-10 23:03:01+02;1379
2016-06-11 05:44:02+02;1379
2016-06-11 07:51:01+02;1359
2016-06-11 09:51:01+02;1349
2016-06-11 11:23:01+02;1349
2016-06-11 12:23:01+02;1379
2016-06-11 14:36:01+02;1359
2016-06-11 15:06:01+02;1349
2016-06-11 16:11:01+02;1339
2016-06-11 16:27:01+02;1329
2016-06-11 17:08:01+02;1319
2016-06-11 18:44:01+02;1309
2016-06-11 23:03:01+02;1379
2016-06-12 07:30:01+02;1369
2016-06-12 09:00:01+02;1369
2016-06-12 09:48:01+02;1359
2016-06-12 11:36:01+02;1339
2016-06-12 12:20:01+02;1319
2016-06-12 12:23:01+02;1359
2016-06-12 14:11:01+02;1339
2016-06-12 14:29:01+02;1329
2016-06-12 15:48:01+02;1319
2016-06-12 16:23:01+02;1309
2016-06-12 18:03:01+02;1299
2016-06-13 11:32:01+02;1289
2016-06-13 12:23:01+02;1329
2016-06-13 13:59:01+02;1309
2016-06-13 14:41:01+02;1299
2016-06-13 16:50:01+02;1289
2016-06-13 23:02:01+02;1379
2016-06-14 06:50:01+02;1369
2016-06-14 07:08:01+02;1369
2016-06-14 08:02:01+02;1359
2016-06-14 08:44:01+02;1349
2016-06-14 10:32:01+02;1339
2016-06-14 11:03:01+02;1329
2016-06-14 12:02:01+02;1319
2016-06-14 12:23:01+02;1359
2016-06-14 13:56:01+02;1319
2016-06-14 14:50:01+02;1309
2016-06-14 15:50:01+02;1289
2016-06-14 16:38:01+02;1289
2016-06-14 17:50:01+02;1279
2016-06-14 23:05:01+02;1369
2016-06-15 06:53:01+02;1359
2016-06-15 10:05:01+02;1349
2016-06-15 11:11:01+02;1339
2016-06-15 12:23:01+02;1359
2016-06-15 13:14:01+02;1349
2016-06-15 14:41:01+02;1339
2016-06-15 15:47:01+02;1329
2016-06-15 16:17:02+02;1319
2016-06-15 18:53:01+02;1309
2016-06-15 20:56:01+02;1299
2016-06-15 22:02:01+02;1289
2016-06-15 23:05:01+02;1369
2016-06-16 06:17:02+02;1369
2016-06-16 06:59:01+02;1359
2016-06-16 07:35:01+02;1349
2016-06-16 09:47:01+02;1339
2016-06-16 11:59:01+02;1329
2016-06-16 12:23:01+02;1359
2016-06-16 13:14:01+02;1349
2016-06-16 14:59:01+02;1339
2016-06-16 15:41:01+02;1339
2016-06-16 16:35:01+02;1319
2016-06-16 17:17:01+02;1309
2016-06-16 19:17:01+02;1309
2016-06-16 23:05:01+02;1369
2016-06-17 05:35:01+02;1379
2016-06-17 06:23:01+02;1369
2016-06-17 07:02:01+02;1369
2016-06-17 07:29:01+02;1359
2016-06-17 08:53:01+02;1359
2016-06-17 09:17:01+02;1349
2016-06-17 09:47:01+02;1339
2016-06-17 10:53:01+02;1329
2016-06-17 12:23:01+02;1359
2016-06-17 13:53:01+02;1339
2016-06-17 14:35:01+02;1329
2016-06-17 15:53:02+02;1319
2016-06-17 19:29:01+02;1299
2016-06-17 23:02:01+02;1359
2016-06-18 05:50:02+02;1359
2016-06-18 06:29:01+02;1359
2016-06-18 07:23:01+02;1359
2016-06-18 09:35:01+02;1349
2016-06-18 10:35:01+02;1339
2016-06-18 13:44:01+02;1359
2016-06-18 14:41:01+02;1349
2016-06-18 14:59:01+02;1339
2016-06-18 17:35:01+02;1309
2016-06-18 23:05:01+02;1359
2016-06-19 07:02:01+02;1359
2016-06-19 08:47:01+02;1349
2016-06-19 10:29:01+02;1339
2016-06-19 11:32:01+02;1329
2016-06-19 13:53:01+02;1349
2016-06-19 14:17:01+02;1319
2016-06-19 14:56:01+02;1319
2016-06-19 17:14:02+02;1309
2016-06-19 18:23:01+02;1309
2016-06-19 19:08:01+02;1279
2016-06-19 23:05:01+02;1359
2016-06-20 06:56:01+02;1339
2016-06-20 11:26:01+02;1319
2016-06-20 12:23:01+02;1359
2016-06-20 13:11:01+02;1339
2016-06-20 15:17:01+02;1309
2016-06-20 19:14:01+02;1299
2016-06-20 23:05:01+02;1369
2016-06-21 06:56:02+02;1349
2016-06-21 12:23:01+02;1379
2016-06-21 13:11:01+02;1359
2016-06-21 16:14:01+02;1349
2016-06-21 17:20:01+02;1309
2016-06-21 19:11:01+02;1299
2016-06-21 23:05:01+02;1379
2016-06-22 05:35:02+02;1379
2016-06-22 07:05:02+02;1349
2016-06-22 09:11:01+02;1349
2016-06-22 10:17:01+02;1339
2016-06-22 11:47:01+02;1339
2016-06-22 12:50:01+02;1379
2016-06-22 13:56:01+02;1359
2016-06-22 15:14:01+02;1349
2016-06-22 15:44:01+02;1339
2016-06-22 17:14:01+02;1329
2016-06-22 18:14:01+02;1309
2016-06-22 19:38:01+02;1309
2016-06-22 23:02:01+02;1389
2016-06-23 06:56:01+02;1349
2016-06-23 10:41:01+02;1349
2016-06-23 11:29:01+02;1339
2016-06-23 11:48:01+02;1339
2016-06-23 12:23:01+02;1369
2016-06-23 13:12:01+02;1359
2016-06-23 15:20:01+02;1339
2016-06-23 15:57:01+02;1339
2016-06-23 17:02:01+02;1329
2016-06-23 18:20:02+02;1309
2016-06-23 23:06:01+02;1379
2016-06-24 06:57:01+02;1379
2016-06-24 07:23:01+02;1369
2016-06-24 08:02:01+02;1359
2016-06-24 12:23:01+02;1369
2016-06-24 13:02:01+02;1379
2016-06-24 14:20:01+02;1379
2016-06-24 14:47:01+02;1369
2016-06-24 15:27:01+02;1369
2016-06-24 15:59:01+02;1339
2016-06-24 16:53:01+02;1339
2016-06-24 17:59:01+02;1329
2016-06-24 19:24:01+02;1309
2016-06-24 23:03:01+02;1369
2016-06-25 07:48:01+02;1359
2016-06-25 12:23:01+02;1369
2016-06-25 13:47:01+02;1369
2016-06-25 15:06:01+02;1339
2016-06-25 16:00:01+02;1339
2016-06-25 16:18:01+02;1329
2016-06-25 17:23:01+02;1319
2016-06-25 19:18:01+02;1309
2016-06-25 23:02:01+02;1369
2016-06-26 07:11:02+02;1359
2016-06-26 09:03:01+02;1359
2016-06-26 09:23:01+02;1349
2016-06-26 11:00:01+02;1329
2016-06-26 12:24:01+02;1369
2016-06-26 13:48:01+02;1339
2016-06-26 14:51:01+02;1329
2016-06-26 15:20:01+02;1299
2016-06-26 15:48:01+02;1289
2016-06-26 18:53:01+02;1289
2016-06-26 23:03:01+02;1369
2016-06-27 07:06:01+02;1349
2016-06-27 09:11:01+02;1349
2016-06-27 09:50:01+02;1329
2016-06-27 12:23:01+02;1369
2016-06-27 13:12:01+02;1349
2016-06-27 13:59:01+02;1339
2016-06-27 15:23:01+02;1319
2016-06-27 18:11:01+02;1309
2016-06-27 23:05:01+02;1379
2016-06-28 07:11:01+02;1369
2016-06-28 08:11:01+02;1359
2016-06-28 10:29:01+02;1349
2016-06-28 11:29:01+02;1339
2016-06-30 03:11:01+02;1369
2016-06-30 03:14:01+02;1359
2016-06-30 03:17:01+02;1339
2016-06-30 03:20:01+02;1339
2016-06-30 03:26:01+02;1339
2016-06-30 03:29:01+02;1309
2016-06-30 03:32:01+02;1299
2016-06-30 03:35:01+02;1369
2016-06-30 03:38:01+02;1319
2016-06-30 03:41:01+02;1309
2016-06-30 03:44:02+02;1349
2016-06-30 03:47:01+02;1329
2016-06-30 03:50:01+02;1309
2016-06-30 03:53:01+02;1299
2016-06-30 03:56:01+02;1289
2016-06-30 03:59:01+02;1369
2016-06-30 06:50:01+02;1349
2016-06-30 08:20:02+02;1349
2016-06-30 09:44:01+02;1339
2016-06-30 11:20:01+02;1329
2016-06-30 12:08:01+02;1319
2016-06-30 12:23:01+02;1359
2016-06-30 13:35:02+02;1339
2016-06-30 15:03:01+02;1329
2016-06-30 15:44:01+02;1309
2016-06-30 16:14:01+02;1309
2016-06-30 17:50:01+02;1299
2016-06-30 18:08:01+02;1289
2016-06-30 18:44:01+02;1289
2016-06-30 23:02:01+02;1379
2016-07-01 06:02:01+02;1369
2016-07-01 06:56:01+02;1359
2016-07-01 08:56:01+02;1349
2016-07-01 11:14:01+02;1339
2016-07-01 12:23:01+02;1369
2016-07-01 13:11:02+02;1359
2016-07-01 14:53:01+02;1339
2016-07-01 15:59:01+02;1339
2016-07-01 16:41:01+02;1329
2016-07-01 16:59:01+02;1329
2016-07-01 18:41:01+02;1319
2016-07-01 23:05:01+02;1369
2016-07-02 05:53:01+02;1369
2016-07-02 07:50:01+02;1359
2016-07-02 10:14:01+02;1359
2016-07-02 12:23:01+02;1369
2016-07-02 13:56:01+02;1369
2016-07-02 14:59:01+02;1359
2016-07-02 15:23:01+02;1359
2016-07-02 15:59:01+02;1349
2016-07-02 17:23:01+02;1339
2016-07-02 17:41:01+02;1329
2016-07-02 18:41:01+02;1319
2016-07-02 23:02:02+02;1369
2016-07-03 05:53:01+02;1369
2016-07-03 07:59:01+02;1359
2016-07-03 10:23:01+02;1349
2016-07-03 12:23:01+02;1369
2016-07-03 14:41:01+02;1359
2016-07-03 15:11:01+02;1319
2016-07-03 16:59:01+02;1319
2016-07-03 17:17:01+02;1319
2016-07-03 18:35:01+02;1299
2016-07-03 23:02:01+02;1369
2016-07-04 05:44:01+02;1379
2016-07-04 06:29:01+02;1369
2016-07-04 06:56:01+02;1359
2016-07-04 08:17:01+02;1349
2016-07-04 09:59:01+02;1339
2016-07-04 12:23:01+02;1369
2016-07-04 13:08:01+02;1359
2016-07-04 14:41:01+02;1349
2016-07-04 15:11:01+02;1329
2016-07-04 16:17:01+02;1319
2016-07-04 17:41:01+02;1309
2016-07-04 21:23:01+02;1309
2016-07-04 23:02:01+02;1379
2016-07-05 05:53:01+02;1369
2016-07-05 07:05:01+02;1359
2016-07-05 09:29:01+02;1339
2016-07-05 09:59:01+02;1329
2016-07-05 11:05:01+02;1319
2016-07-05 12:23:01+02;1359
2016-07-05 13:11:01+02;1339
2016-07-05 14:29:01+02;1319
2016-07-05 14:53:01+02;1309
2016-07-05 16:17:02+02;1299
2016-07-05 16:47:01+02;1299
2016-07-05 17:53:01+02;1299
2016-07-05 19:05:01+02;1299
2016-07-05 23:05:01+02;1369
2016-07-06 05:50:01+02;1369
2016-07-06 07:05:01+02;1369
2016-07-06 08:32:01+02;1349
2016-07-06 09:08:01+02;1339
2016-07-06 10:08:01+02;1339
2016-07-06 10:38:01+02;1329
2016-07-06 12:23:01+02;1349
2016-07-06 13:14:01+02;1349
2016-07-06 13:50:01+02;1339
2016-07-06 14:50:01+02;1319
2016-07-06 15:14:01+02;1299
2016-07-06 16:14:01+02;1289
2016-07-06 17:14:01+02;1279
2016-07-06 18:32:01+02;1269
2016-07-06 20:44:01+02;1269
2016-07-06 23:02:01+02;1349
2016-07-07 07:02:01+02;1309
2016-07-07 08:44:01+02;1289
2016-07-07 09:08:01+02;1279
2016-07-07 09:50:01+02;1269
2016-07-07 10:32:01+02;1259
2016-07-07 12:23:01+02;1299
2016-07-07 13:08:01+02;1279
2016-07-07 14:20:02+02;1299
2016-07-07 14:50:02+02;1289
2016-07-07 15:14:01+02;1269
2016-07-07 15:50:01+02;1269
2016-07-07 23:05:01+02;1349
2016-07-08 05:44:01+02;1409
2016-07-08 06:35:01+02;1369
2016-07-08 06:54:01+02;1349
2016-07-08 07:11:01+02;1339
2016-07-08 08:41:01+02;1319
2016-07-08 10:41:01+02;1309
2016-07-08 10:59:01+02;1309
2016-07-08 11:29:01+02;1279
2016-07-08 12:23:01+02;1319
2016-07-08 13:23:01+02;1299
2016-07-08 14:59:01+02;1279
2016-07-08 16:29:01+02;1269
2016-07-08 19:35:01+02;1259
2016-07-08 23:05:01+02;1339
2016-07-09 05:32:01+02;1419
2016-07-09 06:35:01+02;1359
2016-07-09 07:05:01+02;1349
2016-07-09 07:41:01+02;1349
2016-07-09 08:41:01+02;1339
2016-07-09 09:11:01+02;1329
2016-07-09 10:29:01+02;1329
2016-07-09 10:59:01+02;1319
2016-07-09 12:23:01+02;1349
2016-07-09 13:44:01+02;1329
2016-07-09 14:44:01+02;1309
2016-07-09 15:03:01+02;1289
2016-07-09 16:32:01+02;1279
2016-07-09 17:20:01+02;1269
2016-07-09 18:44:01+02;1259
2016-07-09 23:02:01+02;1339
2016-07-10 05:32:01+02;1419
2016-07-10 06:32:01+02;1359
2016-07-10 07:23:01+02;1349
2016-07-10 08:47:01+02;1339
2016-07-10 09:23:01+02;1329
2016-07-10 10:02:01+02;1329
2016-07-10 12:23:01+02;1349
2016-07-10 14:47:01+02;1339
2016-07-10 15:03:01+02;1299
2016-07-10 15:50:02+02;1289
2016-07-10 17:32:01+02;1279
2016-07-10 18:44:01+02;1269
2016-07-10 19:20:01+02;1269
2016-07-10 23:05:01+02;1339
2016-07-11 05:32:01+02;1419
2016-07-11 06:32:01+02;1359
2016-07-11 07:05:01+02;1339
2016-07-11 07:44:02+02;1329
2016-07-11 08:44:01+02;1309
2016-07-11 11:44:01+02;1259
2016-07-11 12:23:01+02;1299
2016-07-11 13:17:01+02;1269
2016-07-11 14:32:01+02;1309
2016-07-11 15:05:01+02;1279
2016-07-11 16:08:01+02;1269
2016-07-11 16:53:01+02;1259
2016-07-11 17:14:01+02;1259
2016-07-11 17:50:01+02;1259
2016-07-11 19:02:01+02;1249
2016-07-11 23:03:01+02;1339
2016-07-12 05:29:01+02;1409
2016-07-12 06:35:01+02;1339
2016-07-12 06:53:01+02;1339
2016-07-12 07:35:01+02;1329
2016-07-12 08:44:01+02;1309
2016-07-12 10:38:01+02;1259
2016-07-12 12:23:01+02;1299
2016-07-12 13:20:01+02;1279
2016-07-12 15:11:01+02;1249
2016-07-12 16:08:01+02;1249
2016-07-12 16:56:01+02;1239
2016-07-12 18:59:01+02;1249
2016-07-12 23:02:01+02;1339
2016-07-13 05:35:01+02;1399
2016-07-13 06:32:01+02;1339
2016-07-13 07:05:01+02;1329
2016-07-13 08:47:01+02;1309
2016-07-13 09:23:01+02;1299
2016-07-13 09:38:01+02;1279
2016-07-13 10:32:01+02;1269
2016-07-13 11:05:01+02;1259
2016-07-13 12:23:01+02;1299
2016-07-13 13:08:01+02;1269
2016-07-13 15:11:01+02;1259
2016-07-13 16:14:01+02;1249
2016-07-13 17:02:01+02;1239
2016-07-13 23:05:01+02;1349
2016-07-14 05:53:01+02;1319
2016-07-14 08:29:01+02;1299
2016-07-14 08:53:01+02;1289
2016-07-14 09:18:01+02;1269
2016-07-14 11:11:01+02;1269
2016-07-14 12:23:01+02;1309
2016-07-14 13:15:01+02;1259
2016-07-14 14:48:01+02;1249
2016-07-14 14:59:01+02;1279
2016-07-14 15:59:01+02;1279
2016-07-14 16:54:01+02;1269
2016-07-14 17:12:01+02;1259
2016-07-14 17:53:01+02;1259
2016-07-14 23:03:01+02;1339
2016-07-15 05:42:01+02;1399
2016-07-15 06:35:01+02;1359
2016-07-15 06:56:01+02;1339
2016-07-15 07:14:01+02;1309
2016-07-15 07:42:01+02;1289
2016-07-15 08:42:01+02;1289
2016-07-15 09:05:01+02;1279
2016-07-15 09:51:01+02;1259
2016-07-15 11:47:01+02;1239
2016-07-15 12:23:01+02;1279
2016-07-15 13:15:01+02;1259
2016-07-15 14:15:01+02;1249
2016-07-15 14:59:01+02;1239
2016-07-15 15:26:01+02;1239
2016-07-15 23:03:01+02;1339
2016-07-16 05:42:02+02;1329
2016-07-16 06:57:01+02;1289
2016-07-16 07:47:01+02;1279
2016-07-16 10:35:01+02;1259
2016-07-16 12:06:01+02;1249
2016-07-16 12:23:01+02;1289
2016-07-16 14:18:01+02;1249
2016-07-16 14:39:01+02;1249
2016-07-16 23:03:01+02;1339
2016-07-17 05:47:01+02;1319
2016-07-17 06:51:01+02;1309
2016-07-17 08:17:01+02;1299
2016-07-17 10:42:01+02;1269
2016-07-17 12:23:01+02;1309
2016-07-17 14:35:02+02;1269
2016-07-17 15:15:01+02;1249
2016-07-17 16:39:02+02;1249
2016-07-17 17:53:01+02;1239
2016-07-17 18:27:01+02;1239
2016-07-17 23:03:01+02;1339
2016-07-18 05:42:01+02;1319
2016-07-18 06:47:01+02;1309
2016-07-18 07:06:01+02;1299
2016-07-18 09:17:01+02;1269
2016-07-18 10:47:01+02;1259
2016-07-18 11:59:01+02;1259
2016-07-18 12:23:01+02;1299
2016-07-18 13:11:01+02;1279
2016-07-18 14:18:01+02;1269
2016-07-18 14:44:01+02;1259
2016-07-18 15:54:01+02;1259
2016-07-18 16:54:01+02;1259
2016-07-18 23:02:01+02;1349
2016-07-19 05:53:01+02;1339
2016-07-19 06:35:01+02;1259
2016-07-19 07:42:01+02;1239
2016-07-19 12:23:01+02;1279
2016-07-19 13:11:01+02;1259
2016-07-19 14:53:01+02;1259
2016-07-19 15:53:01+02;1259
2016-07-19 16:47:01+02;1249
2016-07-19 23:06:02+02;1349
2016-07-20 05:48:01+02;1329
2016-07-20 06:54:01+02;1319
2016-07-20 07:11:01+02;1299
2016-07-20 08:54:01+02;1289
2016-07-20 09:53:01+02;1269
2016-07-20 11:35:01+02;1259
2016-07-20 12:23:01+02;1299
2016-07-20 13:13:01+02;1259
2016-07-20 14:39:01+02;1239
2016-07-20 15:17:01+02;1239
2016-07-20 17:47:01+02;1239
2016-07-20 23:06:01+02;1339
2016-07-21 05:54:01+02;1319
2016-07-21 06:48:01+02;1299
2016-07-21 07:09:01+02;1289
2016-07-21 10:24:01+02;1269
2016-07-21 12:24:01+02;1309
2016-07-21 13:08:01+02;1289
2016-07-21 14:44:02+02;1259
2016-07-21 16:05:01+02;1249
2016-07-21 16:54:01+02;1249
2016-07-21 23:02:01+02;1339
2016-07-22 05:51:01+02;1329
2016-07-22 06:48:01+02;1319
2016-07-22 07:09:01+02;1299
2016-07-22 08:42:01+02;1289
2016-07-22 09:12:01+02;1289
2016-07-22 09:42:01+02;1269
2016-07-22 10:50:01+02;1259
2016-07-22 12:24:01+02;1299
2016-07-22 13:18:01+02;1279
2016-07-22 14:48:01+02;1259
2016-07-22 15:30:01+02;1249
2016-07-22 16:21:01+02;1239
2016-07-22 23:03:01+02;1319
2016-07-23 07:39:01+02;1319
2016-07-23 08:48:01+02;1309
2016-07-23 10:12:01+02;1269
2016-07-23 11:45:01+02;1269
2016-07-23 12:24:01+02;1309
2016-07-23 13:48:01+02;1269
2016-07-23 14:15:01+02;1259
2016-07-23 14:48:01+02;1249
2016-07-23 17:24:01+02;1249
2016-07-23 19:48:01+02;1249
2016-07-23 23:03:01+02;1319
2016-07-24 05:41:01+02;1329
2016-07-24 08:45:01+02;1299
2016-07-24 09:45:01+02;1299
2016-07-24 10:57:02+02;1289
2016-07-24 11:45:02+02;1289
2016-07-24 12:24:01+02;1329
2016-07-24 13:45:01+02;1309
2016-07-24 14:09:01+02;1269
2016-07-24 15:00:01+02;1259
2016-07-24 15:48:01+02;1239
2016-07-24 23:03:01+02;1319
2016-07-25 05:51:01+02;1319
2016-07-25 06:57:01+02;1309
2016-07-25 08:33:01+02;1299
2016-07-25 09:38:01+02;1299
2016-07-25 10:39:02+02;1289
2016-07-25 11:45:01+02;1279
2016-07-25 12:24:01+02;1319
2016-07-25 13:12:01+02;1299
2016-07-25 13:48:01+02;1279
2016-07-25 14:45:01+02;1269
2016-07-25 15:15:01+02;1269
2016-07-25 15:51:01+02;1249
2016-07-25 20:57:01+02;1239
2016-07-25 23:02:01+02;1319
2016-07-26 07:09:01+02;1319
2016-07-26 08:05:01+02;1319
2016-07-26 08:53:01+02;1309
2016-07-26 09:20:01+02;1249
2016-07-26 10:30:01+02;1239
2016-07-26 11:42:01+02;1229
2016-07-26 12:24:01+02;1269
2016-07-26 13:12:01+02;1249
2016-07-26 16:08:01+02;1239
2016-07-26 20:36:02+02;1229
2016-07-26 23:05:01+02;1319
2016-07-27 06:00:01+02;1309
2016-07-27 06:38:02+02;1299
2016-07-27 07:00:01+02;1299
2016-07-27 09:36:01+02;1289
2016-07-27 11:17:01+02;1289
2016-07-27 11:57:01+02;1279
2016-07-27 12:09:01+02;1249
2016-07-27 12:24:01+02;1289
2016-07-27 13:26:01+02;1259
2016-07-27 16:00:01+02;1249
2016-07-27 23:02:01+02;1319
2016-07-28 06:32:01+02;1309
2016-07-28 07:03:01+02;1309
2016-07-28 08:08:01+02;1299
2016-07-28 10:42:01+02;1299
2016-07-28 12:08:01+02;1289
2016-07-28 12:24:01+02;1319
2016-07-28 13:26:01+02;1309
2016-07-28 15:03:01+02;1289
2016-07-28 15:26:01+02;1289
2016-07-28 15:48:01+02;1279
2016-07-28 16:57:01+02;1269
2016-07-28 20:26:01+02;1259
2016-07-28 21:32:01+02;1249
2016-07-28 23:02:01+02;1319
2016-07-29 06:42:01+02;1309
2016-07-29 07:17:01+02;1309
2016-07-29 07:53:01+02;1299
2016-07-29 08:24:01+02;1299
2016-07-29 11:06:01+02;1299
2016-07-29 12:06:01+02;1289
2016-07-29 12:24:01+02;1309
2016-07-29 13:06:01+02;1309
2016-07-29 14:24:01+02;1299
2016-07-29 14:53:01+02;1289
2016-07-29 15:13:01+02;1279
2016-07-29 15:36:01+02;1279
2016-07-29 16:21:02+02;1279
2016-07-29 16:56:01+02;1269
2016-07-29 17:02:01+02;1269
2016-07-29 17:36:01+02;1259
2016-07-29 23:06:01+02;1309
2016-07-30 05:36:01+02;1309
2016-07-30 08:24:01+02;1299
2016-07-30 10:08:01+02;1289
2016-07-30 12:24:01+02;1309
2016-07-30 13:02:01+02;1309
2016-07-30 14:53:01+02;1299
2016-07-30 15:05:01+02;1279
2016-07-30 16:12:01+02;1269
2016-07-30 17:19:01+02;1259
2016-07-30 18:11:01+02;1259
2016-07-30 18:55:01+02;1249
2016-07-30 20:23:01+02;1239
2016-07-30 21:48:01+02;1229
2016-07-30 23:05:01+02;1309
2016-07-31 05:33:01+02;1309
2016-07-31 07:48:01+02;1299
2016-07-31 11:31:01+02;1299
2016-07-31 12:23:01+02;1309
2016-07-31 15:09:01+02;1289
2016-07-31 15:33:01+02;1279
2016-07-31 17:05:02+02;1279
2016-07-31 17:42:01+02;1279
2016-07-31 18:05:01+02;1269
2016-07-31 18:48:01+02;1269
2016-07-31 23:06:01+02;1319
2016-08-01 06:48:01+02;1309
2016-08-01 07:19:01+02;1299
2016-08-01 10:21:01+02;1279
2016-08-01 12:23:01+02;1319
2016-08-01 13:15:01+02;1299
2016-08-01 15:05:01+02;1289
2016-08-01 15:48:01+02;1279
2016-08-01 16:53:01+02;1269
2016-08-01 17:27:01+02;1269
2016-08-01 18:02:01+02;1259
2016-08-01 18:21:01+02;1259
2016-08-01 19:31:01+02;1249
2016-08-01 20:02:01+02;1239
2016-08-01 23:06:01+02;1309
2016-08-02 05:42:01+02;1309
2016-08-02 06:55:01+02;1299
2016-08-02 08:08:01+02;1289
2016-08-02 11:08:01+02;1279
2016-08-02 12:02:01+02;1269
2016-08-02 12:23:01+02;1309
2016-08-02 13:12:01+02;1289
2016-08-02 14:42:01+02;1279
2016-08-02 15:08:01+02;1269
2016-08-02 16:33:01+02;1259
2016-08-02 17:15:01+02;1249
2016-08-02 18:08:01+02;1239
2016-08-02 19:32:01+02;1239
2016-08-02 19:57:01+02;1229
2016-08-02 20:27:01+02;1229
2016-08-02 21:02:01+02;1219
2016-08-02 23:06:01+02;1309
2016-08-03 05:42:01+02;1299
2016-08-03 06:44:01+02;1299
2016-08-03 08:09:01+02;1299
2016-08-03 10:05:01+02;1269
2016-08-03 11:27:01+02;1259
2016-08-03 11:57:01+02;1239
2016-08-03 12:24:01+02;1279
2016-08-03 13:17:01+02;1259
2016-08-03 13:48:01+02;1239
2016-08-03 14:36:01+02;1229
2016-08-03 15:00:01+02;1219
2016-08-03 15:29:01+02;1209
2016-08-03 15:48:01+02;1209
2016-08-03 17:36:01+02;1209
2016-08-03 18:41:01+02;1209
2016-08-03 20:19:02+02;1209
2016-08-03 23:03:01+02;1309
2016-08-04 05:51:01+02;1299
2016-08-04 07:08:01+02;1289
2016-08-04 08:15:01+02;1279
2016-08-04 08:39:01+02;1219
2016-08-04 09:59:01+02;1209
2016-08-04 12:24:01+02;1249
2016-08-04 13:29:01+02;1229
2016-08-04 14:57:01+02;1219
2016-08-04 15:09:01+02;1219
2016-08-04 16:45:01+02;1219
2016-08-04 18:21:01+02;1219
2016-08-04 19:21:01+02;1219
2016-08-04 23:02:01+02;1319
2016-08-05 05:57:01+02;1299
2016-08-05 07:19:01+02;1289
2016-08-05 07:39:01+02;1279
2016-08-05 09:02:02+02;1279
2016-08-05 10:08:01+02;1229
2016-08-05 10:21:01+02;1209
2016-08-05 12:24:01+02;1249
2016-08-05 13:15:01+02;1229
2016-08-05 15:15:02+02;1229
2016-08-05 15:39:02+02;1219
2016-08-05 16:56:01+02;1219
2016-08-05 23:02:01+02;1319
2016-08-06 05:48:01+02;1309
2016-08-06 06:51:01+02;1299
2016-08-06 08:00:02+02;1289
2016-08-06 08:48:01+02;1289
2016-08-06 09:12:01+02;1289
2016-08-06 11:00:02+02;1269
2016-08-06 12:24:01+02;1309
2016-08-06 14:36:01+02;1279
2016-08-06 15:00:01+02;1269
2016-08-06 15:20:01+02;1249
2016-08-06 15:48:01+02;1249
2016-08-06 16:48:01+02;1229
2016-08-06 17:00:01+02;1219
2016-08-06 23:06:01+02;1319
2016-08-07 05:48:01+02;1309
2016-08-07 08:05:01+02;1299
2016-08-07 09:19:01+02;1299
2016-08-07 10:19:01+02;1289
2016-08-07 11:31:01+02;1279
2016-08-07 12:23:01+02;1319
2016-08-07 14:36:01+02;1299
2016-08-07 15:19:01+02;1289
2016-08-07 15:48:01+02;1269
2016-08-07 16:09:02+02;1259
2016-08-07 17:48:01+02;1249
2016-08-07 19:17:02+02;1229
2016-08-07 23:06:02+02;1319
2016-08-08 05:51:01+02;1309
2016-08-08 06:39:01+02;1299
2016-08-08 06:57:01+02;1299
2016-08-08 09:45:01+02;1289
2016-08-08 12:24:01+02;1319
2016-08-08 13:15:01+02;1309
2016-08-08 13:53:01+02;1289
2016-08-08 15:03:01+02;1279
2016-08-08 16:39:01+02;1279
2016-08-08 17:45:01+02;1269
2016-08-08 18:08:01+02;1249
2016-08-08 23:02:01+02;1329
2016-08-09 05:48:01+02;1329
2016-08-09 06:51:01+02;1309
2016-08-09 07:56:01+02;1299
2016-08-09 08:51:01+02;1269
2016-08-09 09:31:01+02;1259
2016-08-09 12:00:01+02;1239
2016-08-09 12:24:01+02;1279
2016-08-09 13:12:01+02;1269
2016-08-09 14:42:01+02;1259
2016-08-09 14:57:01+02;1259
2016-08-09 15:19:01+02;1239
2016-08-09 15:36:01+02;1229
2016-08-09 16:00:01+02;1229
2016-08-09 17:08:01+02;1229
2016-08-09 17:57:01+02;1229
2016-08-09 23:06:01+02;1329
2016-08-10 05:48:01+02;1309
2016-08-10 07:02:01+02;1309
2016-08-10 07:56:01+02;1299
2016-08-10 10:15:01+02;1299
2016-08-10 11:51:01+02;1299
2016-08-10 12:23:01+02;1319
2016-08-10 13:15:01+02;1319
2016-08-10 14:53:01+02;1299
2016-08-10 15:15:01+02;1279
2016-08-10 15:51:01+02;1269
2016-08-10 16:32:01+02;1259
2016-08-10 19:20:01+02;1259
2016-08-10 23:02:01+02;1319
2016-08-11 05:48:01+02;1339
2016-08-11 06:47:02+02;1309
2016-08-11 09:55:01+02;1299
2016-08-11 10:29:01+02;1299
2016-08-11 11:53:01+02;1289
2016-08-11 12:24:01+02;1309
2016-08-11 13:12:01+02;1309
2016-08-11 14:53:01+02;1249
2016-08-11 16:53:01+02;1249
2016-08-11 19:48:01+02;1239
2016-08-11 23:03:01+02;1319
2016-08-12 07:00:01+02;1309
2016-08-12 07:39:01+02;1299
2016-08-12 09:42:01+02;1289
2016-08-12 10:05:01+02;1289
2016-08-12 11:51:01+02;1279
2016-08-12 12:24:01+02;1319
2016-08-12 13:15:01+02;1299
2016-08-12 14:00:01+02;1279
2016-08-12 15:20:01+02;1279
2016-08-12 15:51:01+02;1269
2016-08-12 16:39:01+02;1259
2016-08-12 18:56:01+02;1249
2016-08-12 21:33:01+02;1239
2016-08-12 23:05:01+02;1339
2016-08-13 05:57:01+02;1319
2016-08-13 07:29:01+02;1309
2016-08-13 08:21:01+02;1299
2016-08-13 09:21:02+02;1299
2016-08-13 10:21:01+02;1289
2016-08-13 11:48:01+02;1279
2016-08-13 12:24:01+02;1319
2016-08-13 13:29:01+02;1299
2016-08-13 13:57:01+02;1299
2016-08-13 15:24:01+02;1279
2016-08-13 16:32:01+02;1269
2016-08-13 17:12:01+02;1259
2016-08-13 18:47:01+02;1249
2016-08-13 23:11:01+02;1339
2016-08-14 05:57:01+02;1309
2016-08-14 08:11:01+02;1309
2016-08-14 10:48:01+02;1299
2016-08-14 12:24:01+02;1339
2016-08-14 13:57:01+02;1309
2016-08-14 15:05:01+02;1299
2016-08-14 15:57:01+02;1289
2016-08-14 16:17:01+02;1279
2016-08-14 16:47:01+02;1279
2016-08-14 18:05:01+02;1269
2016-08-14 23:05:01+02;1339
2016-08-15 05:32:01+02;1349
2016-08-15 06:55:01+02;1339
2016-08-15 07:20:01+02;1319
2016-08-15 08:05:01+02;1309
2016-08-15 08:56:01+02;1309
2016-08-15 09:23:01+02;1299
2016-08-15 10:11:01+02;1289
2016-08-15 11:47:01+02;1279
2016-08-15 12:23:01+02;1319
2016-08-15 13:32:01+02;1299
2016-08-15 14:15:01+02;1289
2016-08-15 14:32:01+02;1289
2016-08-15 14:56:01+02;1269
2016-08-15 15:47:01+02;1259
2016-08-15 18:29:01+02;1249
2016-08-15 18:47:01+02;1239
2016-08-15 19:11:01+02;1239
2016-08-15 23:05:01+02;1339
2016-08-16 05:47:01+02;1319
2016-08-16 06:44:01+02;1309
2016-08-16 07:02:01+02;1309
2016-08-16 08:27:01+02;1309
2016-08-16 09:41:01+02;1299
2016-08-16 10:11:01+02;1289
2016-08-16 11:56:01+02;1289
2016-08-16 12:23:01+02;1329
2016-08-16 13:15:01+02;1299
2016-08-16 14:41:01+02;1289
2016-08-16 15:29:01+02;1279
2016-08-16 16:05:01+02;1269
2016-08-16 17:15:01+02;1259
2016-08-16 17:51:01+02;1259
2016-08-16 18:35:01+02;1249
2016-08-16 19:02:01+02;1249
2016-08-16 20:20:01+02;1239
2016-08-17 05:44:01+02;1319
2016-08-17 06:59:01+02;1319
2016-08-17 07:39:01+02;1319
2016-08-17 08:56:01+02;1239
2016-08-17 10:05:01+02;1239
2016-08-17 12:23:01+02;1279
2016-08-17 13:15:02+02;1259
2016-08-17 14:47:01+02;1259
2016-08-17 15:11:01+02;1239
2016-08-17 17:56:01+02;1239
2016-08-17 23:05:01+02;1329
2016-08-18 05:44:01+02;1319
2016-08-18 07:17:01+02;1319
2016-08-18 08:47:01+02;1309
2016-08-18 09:23:01+02;1309
2016-08-18 10:20:01+02;1299
2016-08-18 11:08:02+02;1299
2016-08-18 11:44:01+02;1259
2016-08-18 12:11:01+02;1259
2016-08-18 12:23:02+02;1299
2016-08-18 13:15:01+02;1269
2016-08-18 14:27:01+02;1259
2016-08-18 15:05:01+02;1259
2016-08-18 15:17:01+02;1259
2016-08-18 15:39:01+02;1249
2016-08-18 23:05:01+02;1339
2016-08-19 05:47:01+02;1319
2016-08-19 07:11:01+02;1309
2016-08-19 08:15:01+02;1309
2016-08-19 11:32:01+02;1289
2016-08-19 11:51:01+02;1279
2016-08-19 12:23:01+02;1319
2016-08-19 13:15:01+02;1299
2016-08-19 15:05:01+02;1289
2016-08-19 15:23:01+02;1289
2016-08-19 15:39:01+02;1279
2016-08-19 16:27:01+02;1279
2016-08-19 16:56:01+02;1269
2016-08-19 18:32:01+02;1259
2016-08-19 23:05:01+02;1349
2016-08-20 05:44:01+02;1339
2016-08-20 07:47:01+02;1329
2016-08-20 08:05:01+02;1309
2016-08-20 08:39:01+02;1299
2016-08-20 09:56:01+02;1299
2016-08-20 11:35:01+02;1289
2016-08-20 12:23:01+02;1329
2016-08-20 13:15:01+02;1309
2016-08-20 13:56:01+02;1309
2016-08-20 14:53:01+02;1299
2016-08-20 15:15:01+02;1289
2016-08-20 15:39:01+02;1289
2016-08-20 16:44:01+02;1279
2016-08-20 17:27:01+02;1269
2016-08-20 19:15:01+02;1269
2016-08-20 19:32:01+02;1259
2016-08-20 23:05:01+02;1349
2016-08-21 05:47:01+02;1339
2016-08-21 06:32:01+02;1339
2016-08-21 06:56:02+02;1329
2016-08-21 07:44:01+02;1319
2016-08-21 08:15:02+02;1309
2016-08-21 11:35:01+02;1269
2016-08-21 12:23:01+02;1309
2016-08-21 13:11:01+02;1289
2016-08-21 15:08:01+02;1269
2016-08-21 16:15:01+02;1269
2016-08-21 16:44:01+02;1259
2016-08-21 18:08:02+02;1259
2016-08-21 23:05:01+02;1349
2016-08-22 05:41:01+02;1329
2016-08-22 06:51:01+02;1329
2016-08-22 08:05:01+02;1319
2016-08-22 08:29:01+02;1319
2016-08-22 08:56:01+02;1319
2016-08-22 09:53:01+02;1309
2016-08-22 11:11:01+02;1289
2016-08-22 12:23:01+02;1329
2016-08-22 12:44:01+02;1289
2016-08-22 15:59:01+02;1269
2016-08-22 23:02:01+02;1349
2016-08-23 05:44:02+02;1339
2016-08-23 07:51:01+02;1329
2016-08-23 08:29:02+02;1299
2016-08-23 08:56:01+02;1259
2016-08-23 09:20:01+02;1259
2016-08-23 12:23:01+02;1299
2016-08-23 13:15:02+02;1279
2016-08-23 14:56:01+02;1269
2016-08-23 15:20:01+02;1259
2016-08-23 18:47:01+02;1259
2016-08-23 23:05:01+02;1339
2016-08-24 05:47:01+02;1339
2016-08-24 06:47:01+02;1329
2016-08-24 07:53:01+02;1329
2016-08-24 09:29:01+02;1319
2016-08-24 10:05:01+02;1309
2016-08-24 11:11:01+02;1309
2016-08-24 11:29:01+02;1299
2016-08-24 12:23:01+02;1339
2016-08-24 13:15:01+02;1319
2016-08-24 14:29:01+02;1319
2016-08-24 14:53:02+02;1319
2016-08-24 15:11:01+02;1309
2016-08-24 15:53:01+02;1309
2016-08-24 16:11:01+02;1299
2016-08-24 17:35:01+02;1289
2016-08-24 18:29:01+02;1279
2016-08-24 19:05:01+02;1269
2016-08-24 23:11:01+02;1339
2016-08-25 06:56:01+02;1339
2016-08-25 09:02:01+02;1279
2016-08-25 11:47:01+02;1269
2016-08-25 12:23:01+02;1309
2016-08-25 13:05:01+02;1289
2016-08-25 15:53:01+02;1289
2016-08-25 16:08:01+02;1279
2016-08-25 16:35:01+02;1269
2016-08-25 18:02:01+02;1259
2016-08-25 23:05:01+02;1349
2016-08-26 05:53:01+02;1339
2016-08-26 07:05:01+02;1339
2016-08-26 08:05:01+02;1329
2016-08-26 10:39:01+02;1319
2016-08-26 11:17:02+02;1319
2016-08-26 12:23:01+02;1359
2016-08-26 13:05:01+02;1329
2016-08-26 14:41:01+02;1319
2016-08-26 15:05:01+02;1299
2016-08-26 16:02:01+02;1289
2016-08-26 19:15:01+02;1279
2016-08-26 23:05:01+02;1349
2016-08-27 05:51:01+02;1349
2016-08-27 08:05:01+02;1349
2016-08-27 08:53:01+02;1339
2016-08-27 10:17:01+02;1319
2016-08-27 12:23:01+02;1359
2016-08-27 13:15:01+02;1339
2016-08-27 15:11:01+02;1309
2016-08-27 15:59:01+02;1299
2016-08-27 16:59:01+02;1299
2016-08-27 17:23:01+02;1279
2016-08-27 18:53:01+02;1269
2016-08-27 23:05:01+02;1349
2016-08-28 05:47:01+02;1349
2016-08-28 08:17:01+02;1339
2016-08-28 08:59:01+02;1319
2016-08-28 11:20:01+02;1319
2016-08-28 12:12:01+02;1309
2016-08-28 12:23:01+02;1349
2016-08-28 13:44:01+02;1329
2016-08-28 15:20:01+02;1319
2016-08-28 15:56:01+02;1319
2016-08-28 16:17:01+02;1309
2016-08-28 16:47:01+02;1279
2016-08-28 23:05:01+02;1349
2016-08-29 07:20:01+02;1349
2016-08-29 08:05:01+02;1339
2016-08-29 09:23:02+02;1279
2016-08-29 11:05:01+02;1279
2016-08-29 11:59:01+02;1269
2016-08-29 12:23:01+02;1309
2016-08-29 13:15:01+02;1289
2016-08-29 14:44:01+02;1279
2016-08-29 16:59:01+02;1269
2016-08-30 06:02:01+02;1349
2016-08-30 06:56:01+02;1339
2016-08-30 08:44:01+02;1329
2016-08-30 10:02:01+02;1299
2016-08-30 12:23:01+02;1339
2016-08-30 14:44:01+02;1319
2016-08-30 15:39:01+02;1299
2016-08-30 16:02:01+02;1299
2016-08-30 16:27:01+02;1289
2016-08-30 19:02:01+02;1279
2016-08-30 23:24:01+02;1349
2016-08-31 05:47:01+02;1349
2016-08-31 07:56:01+02;1339
2016-08-31 08:50:01+02;1339
2016-08-31 10:08:01+02;1339
2016-08-31 11:38:01+02;1329
2016-08-31 12:08:01+02;1329
2016-08-31 12:23:01+02;1349
2016-08-31 13:14:01+02;1349
2016-08-31 14:50:01+02;1339
2016-08-31 15:59:01+02;1329
2016-08-31 16:47:01+02;1319
2016-08-31 17:05:01+02;1309
2016-08-31 17:47:01+02;1309
2016-08-31 18:23:01+02;1289
2016-08-31 23:05:01+02;1339
2016-09-01 05:38:01+02;1339
2016-09-01 07:44:02+02;1339
2016-09-01 08:20:01+02;1339
2016-09-01 08:38:01+02;1329
2016-09-01 09:20:01+02;1329
2016-09-01 10:08:02+02;1319
2016-09-01 11:08:01+02;1309
2016-09-01 12:08:01+02;1299
2016-09-01 12:23:01+02;1339
2016-09-01 13:11:01+02;1309
2016-09-01 14:11:01+02;1309
2016-09-01 15:08:01+02;1309
2016-09-01 15:29:01+02;1299
2016-09-01 16:08:01+02;1289
2016-09-01 16:56:01+02;1259
2016-09-01 23:03:01+02;1339
2016-09-02 08:50:01+02;1339
2016-09-02 09:11:01+02;1329
2016-09-02 11:08:02+02;1329
2016-09-02 12:09:01+02;1319
2016-09-02 12:23:01+02;1319
2016-09-02 13:23:01+02;1339
2016-09-02 13:56:02+02;1329
2016-09-02 15:08:01+02;1289
2016-09-02 16:59:01+02;1259
2016-09-02 17:59:01+02;1249
2016-09-02 23:05:01+02;1319
2016-09-03 07:59:01+02;1309
2016-09-03 11:59:02+02;1299
2016-09-03 12:23:01+02;1319
2016-09-03 13:44:01+02;1319
2016-09-03 13:59:01+02;1319
2016-09-03 14:41:01+02;1309
2016-09-03 15:35:01+02;1299
2016-09-03 16:47:01+02;1289
2016-09-03 17:59:02+02;1289
2016-09-03 18:47:01+02;1279
2016-09-03 19:11:01+02;1279
2016-09-03 20:17:01+02;1269
2016-09-03 23:02:01+02;1329
2016-09-04 05:41:02+02;1349
2016-09-04 07:32:01+02;1349
2016-09-04 08:02:01+02;1319
2016-09-04 08:44:01+02;1319
2016-09-04 13:41:02+02;1339
2016-09-04 14:09:01+02;1319
2016-09-04 15:35:01+02;1309
2016-09-04 15:59:01+02;1299
2016-09-04 16:59:01+02;1259
2016-09-04 18:53:01+02;1249
2016-09-04 23:05:01+02;1319
2016-09-05 05:35:01+02;1329
2016-09-05 07:05:01+02;1319
2016-09-05 08:08:01+02;1319
2016-09-05 09:14:01+02;1309
2016-09-05 10:20:01+02;1299
2016-09-05 11:08:01+02;1279
2016-09-05 12:23:01+02;1319
2016-09-05 13:14:01+02;1299
2016-09-05 14:53:01+02;1269
2016-09-05 18:41:01+02;1269
2016-09-05 20:11:01+02;1259
2016-09-05 23:02:01+02;1339
2016-09-06 05:44:01+02;1319
2016-09-06 08:29:01+02;1309
2016-09-06 09:44:01+02;1309
2016-09-06 11:00:01+02;1299
2016-09-06 11:30:01+02;1299
2016-09-06 11:54:01+02;1299
2016-09-06 12:24:01+02;1339
2016-09-06 13:21:01+02;1319
2016-09-06 14:57:01+02;1309
2016-09-06 15:12:01+02;1299
2016-09-06 15:36:01+02;1299
2016-09-06 16:42:01+02;1299
2016-09-06 17:08:01+02;1289
2016-09-06 17:30:01+02;1289
2016-09-06 17:54:01+02;1279
2016-09-06 18:36:01+02;1269
2016-09-06 20:23:01+02;1259
2016-09-06 23:06:02+02;1339
2016-09-07 06:58:31+02;1339
2016-09-07 08:49:31+02;1329
2016-09-07 09:43:31+02;1329
2016-09-07 10:07:31+02;1319
2016-09-07 11:11:31+02;1309
2016-09-07 11:41:31+02;1309
2016-09-07 12:23:32+02;1339
2016-09-07 14:04:31+02;1319
2016-09-07 15:07:31+02;1299
2016-09-07 15:35:31+02;1269
2016-09-07 17:01:31+02;1269
2016-09-07 18:01:31+02;1259
2016-09-07 19:25:31+02;1259
2016-09-07 23:05:31+02;1339
2016-09-08 05:43:31+02;1339
2016-09-08 08:01:31+02;1319
2016-09-08 09:46:31+02;1309
2016-09-08 11:26:31+02;1299
2016-09-08 11:59:31+02;1299
2016-09-08 12:23:31+02;1339
2016-09-08 13:14:31+02;1319
2016-09-08 13:47:31+02;1309
2016-09-08 14:46:31+02;1299
2016-09-08 15:04:31+02;1299
2016-09-08 15:49:31+02;1289
2016-09-08 17:44:31+02;1269
2016-09-08 19:19:31+02;1259
2016-09-08 23:05:31+02;1349
2016-09-09 05:53:31+02;1339
2016-09-09 08:07:31+02;1319
2016-09-09 10:07:31+02;1309
2016-09-09 11:11:32+02;1299
2016-09-09 11:41:31+02;1299
2016-09-09 12:22:31+02;1339
2016-09-09 13:13:31+02;1319
2016-09-09 15:08:31+02;1299
2016-09-09 16:04:31+02;1299
2016-09-09 16:37:31+02;1289
2016-09-09 17:44:31+02;1279
2016-09-09 19:04:31+02;1279
2016-09-09 23:05:31+02;1359
2016-09-10 08:08:31+02;1349
2016-09-10 09:44:32+02;1349
2016-09-10 10:20:31+02;1339
2016-09-10 11:14:31+02;1329
2016-09-10 12:22:32+02;1359
2016-09-10 13:32:31+02;1349
2016-09-10 14:04:31+02;1339
2016-09-10 14:38:31+02;1319
2016-09-10 15:04:31+02;1309
2016-09-10 16:02:31+02;1309
2016-09-10 16:50:31+02;1299
2016-09-10 17:07:31+02;1279
2016-09-10 18:58:31+02;1269
2016-09-10 23:01:31+02;1359
2016-09-11 05:44:31+02;1349
2016-09-11 11:11:31+02;1329
2016-09-11 12:22:31+02;1359
2016-09-11 14:08:31+02;1339
2016-09-11 15:04:31+02;1329
2016-09-11 15:44:31+02;1329
2016-09-11 17:13:31+02;1309
2016-09-11 23:05:31+02;1359
2016-09-12 07:07:31+02;1359
2016-09-12 08:56:31+02;1339
2016-09-12 09:22:31+02;1319
2016-09-12 10:59:31+02;1299
2016-09-12 12:23:31+02;1339
2016-09-12 13:17:31+02;1319
2016-09-12 14:52:31+02;1299
2016-09-12 15:56:31+02;1299
2016-09-12 17:07:31+02;1289
2016-09-12 17:56:31+02;1289
2016-09-12 23:05:31+02;1349
2016-09-13 05:41:31+02;1349
2016-09-13 07:04:31+02;1349
2016-09-13 08:17:31+02;1339
2016-09-13 09:52:31+02;1339
2016-09-13 10:53:31+02;1329
2016-09-13 11:53:31+02;1329
2016-09-13 12:22:31+02;1349
2016-09-13 14:43:31+02;1309
2016-09-13 16:56:31+02;1279
2016-09-13 18:56:31+02;1279
2016-09-13 23:01:31+02;1349
2016-09-14 09:13:31+02;1329
2016-09-14 09:55:31+02;1309
2016-09-14 10:47:31+02;1299
2016-09-14 12:22:31+02;1339
2016-09-14 13:13:31+02;1319
2016-09-14 15:19:31+02;1309
2016-09-14 15:56:31+02;1309
2016-09-14 17:37:31+02;1299
2016-09-14 17:57:32+02;1299
2016-09-14 18:01:31+02;1279
2016-09-14 18:59:31+02;1279
2016-09-14 23:01:31+02;1349
2016-09-15 05:46:31+02;1359
2016-09-15 06:14:31+02;1349
2016-09-15 07:02:31+02;1349
2016-09-15 08:52:31+02;1309
2016-09-15 09:14:31+02;1299
2016-09-15 12:07:31+02;1299
2016-09-15 12:22:31+02;1339
2016-09-15 13:14:31+02;1319
2016-09-15 13:48:31+02;1319
2016-09-15 15:17:31+02;1319
2016-09-15 16:35:31+02;1279
2016-09-15 17:50:31+02;1279
2016-09-15 19:05:31+02;1269
2016-09-15 19:22:31+02;1269
2016-09-15 19:45:31+02;1269
2016-09-15 23:05:31+02;1339
2016-09-16 05:50:31+02;1349
2016-09-16 06:49:31+02;1349
2016-09-16 07:08:31+02;1339
2016-09-16 08:47:31+02;1329
2016-09-16 09:41:31+02;1309
2016-09-16 10:11:31+02;1309
2016-09-16 10:45:31+02;1299
2016-09-16 12:23:31+02;1339
2016-09-16 13:13:31+02;1319
2016-09-16 14:49:31+02;1309
2016-09-16 15:58:31+02;1299
2016-09-16 16:52:31+02;1289
2016-09-16 17:53:31+02;1279
2016-09-16 18:46:31+02;1269
2016-09-16 23:05:31+02;1349
2016-09-17 07:04:31+02;1329
2016-09-17 08:56:31+02;1309
2016-09-17 09:29:31+02;1309
2016-09-17 10:20:31+02;1299
2016-09-17 11:11:31+02;1299
2016-09-17 12:00:31+02;1289
2016-09-17 12:23:31+02;1329
2016-09-17 13:53:31+02;1309
2016-09-17 14:52:31+02;1299
2016-09-17 16:08:31+02;1289
2016-09-17 16:25:31+02;1279
2016-09-17 17:49:31+02;1269
2016-09-17 19:32:31+02;1259
2016-09-17 23:05:31+02;1349
2016-09-18 06:00:31+02;1339
2016-09-18 08:25:31+02;1309
2016-09-18 11:17:31+02;1259
2016-09-18 12:11:31+02;1239
2016-09-18 12:23:31+02;1279
2016-09-18 14:54:31+02;1259
2016-09-18 15:58:31+02;1249
2016-09-18 16:15:31+02;1249
2016-09-18 17:32:31+02;1249
2016-09-18 18:44:31+02;1249
2016-09-18 19:30:31+02;1249
2016-09-18 23:02:31+02;1349
2016-09-19 05:59:31+02;1329
2016-09-19 07:32:31+02;1329
2016-09-19 09:49:31+02;1309
2016-09-19 10:05:31+02;1299
2016-09-19 11:11:31+02;1299
2016-09-19 12:22:31+02;1339
2016-09-19 13:14:31+02;1319
2016-09-19 14:52:31+02;1309
2016-09-19 16:02:31+02;1299
2016-09-19 16:32:31+02;1279
2016-09-19 18:38:31+02;1279
2016-09-19 19:26:31+02;1269
2016-09-19 23:05:31+02;1349
2016-09-20 07:29:31+02;1349
2016-09-20 08:56:31+02;1329
2016-09-20 09:50:31+02;1319
2016-09-20 11:50:31+02;1309
2016-09-20 12:22:31+02;1349
2016-09-20 13:14:31+02;1329
2016-09-20 14:29:31+02;1309
2016-09-20 15:29:31+02;1309
2016-09-20 15:49:31+02;1299
2016-09-20 16:41:31+02;1299
2016-09-20 16:58:31+02;1289
2016-09-20 18:58:31+02;1279
2016-09-20 23:05:31+02;1349
2016-09-21 05:35:31+02;1349
2016-09-21 07:04:31+02;1349
2016-09-21 07:20:31+02;1329
2016-09-21 08:23:31+02;1279
2016-09-21 09:49:31+02;1279
2016-09-21 11:13:31+02;1269
2016-09-21 12:23:31+02;1309
2016-09-21 13:17:31+02;1289
2016-09-21 14:56:31+02;1289
2016-09-21 16:17:31+02;1279
2016-09-21 16:41:31+02;1279
2016-09-21 17:53:31+02;1269
2016-09-21 23:05:31+02;1349
2016-09-22 05:59:31+02;1349
2016-09-22 08:37:31+02;1339
2016-09-22 09:13:31+02;1329
2016-09-22 09:29:31+02;1319
2016-09-22 11:34:31+02;1309
2016-09-22 12:22:31+02;1349
2016-09-22 13:13:31+02;1329
2016-09-22 15:19:31+02;1319
2016-09-22 16:04:31+02;1279
2016-09-22 18:01:31+02;1269
2016-09-22 23:08:31+02;1339
2016-09-23 06:56:31+02;1339
2016-09-23 08:13:31+02;1329
2016-09-23 09:44:31+02;1329
2016-09-23 10:01:31+02;1309
2016-09-23 11:07:31+02;1309
2016-09-23 11:56:31+02;1299
2016-09-23 12:22:31+02;1339
2016-09-23 13:17:31+02;1319
2016-09-23 16:37:31+02;1309
2016-09-23 17:32:31+02;1299
2016-09-23 17:56:31+02;1289
2016-09-23 18:59:31+02;1279
2016-09-23 23:01:31+02;1339
2016-09-24 05:47:31+02;1359
2016-09-24 06:32:31+02;1339
2016-09-24 09:04:31+02;1339
2016-09-24 11:08:31+02;1319
2016-09-24 12:23:31+02;1349
2016-09-24 14:57:32+02;1319
2016-09-24 14:59:31+02;1349
2016-09-24 15:02:31+02;1319
2016-09-24 15:40:31+02;1299
2016-09-24 17:59:31+02;1289
2016-09-24 19:16:31+02;1289
2016-09-24 23:05:31+02;1339
2016-09-25 05:47:31+02;1339
2016-09-25 06:07:31+02;1339
2016-09-25 07:42:31+02;1319
2016-09-25 08:08:31+02;1319
2016-09-25 08:53:31+02;1309
2016-09-25 10:08:31+02;1299
2016-09-25 12:08:31+02;1289
2016-09-25 12:23:31+02;1329
2016-09-25 14:56:31+02;1309
2016-09-25 15:58:31+02;1259
2016-09-25 23:05:31+02;1339
2016-09-26 05:43:31+02;1339
2016-09-26 06:01:31+02;1329
2016-09-26 09:47:31+02;1319
2016-09-26 10:46:31+02;1309
2016-09-26 11:11:31+02;1309
2016-09-26 11:29:31+02;1299
2016-09-26 11:53:31+02;1299
2016-09-26 12:23:31+02;1339
2016-09-26 13:01:31+02;1309
2016-09-26 15:07:31+02;1299
2016-09-26 16:21:31+02;1289
2016-09-26 23:05:31+02;1339
2016-09-27 05:32:31+02;1339
2016-09-27 06:35:31+02;1339
2016-09-27 08:07:31+02;1339
2016-09-27 09:34:31+02;1319
2016-09-27 12:08:31+02;1309
2016-09-27 12:23:31+02;1349
2016-09-27 13:17:31+02;1329
2016-09-27 14:52:31+02;1319
2016-09-27 15:56:31+02;1309
2016-09-27 16:13:31+02;1299
2016-09-27 16:55:31+02;1289
2016-09-27 18:55:31+02;1279
2016-09-27 23:05:31+02;1339
2016-09-28 06:49:31+02;1339
2016-09-28 08:49:31+02;1329
2016-09-28 09:34:31+02;1319
2016-09-28 10:41:31+02;1309
2016-09-28 11:04:31+02;1299
2016-09-28 12:23:32+02;1339
2016-09-28 13:44:31+02;1309
2016-09-28 14:23:31+02;1299
2016-09-28 15:44:31+02;1289
2016-09-28 16:25:31+02;1279
2016-09-28 18:49:31+02;1259
2016-09-28 23:01:31+02;1349
2016-09-29 06:22:31+02;1339
2016-09-29 07:13:31+02;1329
2016-09-29 09:19:31+02;1329
2016-09-29 09:37:31+02;1299
2016-09-29 12:22:31+02;1339
2016-09-29 14:53:31+02;1319
2016-09-29 15:07:31+02;1309
2016-09-29 16:01:31+02;1299
2016-09-29 18:01:31+02;1279
2016-09-29 19:34:31+02;1269
2016-09-29 23:08:31+02;1349
2016-09-30 05:52:31+02;1349
2016-09-30 06:11:31+02;1289
2016-09-30 10:28:31+02;1279
2016-09-30 12:22:31+02;1319
2016-09-30 13:17:31+02;1289
2016-09-30 13:44:31+02;1289
2016-09-30 14:43:32+02;1289
2016-09-30 15:58:31+02;1289
2016-09-30 16:52:31+02;1269
2016-09-30 23:05:31+02;1359
2016-10-01 05:52:31+02;1349
2016-10-01 07:37:31+02;1339
2016-10-01 10:37:31+02;1319
2016-10-01 11:37:31+02;1309
2016-10-01 12:22:31+02;1349
2016-10-01 13:44:31+02;1329
2016-10-01 14:50:31+02;1319
2016-10-01 15:10:31+02;1309
2016-10-01 15:29:31+02;1279
2016-10-01 15:46:31+02;1279
2016-10-01 18:58:31+02;1269
2016-10-01 23:16:31+02;1359
2016-10-02 05:50:31+02;1349
2016-10-02 07:56:31+02;1339
2016-10-02 10:32:31+02;1319
2016-10-02 11:50:31+02;1309
2016-10-02 12:22:31+02;1349
2016-10-02 13:29:31+02;1329
2016-10-02 15:16:31+02;1319
2016-10-02 15:50:31+02;1299
2016-10-02 18:02:31+02;1289
2016-10-02 18:38:31+02;1289
2016-10-02 19:32:31+02;1279
2016-10-02 23:05:31+02;1359
2016-10-03 07:43:31+02;1349
2016-10-03 09:32:31+02;1339
2016-10-03 10:41:31+02;1329
2016-10-03 11:49:31+02;1319
2016-10-03 12:23:31+02;1359
2016-10-03 14:46:31+02;1339
2016-10-03 15:05:31+02;1309
2016-10-03 17:32:31+02;1309
2016-10-03 18:01:31+02;1279
2016-10-03 23:05:32+02;1359
2016-10-04 05:52:31+02;1359
2016-10-04 07:52:31+02;1339
2016-10-04 09:31:31+02;1329
2016-10-04 10:28:31+02;1319
2016-10-04 12:22:31+02;1359
2016-10-04 14:11:31+02;1329
2016-10-04 15:04:31+02;1309
2016-10-04 16:49:31+02;1289
2016-10-04 19:01:31+02;1279
2016-10-04 23:02:31+02;1369
2016-10-05 05:52:31+02;1359
2016-10-05 06:43:31+02;1349
2016-10-05 08:17:31+02;1339
2016-10-05 09:29:31+02;1329
2016-10-05 10:16:32+02;1319
2016-10-05 11:52:31+02;1319
2016-10-05 12:22:31+02;1359
2016-10-05 13:13:31+02;1339
2016-10-05 13:44:31+02;1329
2016-10-05 14:43:31+02;1319
2016-10-05 15:04:31+02;1309
2016-10-05 16:52:31+02;1299
2016-10-05 23:08:31+02;1379
2016-10-06 05:52:31+02;1369
2016-10-06 06:11:31+02;1299
2016-10-06 11:31:31+02;1289
2016-10-06 12:22:31+02;1329
2016-10-06 13:13:31+02;1309
2016-10-06 14:44:31+02;1299
2016-10-06 15:58:31+02;1299
2016-10-06 16:29:31+02;1289
2016-10-06 18:17:31+02;1279
2016-10-06 23:05:31+02;1379
2016-10-07 05:56:31+02;1369
2016-10-07 07:04:31+02;1369
2016-10-07 07:55:31+02;1359
2016-10-07 09:25:31+02;1349
2016-10-07 09:44:31+02;1329
2016-10-07 12:23:31+02;1369
2016-10-07 13:20:31+02;1339
2016-10-07 14:47:31+02;1329
2016-10-07 15:04:32+02;1319
2016-10-07 15:32:31+02;1289
2016-10-07 17:56:31+02;1289
2016-10-07 23:05:31+02;1379
2016-10-08 05:49:31+02;1369
2016-10-08 06:58:31+02;1359
2016-10-08 08:11:31+02;1359
2016-10-08 09:35:31+02;1349
2016-10-08 09:59:31+02;1339
2016-10-08 12:22:31+02;1379
2016-10-08 13:47:31+02;1359
2016-10-08 14:56:31+02;1339
2016-10-08 16:26:31+02;1329
2016-10-08 17:31:31+02;1319
2016-10-08 19:26:31+02;1309
2016-10-08 19:50:31+02;1309
2016-10-08 20:26:31+02;1299
2016-10-08 23:04:31+02;1379
2016-10-09 07:49:31+02;1369
2016-10-09 10:37:31+02;1359
2016-10-09 12:08:31+02;1349
2016-10-09 12:23:31+02;1389
2016-10-09 15:04:31+02;1339
2016-10-09 16:52:31+02;1319
2016-10-09 17:47:31+02;1309
2016-10-09 23:05:32+02;1379
2016-10-10 05:49:31+02;1379
2016-10-10 06:13:31+02;1379
2016-10-10 06:52:31+02;1379
2016-10-10 08:40:31+02;1359
2016-10-10 10:46:31+02;1349
2016-10-10 11:56:31+02;1329
2016-10-10 12:23:31+02;1369
2016-10-10 12:43:31+02;1329
2016-10-10 12:56:31+02;1339
2016-10-10 13:28:31+02;1329
2016-10-10 16:20:31+02;1319
2016-10-10 17:01:31+02;1309
2016-10-10 18:13:31+02;1299
2016-10-10 23:05:31+02;1379
2016-10-11 05:50:31+02;1379
2016-10-11 06:13:31+02;1369
2016-10-11 07:46:31+02;1359
2016-10-11 09:46:31+02;1359
2016-10-11 11:04:31+02;1349
2016-10-11 12:23:31+02;1389
2016-10-11 13:47:31+02;1359
2016-10-11 14:35:31+02;1359
2016-10-11 14:52:31+02;1339
2016-10-11 15:52:31+02;1329
2016-10-11 16:17:31+02;1329
2016-10-11 17:07:32+02;1319
2016-10-11 17:23:31+02;1309
2016-10-11 18:22:31+02;1299
2016-10-11 18:47:31+02;1299
2016-10-11 23:05:31+02;1379
2016-10-12 05:55:31+02;1369
2016-10-12 09:31:31+02;1359
2016-10-12 10:46:31+02;1349
2016-10-12 12:01:31+02;1339
2016-10-12 12:22:31+02;1379
2016-10-12 14:46:31+02;1339
2016-10-12 15:25:31+02;1339
2016-10-12 16:04:31+02;1319
2016-10-12 17:34:31+02;1309
2016-10-12 18:22:31+02;1299
2016-10-12 19:34:31+02;1289
2016-10-12 23:01:31+02;1379
2016-10-13 05:49:31+02;1369
2016-10-13 07:13:31+02;1369
2016-10-13 07:52:31+02;1369
2016-10-13 09:04:31+02;1359
2016-10-13 09:22:31+02;1329
2016-10-13 11:04:31+02;1319
2016-10-13 12:22:31+02;1359
2016-10-13 14:46:31+02;1339
2016-10-13 15:25:31+02;1329
2016-10-13 16:25:31+02;1319
2016-10-13 16:55:31+02;1309
2016-10-13 18:25:31+02;1289
2016-10-13 19:25:31+02;1279
2016-10-13 23:04:31+02;1379
2016-10-14 05:55:31+02;1359
2016-10-14 08:19:32+02;1309
2016-10-14 09:43:32+02;1299
2016-10-14 12:22:31+02;1339
2016-10-14 16:49:31+02;1289
2016-10-14 23:04:31+02;1379
2016-10-15 15:50:07+02;1309
2016-10-15 16:22:31+02;1299
2016-10-15 18:22:31+02;1289
2016-10-15 23:06:31+02;1379
2016-10-16 05:52:31+02;1359
2016-10-16 10:31:31+02;1359
2016-10-16 10:37:31+02;1349
2016-10-16 10:58:31+02;1339
2016-10-16 14:01:31+02;1329
2016-10-16 16:13:31+02;1289
2016-10-16 16:40:31+02;1339
2016-10-16 17:01:31+02;1339
2016-10-16 18:07:31+02;1289
2016-10-16 19:34:31+02;1289
2016-10-16 23:01:31+02;1379
2016-10-17 05:52:31+02;1369
2016-10-17 06:07:31+02;1459
2016-10-17 08:49:31+02;1359
2016-10-17 09:40:31+02;1339
2016-10-17 10:04:31+02;1339
2016-10-17 10:28:31+02;1329
2016-10-17 11:34:31+02;1329
2016-10-17 12:22:31+02;1369
2016-10-17 13:22:31+02;1349
2016-10-17 13:46:31+02;1339
2016-10-17 14:52:31+02;1339
2016-10-17 15:19:31+02;1329
2016-10-17 16:16:31+02;1319
2016-10-17 17:04:32+02;1319
2016-10-17 20:40:31+02;1309
2016-10-17 23:04:31+02;1389
2016-10-18 05:46:31+02;1369
2016-10-18 09:31:31+02;1369
2016-10-18 09:49:31+02;1349
2016-10-18 10:55:31+02;1349
2016-10-18 11:25:31+02;1339
2016-10-18 12:04:31+02;1339
2016-10-18 12:22:31+02;1379
2016-10-18 13:07:31+02;1359
2016-10-18 14:53:31+02;1349
2016-10-18 15:37:31+02;1319
2016-10-18 16:01:31+02;1309
2016-10-18 16:55:31+02;1309
2016-10-18 17:13:31+02;1299
2016-10-18 17:55:31+02;1289
2016-10-18 23:01:31+02;1379
2016-10-19 05:55:31+02;1359
2016-10-19 07:31:31+02;1349
2016-10-19 08:52:31+02;1349
2016-10-19 09:49:31+02;1339
2016-10-19 11:55:31+02;1329
2016-10-19 12:22:31+02;1369
2016-10-19 13:19:31+02;1349
2016-10-19 14:28:31+02;1339
2016-10-19 15:16:31+02;1329
2016-10-19 15:52:31+02;1319
2016-10-19 19:22:31+02;1299
2016-10-19 23:01:31+02;1379
2016-10-20 05:47:31+02;1369
2016-10-20 06:46:31+02;1349
2016-10-20 07:46:31+02;1339
2016-10-20 08:58:31+02;1329
2016-10-20 10:10:31+02;1319
2016-10-20 10:52:32+02;1309
2016-10-20 11:16:31+02;1299
2016-10-20 12:22:31+02;1339
2016-10-20 13:22:31+02;1319
2016-10-20 15:16:31+02;1309
2016-10-20 15:52:31+02;1309
2016-10-20 16:40:31+02;1299
2016-10-20 17:28:31+02;1289
2016-10-20 18:25:31+02;1289
2016-10-20 23:01:31+02;1379
2016-10-21 05:55:31+02;1359
2016-10-21 06:16:31+02;1299
2016-10-21 07:13:31+02;1289
2016-10-21 10:10:31+02;1289
2016-10-21 12:22:31+02;1329
2016-10-21 13:19:31+02;1309
2016-10-21 14:34:31+02;1299
2016-10-21 15:25:31+02;1289
2016-10-21 16:13:31+02;1289
2016-10-22 05:55:31+02;1359
2016-10-22 06:40:31+02;1349
2016-10-22 07:58:31+02;1339
2016-10-22 09:40:31+02;1309
2016-10-22 10:16:31+02;1289
2016-10-22 12:22:31+02;1329
2016-10-22 13:19:31+02;1289
2016-10-22 23:01:31+02;1379
2016-10-23 05:52:31+02;1359
2016-10-23 07:31:31+02;1349
2016-10-23 08:01:31+02;1339
2016-10-23 10:31:31+02;1329
2016-10-23 12:07:31+02;1319
2016-10-23 12:22:31+02;1359
2016-10-23 13:19:31+02;1339
2016-10-23 13:58:31+02;1319
2016-10-23 15:16:31+02;1309
2016-10-23 15:40:31+02;1289
2016-10-23 23:02:31+02;1379
2016-10-24 05:55:31+02;1359
2016-10-24 07:25:31+02;1339
2016-10-24 09:01:31+02;1329
2016-10-24 09:25:31+02;1319
2016-10-24 10:19:31+02;1309
2016-10-24 10:37:31+02;1299
2016-10-24 11:49:31+02;1289
2016-10-24 12:22:31+02;1329
2016-10-24 13:01:31+02;1299
2016-10-24 14:40:31+02;1299
2016-10-24 15:16:31+02;1289
2016-10-24 15:58:31+02;1279
2016-10-24 23:04:31+02;1389
2016-10-25 05:58:31+02;1359
2016-10-25 07:10:31+02;1349
2016-10-25 07:52:31+02;1339
2016-10-25 08:55:31+02;1329
2016-10-25 09:34:31+02;1319
2016-10-25 09:58:31+02;1309
2016-10-25 10:28:31+02;1299
2016-10-25 12:10:31+02;1299
2016-10-25 12:22:31+02;1339
2016-10-25 13:04:31+02;1309
2016-10-25 14:52:31+02;1299
2016-10-25 15:13:31+02;1299
2016-10-25 16:22:31+02;1289
2016-10-25 23:01:31+02;1379
2016-10-26 05:58:31+02;1359
2016-10-26 09:16:31+02;1349
2016-10-26 10:10:31+02;1309
2016-10-26 10:52:31+02;1289
2016-10-26 12:01:31+02;1279
2016-10-26 12:22:31+02;1319
2016-10-26 13:19:31+02;1299
2016-10-26 16:16:31+02;1299
2016-10-26 17:07:31+02;1289
2016-10-26 23:02:31+02;1379
2016-10-27 05:58:31+02;1359
2016-10-27 10:34:31+02;1329
2016-10-27 10:49:31+02;1319
2016-10-27 11:49:31+02;1309
2016-10-27 12:22:31+02;1349
2016-10-27 13:04:31+02;1329
2016-10-27 14:52:32+02;1329
2016-10-27 15:40:31+02;1319
2016-10-27 16:10:31+02;1309
2016-10-27 16:25:31+02;1299
2016-10-27 16:56:31+02;1289
2016-10-27 23:01:31+02;1379
2016-10-28 05:58:31+02;1369
2016-10-28 07:28:31+02;1359
2016-10-28 09:37:31+02;1349
2016-10-28 10:25:32+02;1339
2016-10-28 11:10:31+02;1319
2016-10-28 11:55:31+02;1309
2016-10-28 12:22:31+02;1349
2016-10-28 13:19:31+02;1329
2016-10-28 14:56:31+02;1329
2016-10-28 16:04:31+02;1319
2016-10-28 17:04:31+02;1319
2016-10-28 18:25:31+02;1309
2016-10-28 23:04:31+02;1389
2016-10-29 05:43:31+02;1399
2016-10-29 06:55:31+02;1389
2016-10-29 07:46:31+02;1369
2016-10-29 08:16:31+02;1359
2016-10-29 10:04:31+02;1349
2016-10-29 11:28:31+02;1329
2016-10-29 12:22:31+02;1369
2016-10-29 13:19:31+02;1349
2016-10-29 13:46:31+02;1339
2016-10-29 14:19:31+02;1309
2016-10-29 15:19:31+02;1299
2016-10-29 17:25:31+02;1289
2016-10-29 23:02:31+02;1389
2016-10-30 05:56:31+01;1369
2016-10-30 08:04:31+01;1359
2016-10-30 11:53:31+01;1329
2016-10-30 16:46:31+01;1329
2016-10-30 17:52:31+01;1329
2016-10-30 18:10:31+01;1319
2016-10-30 23:01:31+01;1389
2016-10-31 07:13:31+01;1389
2016-10-31 08:10:31+01;1379
2016-10-31 08:46:31+01;1369
2016-10-31 12:07:31+01;1359
2016-10-31 12:22:31+01;1379
2016-10-31 13:19:31+01;1379
2016-10-31 14:34:31+01;1369
2016-10-31 14:52:31+01;1369
2016-10-31 15:10:31+01;1339
2016-10-31 15:34:31+01;1339
2016-10-31 17:34:31+01;1339
2016-10-31 18:43:31+01;1329
2016-10-31 19:43:31+01;1319
2016-10-31 23:01:31+01;1379
2016-11-01 05:52:31+01;1379
2016-11-01 08:04:31+01;1379
2016-11-01 11:04:31+01;1369
2016-11-01 11:46:31+01;1349
2016-11-01 12:22:31+01;1379
2016-11-01 13:19:31+01;1369
2016-11-01 14:55:31+01;1349
2016-11-01 15:13:31+01;1329
2016-11-01 16:37:31+01;1319
2016-11-01 17:01:32+01;1309
2016-11-01 18:01:31+01;1309
2016-11-01 19:01:31+01;1299
2016-11-01 23:01:31+01;1379
2016-11-02 05:58:31+01;1379
2016-11-02 08:10:31+01;1379
2016-11-02 08:37:31+01;1359
2016-11-02 09:40:31+01;1339
2016-11-02 11:10:31+01;1329
2016-11-02 11:43:31+01;1319
2016-11-02 12:22:31+01;1359
2016-11-02 13:22:31+01;1329
2016-11-02 14:43:31+01;1299
2016-11-02 16:52:31+01;1289
2016-11-02 23:04:31+01;1379
2016-11-03 05:31:31+01;1379
2016-11-03 06:37:31+01;1369
2016-11-03 08:07:32+01;1339
2016-11-03 11:10:31+01;1319
2016-11-03 12:22:31+01;1359
2016-11-03 13:22:31+01;1339
2016-11-03 14:10:31+01;1319
2016-11-03 15:43:31+01;1299
2016-11-03 17:19:31+01;1289
2016-11-03 23:02:31+01;1359
2016-11-04 05:46:31+01;1379
2016-11-04 06:53:31+01;1369
2016-11-04 07:40:31+01;1349
2016-11-04 08:37:31+01;1339
2016-11-04 09:31:31+01;1339
2016-11-04 11:19:31+01;1329
2016-11-04 12:10:31+01;1329
2016-11-04 12:22:31+01;1369
2016-11-04 13:07:31+01;1349
2016-11-04 13:52:31+01;1339
2016-11-04 14:52:31+01;1329
2016-11-04 16:01:31+01;1319
2016-11-04 16:55:31+01;1309
2016-11-04 17:28:31+01;1309
2016-11-04 17:55:32+01;1309
2016-11-04 18:19:32+01;1299
2016-11-04 18:55:31+01;1299
2016-11-04 23:01:32+01;1359
2016-11-05 05:43:31+01;1359
2016-11-05 07:43:31+01;1359
2016-11-05 08:43:32+01;1359
2016-11-05 09:31:31+01;1349
2016-11-05 11:07:31+01;1339
2016-11-05 11:49:31+01;1319
2016-11-05 12:22:31+01;1359
2016-11-05 13:22:31+01;1339
2016-11-05 14:13:31+01;1329
2016-11-05 16:16:31+01;1319
2016-11-05 17:52:31+01;1309
2016-11-05 18:40:31+01;1299
2016-11-05 23:02:31+01;1359
2016-11-06 05:49:31+01;1389
2016-11-06 06:25:31+01;1369
2016-11-06 08:07:31+01;1359
2016-11-06 08:58:31+01;1349
2016-11-06 10:37:31+01;1349
2016-11-06 11:52:31+01;1329
2016-11-06 12:22:31+01;1369
2016-11-06 13:22:31+01;1349
2016-11-06 15:25:32+01;1339
2016-11-06 16:19:31+01;1339
2016-11-06 16:43:31+01;1319
2016-11-06 18:52:31+01;1309
2016-11-06 23:04:31+01;1359
2016-11-07 08:16:31+01;1359
2016-11-07 09:19:31+01;1349
2016-11-07 10:55:31+01;1329
2016-11-07 11:43:31+01;1319
2016-11-07 12:07:31+01;1289
2016-11-07 12:22:31+01;1329
2016-11-07 13:01:31+01;1309
2016-11-07 14:19:31+01;1309
2016-11-07 14:55:31+01;1299
2016-11-07 15:19:31+01;1299
2016-11-07 15:58:31+01;1289
2016-11-07 16:28:31+01;1269
2016-11-07 17:40:31+01;1259
2016-11-07 23:01:31+01;1349
2016-11-08 05:49:31+01;1339
2016-11-08 08:10:31+01;1329
2016-11-08 08:52:31+01;1319
2016-11-08 09:46:31+01;1299
2016-11-08 10:55:31+01;1259
2016-11-08 11:02:31+01;1239
2016-11-08 12:22:31+01;1279
2016-11-08 13:22:31+01;1259
2016-11-08 14:58:31+01;1239
2016-11-08 23:01:31+01;1349
2016-11-09 05:52:31+01;1329
2016-11-09 08:16:31+01;1319
2016-11-09 12:22:31+01;1349
2016-11-09 13:22:31+01;1299
2016-11-09 14:46:31+01;1279
2016-11-09 16:07:31+01;1269
2016-11-09 17:07:31+01;1269
2016-11-09 20:19:31+01;1259
2016-11-09 23:01:31+01;1339
2016-11-10 05:52:31+01;1339
2016-11-10 06:55:31+01;1319
2016-11-10 08:13:31+01;1319
2016-11-10 10:07:31+01;1299
2016-11-10 10:49:31+01;1289
2016-11-10 11:43:31+01;1279
2016-11-10 12:22:31+01;1319
2016-11-10 13:22:31+01;1289
2016-11-10 15:52:31+01;1269
2016-11-10 17:04:31+01;1259
2016-11-10 23:02:31+01;1339
2016-11-11 05:40:31+01;1339
2016-11-11 07:49:31+01;1309
2016-11-11 09:07:31+01;1309
2016-11-11 10:07:31+01;1289
2016-11-11 11:43:31+01;1279
2016-11-11 12:22:31+01;1319
2016-11-11 13:22:32+01;1289
2016-11-11 15:04:31+01;1279
2016-11-11 16:04:31+01;1269
2016-11-11 16:34:31+01;1259
2016-11-11 19:16:31+01;1249
2016-11-11 23:01:31+01;1339
2016-11-12 05:55:31+01;1329
2016-11-12 07:52:31+01;1319
2016-11-12 09:10:31+01;1309
2016-11-12 10:16:31+01;1299
2016-11-12 12:22:31+01;1339
2016-11-12 13:22:31+01;1319
2016-11-12 13:37:31+01;1309
2016-11-12 14:40:31+01;1289
2016-11-12 15:19:31+01;1269
2016-11-12 18:07:31+01;1259
2016-11-12 18:25:31+01;1259
2016-11-12 19:07:31+01;1249
2016-11-12 23:02:31+01;1339
2016-11-13 05:58:31+01;1339
2016-11-13 09:25:31+01;1329
2016-11-13 10:55:31+01;1299
2016-11-13 12:22:31+01;1339
2016-11-13 13:22:31+01;1319
2016-11-13 14:10:31+01;1299
2016-11-13 15:07:31+01;1289
2016-11-13 16:04:31+01;1279
2016-11-13 17:04:31+01;1269
2016-11-13 20:22:31+01;1269
2016-11-13 20:40:31+01;1259
2016-11-13 23:02:31+01;1339
2016-11-14 05:55:31+01;1339
2016-11-14 08:19:31+01;1319
2016-11-14 09:43:31+01;1309
2016-11-14 10:49:31+01;1299
2016-11-14 11:31:31+01;1289
2016-11-14 12:22:31+01;1329
2016-11-14 13:04:31+01;1299
2016-11-14 14:49:31+01;1269
2016-11-14 16:05:31+01;1259
2016-11-14 17:22:31+01;1249
2016-11-14 18:22:31+01;1239
2016-11-14 23:01:31+01;1339
2016-11-15 05:55:31+01;1329
2016-11-15 08:14:31+01;1309
2016-11-15 10:13:31+01;1309
2016-11-15 10:56:31+01;1289
2016-11-15 11:44:31+01;1279
2016-11-15 12:22:31+01;1319
2016-11-15 13:22:31+01;1299
2016-11-15 14:38:31+01;1279
2016-11-15 15:07:31+01;1279
2016-11-15 17:16:31+01;1269
2016-11-15 23:02:31+01;1339
2016-11-16 08:26:31+01;1309
2016-11-16 10:50:31+01;1299
2016-11-16 11:26:31+01;1289
2016-11-16 12:01:31+01;1269
2016-11-16 12:22:31+01;1309
2016-11-16 13:22:31+01;1289
2016-11-16 15:07:31+01;1279
2016-11-16 17:22:31+01;1269
2016-11-16 17:46:31+01;1259
2016-11-16 23:02:31+01;1339
2016-11-17 05:53:31+01;1339
2016-11-17 08:19:31+01;1319
2016-11-17 10:04:31+01;1309
2016-11-17 10:38:31+01;1299
2016-11-17 11:04:31+01;1299
2016-11-17 12:22:31+01;1339
2016-11-17 13:22:31+01;1309
2016-11-17 14:29:31+01;1289
2016-11-17 14:53:31+01;1289
2016-11-17 16:14:31+01;1289
2016-11-17 16:38:31+01;1279
2016-11-17 17:14:31+01;1269
2016-11-17 19:26:31+01;1259
2016-11-17 20:23:31+01;1259
2016-11-17 23:02:31+01;1339
2016-11-18 05:53:31+01;1339
2016-11-18 07:38:31+01;1319
2016-11-18 08:46:31+01;1319
2016-11-18 10:14:32+01;1319
2016-11-18 11:10:31+01;1309
2016-11-18 11:58:31+01;1289
2016-11-18 12:22:31+01;1329
2016-11-18 13:22:31+01;1309
2016-11-18 14:41:31+01;1299
2016-11-18 15:19:31+01;1279
2016-11-18 16:05:31+01;1269
2016-11-18 16:46:31+01;1259
2016-11-18 23:02:31+01;1339
2016-11-19 05:58:31+01;1339
2016-11-19 08:19:31+01;1329
2016-11-19 09:11:31+01;1319
2016-11-19 10:31:31+01;1309
2016-11-19 11:19:31+01;1299
2016-11-19 13:14:31+01;1319
2016-11-19 14:37:31+01;1319
2016-11-19 15:16:31+01;1289
2016-11-19 15:41:31+01;1279
2016-11-19 17:28:31+01;1269
2016-11-19 17:52:31+01;1269
2016-11-19 23:02:31+01;1309
2016-11-20 11:40:31+01;1279
2016-11-20 12:23:31+01;1319
2016-11-20 13:23:31+01;1299
2016-11-20 15:07:31+01;1279
2016-11-20 16:19:31+01;1269
2016-11-20 17:59:31+01;1269
2016-11-20 23:02:31+01;1339
2016-11-21 05:41:31+01;1339
2016-11-21 06:17:31+01;1339
2016-11-21 07:26:31+01;1339
2016-11-21 08:50:31+01;1339
2016-11-21 09:38:31+01;1319
2016-11-21 10:29:31+01;1309
2016-11-21 11:16:31+01;1299
2016-11-21 12:22:31+01;1339
2016-11-21 13:26:31+01;1309
2016-11-21 15:11:31+01;1279
2016-11-21 17:14:32+01;1279
2016-11-21 23:02:31+01;1349
2016-11-22 06:22:31+01;1349
2016-11-22 06:56:31+01;1349
2016-11-22 08:50:31+01;1309
2016-11-22 10:05:31+01;1309
2016-11-22 10:40:31+01;1299
2016-11-22 11:08:31+01;1289
2016-11-22 12:08:31+01;1279
2016-11-22 12:22:31+01;1319
2016-11-22 13:22:31+01;1289
2016-11-22 15:14:31+01;1269
2016-11-22 15:19:32+01;1259
2016-11-22 23:02:31+01;1349
2016-11-23 06:04:31+01;1349
2016-11-23 08:07:31+01;1339
2016-11-23 10:19:31+01;1329
2016-11-23 11:20:32+01;1329
2016-11-23 12:22:32+01;1359
2016-11-23 13:22:31+01;1349
2016-11-23 14:26:31+01;1349
2016-11-23 14:46:31+01;1299
2016-11-23 17:10:31+01;1289
2016-11-23 17:53:31+01;1279
2016-11-23 23:01:31+01;1359
2016-11-24 05:53:31+01;1359
2016-11-24 07:52:31+01;1359
2016-11-24 09:04:31+01;1329
2016-11-24 10:14:31+01;1319
2016-11-24 11:10:31+01;1299
2016-11-24 11:44:31+01;1299
2016-11-24 12:22:31+01;1339
2016-11-24 13:22:31+01;1319
2016-11-24 15:04:31+01;1309
2016-11-24 16:43:31+01;1309
2016-11-24 17:44:31+01;1269
2016-11-24 23:01:31+01;1359
2016-11-25 08:43:31+01;1359
2016-11-25 09:13:31+01;1349
2016-11-25 10:47:31+01;1339
2016-11-25 11:43:31+01;1329
2016-11-25 12:23:31+01;1359
2016-11-25 13:23:31+01;1349
2016-11-25 14:52:31+01;1319
2016-11-25 16:05:31+01;1299
2016-11-25 16:41:31+01;1299
2016-11-25 18:17:31+01;1289
2016-11-25 20:41:31+01;1279
2016-11-25 23:02:31+01;1359
2016-11-26 05:58:31+01;1359
2016-11-26 08:04:31+01;1349
2016-11-26 10:38:31+01;1339
2016-11-26 11:19:31+01;1329
2016-11-26 12:22:31+01;1359
2016-11-26 13:22:31+01;1349
2016-11-26 14:26:31+01;1319
2016-11-26 16:32:31+01;1309
2016-11-26 17:20:31+01;1299
2016-11-26 23:02:31+01;1359
2016-11-27 05:29:31+01;1359
2016-11-27 06:05:31+01;1359
2016-11-27 08:47:31+01;1349
2016-11-27 09:23:31+01;1319
2016-11-27 10:10:31+01;1319
2016-11-27 11:11:31+01;1309
2016-11-27 12:23:31+01;1349
2016-11-27 13:20:31+01;1329
2016-11-27 14:52:31+01;1309
2016-11-27 16:56:31+01;1299
2016-11-27 18:17:31+01;1289
2016-11-27 23:05:31+01;1359
2016-11-28 06:13:31+01;1359
2016-11-28 09:14:31+01;1349
2016-11-28 10:55:31+01;1339
2016-11-28 11:41:31+01;1309
2016-11-28 12:22:31+01;1349
2016-11-28 13:20:31+01;1329
2016-11-28 16:08:31+01;1319
2016-11-28 17:10:31+01;1319
2016-11-28 17:50:31+01;1299
2016-11-28 23:01:32+01;1349
2016-11-29 05:44:31+01;1349
2016-11-29 06:11:31+01;1349
2016-11-29 06:46:31+01;1349
2016-11-29 08:26:32+01;1339
2016-11-29 09:38:31+01;1309
2016-11-29 10:14:31+01;1299
2016-11-29 11:16:31+01;1289
2016-11-29 12:22:31+01;1329
2016-11-29 13:22:31+01;1309
2016-11-29 13:50:31+01;1299
2016-11-29 15:32:31+01;1279
2016-11-29 18:08:31+01;1269
2016-11-29 23:01:31+01;1349
2016-11-30 05:46:31+01;1349
2016-11-30 07:59:31+01;1339
2016-11-30 09:55:31+01;1319
2016-11-30 12:22:31+01;1349
2016-11-30 13:26:32+01;1339
2016-11-30 13:52:31+01;1309
2016-11-30 15:01:31+01;1299
2016-11-30 16:19:31+01;1289
2016-11-30 16:43:31+01;1279
2016-11-30 19:37:31+01;1269
2016-11-30 23:05:31+01;1359
2016-12-01 05:59:31+01;1359
2016-12-01 08:17:31+01;1359
2016-12-01 08:40:31+01;1339
2016-12-01 09:50:31+01;1329
2016-12-01 10:49:31+01;1309
2016-12-01 12:08:31+01;1299
2016-12-01 12:22:31+01;1309
2016-12-01 13:10:31+01;1319
2016-12-01 14:50:31+01;1299
2016-12-01 15:19:31+01;1299
2016-12-01 16:19:31+01;1289
2016-12-01 23:02:31+01;1379
2016-12-02 06:07:31+01;1369
2016-12-02 08:31:31+01;1349
2016-12-02 09:04:31+01;1349
2016-12-02 09:46:31+01;1339
2016-12-02 10:07:31+01;1329
2016-12-02 11:22:31+01;1329
2016-12-02 12:07:32+01;1319
2016-12-02 12:22:31+01;1359
2016-12-02 13:20:31+01;1339
2016-12-02 14:43:31+01;1309
2016-12-02 23:01:31+01;1389
2016-12-03 06:05:32+01;1379
2016-12-03 09:29:31+01;1369
2016-12-03 10:43:32+01;1349
2016-12-03 12:05:32+01;1329
2016-12-03 12:22:31+01;1369
2016-12-03 13:22:31+01;1349
2016-12-03 14:44:31+01;1329
2016-12-03 16:20:31+01;1319
2016-12-03 16:41:31+01;1319
2016-12-03 17:44:31+01;1309
2016-12-03 23:02:31+01;1389
2016-12-04 08:29:31+01;1389
2016-12-04 10:41:31+01;1379
2016-12-04 12:05:31+01;1329
2016-12-04 12:22:31+01;1369
2016-12-04 13:08:31+01;1349
2016-12-04 14:53:31+01;1349
2016-12-04 15:14:31+01;1339
2016-12-04 15:34:31+01;1329
2016-12-04 16:58:31+01;1319
2016-12-04 17:41:31+01;1309
2016-12-04 23:02:31+01;1389
2016-12-05 07:14:31+01;1389
2016-12-05 08:26:31+01;1379
2016-12-05 08:41:31+01;1379
2016-12-05 08:46:31+01;1369
2016-12-05 09:46:32+01;1359
2016-12-05 10:50:31+01;1349
2016-12-05 11:58:31+01;1339
2016-12-05 12:22:31+01;1379
2016-12-05 13:22:31+01;1349
2016-12-05 14:34:31+01;1329
2016-12-05 14:56:31+01;1319
2016-12-05 15:20:31+01;1309
2016-12-05 17:44:31+01;1309
2016-12-06 05:19:31+01;1399
2016-12-06 05:56:31+01;1379
2016-12-06 08:58:31+01;1329
2016-12-06 10:52:31+01;1319
2016-12-06 11:50:31+01;1309
2016-12-06 12:05:31+01;1309
2016-12-06 12:22:31+01;1349
2016-12-06 13:22:31+01;1319
2016-12-06 15:07:31+01;1309
2016-12-06 15:32:31+01;1309
2016-12-06 16:56:31+01;1309
2016-12-06 23:05:31+01;1399
2016-12-07 06:05:31+01;1389
2016-12-07 09:19:31+01;1369
2016-12-07 09:46:31+01;1359
2016-12-07 10:43:31+01;1349
2016-12-07 11:37:31+01;1339
2016-12-07 11:58:31+01;1329
2016-12-07 12:22:31+01;1369
2016-12-07 13:22:31+01;1349
2016-12-07 14:50:31+01;1319
2016-12-07 17:52:31+01;1319
2016-12-07 18:29:31+01;1299
2016-12-07 23:02:31+01;1389
2016-12-08 06:55:31+01;1379
2016-12-08 08:56:31+01;1359
2016-12-08 09:16:31+01;1349
2016-12-08 11:19:31+01;1339
2016-12-08 11:41:31+01;1319
2016-12-08 12:22:31+01;1359
2016-12-08 13:22:31+01;1339
2016-12-08 15:10:31+01;1329
2016-12-08 15:58:31+01;1309
2016-12-08 19:14:31+01;1289
2016-12-08 23:01:31+01;1379
2016-12-09 05:58:31+01;1379
2016-12-09 07:55:31+01;1379
2016-12-09 08:55:31+01;1369
2016-12-09 10:28:31+01;1359
2016-12-09 11:10:31+01;1349
2016-12-09 11:55:31+01;1299
2016-12-09 12:22:31+01;1339
2016-12-09 13:22:31+01;1319
2016-12-09 15:07:31+01;1309
2016-12-09 15:40:31+01;1309
2016-12-09 17:16:31+01;1309
2016-12-09 17:49:31+01;1299
2016-12-09 23:01:31+01;1389
2016-12-10 05:58:31+01;1389
2016-12-10 08:43:31+01;1369
2016-12-10 09:55:31+01;1349
2016-12-10 11:55:31+01;1339
2016-12-10 12:22:31+01;1379
2016-12-10 13:25:31+01;1359
2016-12-10 15:10:31+01;1329
2016-12-10 16:13:31+01;1319
2016-12-10 17:46:31+01;1309
2016-12-10 21:28:31+01;1309
2016-12-10 23:04:31+01;1389
2016-12-11 08:52:31+01;1389
2016-12-11 09:22:32+01;1389
2016-12-11 11:10:31+01;1379
2016-12-11 12:07:31+01;1369
2016-12-11 12:22:31+01;1399
2016-12-11 13:04:31+01;1379
2016-12-11 14:07:31+01;1359
2016-12-11 14:55:31+01;1349
2016-12-11 16:16:31+01;1339
2016-12-11 16:46:31+01;1339
2016-12-11 17:28:31+01;1329
2016-12-11 18:28:31+01;1319
2016-12-11 23:01:31+01;1389
2016-12-12 06:22:31+01;1389
2016-12-12 07:55:31+01;1369
2016-12-12 09:16:31+01;1369
2016-12-12 10:16:31+01;1359
2016-12-12 10:55:31+01;1359
2016-12-12 12:22:31+01;1399
2016-12-12 13:07:31+01;1349
2016-12-12 14:58:31+01;1329
2016-12-12 15:43:32+01;1319
2016-12-12 15:52:31+01;1319
2016-12-12 16:01:31+01;1309
2016-12-12 23:01:31+01;1409
2016-12-13 06:13:31+01;1379
2016-12-13 09:16:31+01;1379
2016-12-13 09:58:31+01;1359
2016-12-13 10:40:31+01;1349
2016-12-13 11:34:31+01;1339
2016-12-13 12:22:31+01;1379
2016-12-13 13:22:31+01;1359
2016-12-13 14:16:31+01;1349
2016-12-13 14:58:31+01;1349
2016-12-13 15:22:31+01;1339
2016-12-13 17:16:31+01;1319
2016-12-13 23:01:31+01;1409
2016-12-14 06:07:31+01;1389
2016-12-14 09:28:31+01;1389
2016-12-14 11:13:31+01;1359
2016-12-14 12:22:31+01;1399
2016-12-14 13:04:31+01;1379
2016-12-14 15:37:31+01;1349
2016-12-14 16:25:31+01;1319
2016-12-14 21:19:31+01;1319
2016-12-14 23:01:31+01;1399
2016-12-15 06:16:31+01;1409
2016-12-15 08:22:31+01;1389
2016-12-15 08:55:31+01;1389
2016-12-15 09:49:31+01;1379
2016-12-15 10:28:31+01;1379
2016-12-15 11:55:31+01;1369
2016-12-15 12:22:31+01;1409
2016-12-15 13:22:31+01;1389
2016-12-15 15:19:31+01;1349
2016-12-15 16:28:31+01;1349
2016-12-15 16:55:31+01;1329
2016-12-15 23:04:31+01;1409
2016-12-16 06:10:31+01;1399
2016-12-16 07:43:31+01;1389
2016-12-16 09:43:31+01;1379
2016-12-16 11:26:31+01;1369
2016-12-16 12:22:31+01;1409
2016-12-16 13:22:31+01;1389
2016-12-16 15:40:31+01;1369
2016-12-16 16:01:31+01;1349
2016-12-16 16:28:31+01;1309
2016-12-16 23:02:31+01;1409
2016-12-17 06:34:31+01;1389
2016-12-17 07:10:31+01;1389
2016-12-17 08:40:31+01;1379
2016-12-17 10:13:31+01;1359
2016-12-17 11:49:31+01;1349
2016-12-17 12:22:31+01;1389
2016-12-17 13:22:31+01;1369
2016-12-17 15:16:31+01;1369
2016-12-17 15:28:31+01;1339
2016-12-17 17:40:31+01;1339
2016-12-17 18:16:31+01;1329
2016-12-17 19:40:31+01;1309
2016-12-17 23:04:31+01;1409
2016-12-18 06:43:31+01;1399
2016-12-18 08:46:31+01;1389
2016-12-18 11:43:31+01;1369
2016-12-18 12:22:31+01;1409
2016-12-18 13:07:31+01;1389
2016-12-18 14:19:31+01;1389
2016-12-18 15:19:31+01;1349
2016-12-18 15:43:31+01;1349
2016-12-18 16:25:31+01;1339
2016-12-18 17:43:31+01;1329
2016-12-18 23:04:31+01;1409
2016-12-19 06:16:31+01;1419
2016-12-19 06:43:31+01;1399
2016-12-19 08:01:31+01;1389
2016-12-19 09:10:31+01;1369
2016-12-19 10:34:31+01;1359
2016-12-19 12:22:31+01;1399
2016-12-19 13:04:31+01;1369
2016-12-19 14:40:31+01;1359
2016-12-19 15:16:31+01;1349
2016-12-19 16:31:31+01;1349
2016-12-19 17:01:31+01;1329
2016-12-19 21:13:31+01;1329
2016-12-19 23:04:32+01;1409
2016-12-20 06:28:31+01;1409
2016-12-20 06:55:31+01;1409
2016-12-20 09:46:31+01;1399
2016-12-20 10:55:31+01;1359
2016-12-20 12:22:31+01;1399
2016-12-20 13:22:31+01;1379
2016-12-20 14:52:31+01;1379
2016-12-20 15:16:31+01;1359
2016-12-20 15:37:31+01;1339
2016-12-20 16:19:31+01;1339
2016-12-20 16:52:31+01;1339
2016-12-20 17:07:31+01;1329
2016-12-20 23:01:31+01;1409
2016-12-21 05:58:31+01;1409
2016-12-21 06:43:31+01;1389
2016-12-21 10:01:31+01;1369
2016-12-21 10:43:31+01;1359
2016-12-21 12:22:31+01;1399
2016-12-21 13:22:31+01;1379
2016-12-21 13:58:31+01;1369
2016-12-21 14:19:31+01;1359
2016-12-21 14:34:31+01;1349
2016-12-21 15:25:31+01;1339
2016-12-21 16:04:31+01;1329
2016-12-21 16:31:31+01;1319
2016-12-21 23:04:31+01;1419
2016-12-22 05:55:31+01;1409
2016-12-22 06:43:31+01;1389
2016-12-22 07:31:31+01;1379
2016-12-22 08:43:31+01;1329
2016-12-22 09:55:31+01;1329
2016-12-22 10:37:31+01;1319
2016-12-22 11:22:31+01;1319
2016-12-22 12:22:31+01;1359
2016-12-22 13:22:31+01;1349
2016-12-22 14:25:31+01;1319
2016-12-22 14:52:31+01;1319
2016-12-22 16:10:31+01;1319
2016-12-22 16:43:31+01;1319
2016-12-22 23:01:31+01;1409
2016-12-23 06:25:31+01;1409
2016-12-23 07:16:31+01;1359
2016-12-23 08:16:31+01;1349
2016-12-23 08:43:31+01;1329
2016-12-23 09:55:31+01;1319
2016-12-23 12:22:31+01;1359
2016-12-23 13:22:31+01;1339
2016-12-23 14:49:31+01;1339
2016-12-23 15:49:31+01;1329
2016-12-23 16:13:31+01;1329
2016-12-23 17:01:31+01;1319
2016-12-23 23:01:31+01;1419
2016-12-24 06:36:31+01;1409
2016-12-24 08:58:31+01;1399
2016-12-24 09:28:31+01;1389
2016-12-24 10:28:31+01;1379
2016-12-24 11:28:31+01;1319
2016-12-24 12:22:31+01;1359
2016-12-24 13:22:31+01;1339
2016-12-24 14:13:31+01;1329
2016-12-24 14:25:31+01;1319
2016-12-24 14:58:31+01;1319
2016-12-24 16:22:31+01;1319
2016-12-24 23:07:31+01;1419
2016-12-25 06:46:31+01;1409
2016-12-25 09:10:31+01;1409
2016-12-25 09:59:31+01;1389
2016-12-25 11:13:31+01;1379
2016-12-25 11:31:31+01;1369
2016-12-25 11:43:31+01;1359
2016-12-25 11:52:31+01;1359
2016-12-25 12:22:31+01;1399
2016-12-25 13:05:31+01;1379
2016-12-25 14:31:31+01;1359
2016-12-25 15:13:31+01;1349
2016-12-25 15:37:31+01;1339
2016-12-25 16:43:31+01;1319
2016-12-25 23:02:31+01;1419
2016-12-26 06:34:31+01;1409
2016-12-26 10:43:31+01;1339
2016-12-26 11:04:31+01;1339
2016-12-26 11:16:31+01;1329
2016-12-26 11:49:31+01;1329
2016-12-26 12:22:31+01;1369
2016-12-26 13:22:31+01;1349
2016-12-26 13:55:31+01;1349
2016-12-26 14:58:31+01;1329
2016-12-26 15:10:31+01;1329
2016-12-26 16:01:31+01;1319
2016-12-26 23:02:31+01;1419
2016-12-27 06:31:31+01;1409
2016-12-27 07:19:31+01;1409
2016-12-27 09:13:31+01;1399
2016-12-27 09:49:31+01;1379
2016-12-27 11:25:31+01;1369
2016-12-27 11:49:31+01;1359
2016-12-27 12:22:31+01;1399
2016-12-27 13:22:31+01;1379
2016-12-27 14:29:31+01;1359
2016-12-27 14:58:31+01;1349
2016-12-27 15:55:31+01;1349
2016-12-27 16:28:31+01;1339
2016-12-27 17:04:31+01;1329
2016-12-27 17:40:31+01;1329
2016-12-27 20:25:31+01;1329
2016-12-27 21:23:31+01;1329
2016-12-27 23:01:31+01;1419
2016-12-28 06:31:31+01;1419
2016-12-28 06:58:31+01;1399
2016-12-28 07:16:31+01;1379
2016-12-28 07:55:31+01;1379
2016-12-28 09:14:31+01;1359
2016-12-28 09:43:31+01;1349
2016-12-28 10:17:31+01;1339
2016-12-28 12:22:31+01;1379
2016-12-28 13:22:31+01;1349
2016-12-28 14:29:31+01;1339
2016-12-28 16:22:31+01;1329
2016-12-28 17:40:31+01;1329
2016-12-28 23:04:31+01;1429
2016-12-29 05:43:31+01;1409
2016-12-29 07:05:31+01;1369
2016-12-29 08:01:31+01;1359
2016-12-29 09:38:31+01;1359
2016-12-29 10:04:31+01;1349
2016-12-29 10:16:31+01;1339
2016-12-29 11:52:31+01;1329
2016-12-29 12:22:31+01;1369
2016-12-29 13:23:31+01;1349
2016-12-29 15:10:31+01;1349
2016-12-29 17:19:31+01;1329
2016-12-29 23:01:31+01;1439
2016-12-30 06:11:31+01;1409
2016-12-30 06:58:31+01;1389
2016-12-30 08:11:31+01;1379
2016-12-30 09:19:31+01;1369
2016-12-30 09:55:31+01;1359
2016-12-30 10:49:31+01;1349
2016-12-30 11:49:31+01;1339
2016-12-30 12:23:31+01;1379
2016-12-30 13:23:31+01;1359
2016-12-30 14:35:31+01;1349
2016-12-30 15:04:31+01;1339
2016-12-30 23:01:31+01;1439
2016-12-31 06:38:31+01;1429
2016-12-31 08:17:31+01;1409
2016-12-31 08:55:31+01;1409
2016-12-31 09:38:31+01;1389
2016-12-31 10:19:31+01;1379
2016-12-31 10:43:31+01;1339
2016-12-31 12:22:31+01;1379
2016-12-31 13:23:32+01;1359
2016-12-31 14:11:31+01;1339
2016-12-31 14:50:31+01;1329
2016-12-31 23:02:31+01;1439
2017-01-01 06:53:31+01;1429
2017-01-01 09:43:31+01;1399
2017-01-01 12:23:31+01;1439
2017-01-01 13:23:31+01;1419
2017-01-01 15:02:31+01;1409
2017-01-01 16:40:31+01;1409
2017-01-01 17:19:31+01;1379
2017-01-01 17:55:31+01;1379
2017-01-01 20:59:31+01;1369
2017-01-01 23:02:31+01;1439
2017-01-02 05:41:31+01;1439
2017-01-02 07:16:31+01;1399
2017-01-02 10:04:31+01;1389
2017-01-02 11:04:31+01;1379
2017-01-02 11:59:31+01;1369
2017-01-02 12:22:31+01;1409
2017-01-02 13:22:31+01;1379
2017-01-02 14:17:31+01;1359
2017-01-02 14:52:31+01;1349
2017-01-02 15:41:31+01;1339
2017-01-02 16:01:31+01;1329
2017-01-02 16:17:31+01;1329
2017-01-02 16:58:31+01;1329
2017-01-02 23:01:31+01;1329
2017-01-03 06:10:31+01;1389
2017-01-03 07:10:31+01;1389
2017-01-03 07:37:31+01;1379
2017-01-03 08:38:31+01;1379
2017-01-03 09:11:31+01;1369
2017-01-03 09:49:31+01;1349
2017-01-03 10:14:31+01;1339
2017-01-03 12:23:31+01;1379
2017-01-03 13:23:31+01;1369
2017-01-03 14:23:31+01;1359
2017-01-03 14:43:31+01;1359
2017-01-03 15:43:31+01;1349
2017-01-03 16:07:31+01;1329
2017-01-03 23:01:31+01;1449
2017-01-04 05:52:31+01;1419
2017-01-04 07:11:31+01;1399
2017-01-04 07:49:31+01;1389
2017-01-04 08:46:31+01;1369
2017-01-04 10:07:31+01;1359
2017-01-04 10:43:31+01;1349
2017-01-04 11:11:31+01;1339
2017-01-04 12:22:31+01;1379
2017-01-04 13:23:31+01;1359
2017-01-04 14:13:31+01;1349
2017-01-04 15:43:31+01;1339
2017-01-04 16:19:31+01;1329
2017-01-04 23:01:31+01;1439
2017-01-05 06:13:31+01;1419
2017-01-05 07:08:31+01;1389
2017-01-05 07:49:31+01;1379
2017-01-05 11:26:31+01;1359
2017-01-05 12:23:31+01;1399
2017-01-05 13:19:31+01;1379
2017-01-05 14:59:31+01;1369
2017-01-05 16:08:31+01;1349
2017-01-05 16:46:31+01;1339
2017-01-05 17:08:31+01;1339
2017-01-05 23:01:31+01;1439
2017-01-06 05:50:31+01;1419
2017-01-06 08:41:31+01;1399
2017-01-06 09:40:32+01;1379
2017-01-06 10:53:31+01;1369
2017-01-06 11:52:31+01;1359
2017-01-06 12:23:31+01;1399
2017-01-06 13:04:31+01;1359
2017-01-06 14:47:32+01;1349
2017-01-06 15:16:31+01;1339
2017-01-06 23:02:31+01;1439
2017-01-07 06:32:31+01;1419
2017-01-07 08:28:31+01;1409
2017-01-07 10:13:31+01;1369
2017-01-07 12:23:31+01;1409
2017-01-07 13:23:31+01;1389
2017-01-07 13:47:31+01;1379
2017-01-07 14:50:31+01;1349
2017-01-07 15:32:31+01;1339
2017-01-07 23:02:31+01;1439
2017-01-08 06:38:31+01;1419
2017-01-08 09:14:31+01;1409
2017-01-08 12:23:31+01;1439
2017-01-08 13:23:31+01;1359
2017-01-08 13:25:31+01;1359
2017-01-08 15:08:31+01;1339
2017-01-08 23:02:31+01;1439
2017-01-09 06:25:31+01;1419
2017-01-09 06:54:31+01;1419
2017-01-09 07:38:31+01;1409
2017-01-09 09:04:31+01;1339
2017-01-09 09:14:31+01;1329
2017-01-09 12:23:31+01;1369
2017-01-09 13:04:31+01;1349
2017-01-09 15:41:31+01;1349
2017-01-09 17:23:31+01;1329
2017-01-09 23:02:31+01;1439
2017-01-10 06:25:32+01;1419
2017-01-10 07:29:31+01;1409
2017-01-10 08:41:31+01;1399
2017-01-10 09:14:31+01;1389
2017-01-10 09:40:31+01;1379
2017-01-10 11:26:31+01;1369
2017-01-10 12:07:31+01;1359
2017-01-10 12:23:31+01;1399
2017-01-10 13:01:31+01;1379
2017-01-10 15:14:31+01;1369
2017-01-10 16:43:31+01;1359
2017-01-10 17:11:31+01;1339
2017-01-10 18:59:31+01;1329
2017-01-10 23:05:31+01;1419
2017-01-11 06:11:31+01;1409
2017-01-11 08:08:31+01;1409
2017-01-11 08:43:31+01;1379
2017-01-11 09:32:31+01;1369
2017-01-11 09:43:31+01;1359
2017-01-11 12:23:31+01;1399
2017-01-11 13:05:31+01;1379
2017-01-11 15:23:31+01;1349
2017-01-11 15:55:31+01;1319
2017-01-11 23:02:31+01;1439
2017-01-12 06:26:31+01;1409
2017-01-12 06:50:31+01;1399
2017-01-12 08:41:31+01;1379
2017-01-12 09:08:31+01;1369
2017-01-12 09:41:31+01;1359
2017-01-12 10:59:31+01;1339
2017-01-12 12:23:31+01;1379
2017-01-12 13:04:31+01;1359
2017-01-12 14:47:32+01;1339
2017-01-12 15:05:31+01;1329
2017-01-12 23:02:31+01;1439
2017-01-13 06:04:31+01;1399
2017-01-13 08:22:31+01;1359
2017-01-13 09:38:31+01;1349
2017-01-13 10:20:31+01;1339
2017-01-13 11:32:31+01;1329
2017-01-13 12:23:31+01;1369
2017-01-13 14:28:31+01;1349
2017-01-13 15:05:31+01;1349
2017-01-13 15:53:31+01;1349
2017-01-13 16:05:31+01;1349
2017-01-13 16:41:31+01;1349
2017-01-13 17:29:31+01;1339
2017-01-13 23:01:31+01;1439
2017-01-14 06:35:31+01;1409
2017-01-14 09:08:31+01;1369
2017-01-14 09:55:31+01;1339
2017-01-14 12:23:31+01;1379
2017-01-14 13:04:31+01;1339
2017-01-14 23:04:31+01;1439
2017-01-15 05:53:31+01;1409
2017-01-15 07:55:31+01;1409
2017-01-15 08:47:31+01;1389
2017-01-15 12:02:31+01;1359
2017-01-15 12:23:31+01;1399
2017-01-15 13:04:31+01;1379
2017-01-15 15:47:31+01;1369
2017-01-15 16:14:31+01;1359
2017-01-15 16:59:31+01;1339
2017-01-15 23:02:31+01;1439
2017-01-16 06:29:31+01;1419
2017-01-16 07:10:31+01;1419
2017-01-16 08:11:31+01;1369
2017-01-16 10:20:31+01;1359
2017-01-16 10:43:31+01;1339
2017-01-16 10:56:31+01;1329
2017-01-16 12:23:31+01;1369
2017-01-16 13:23:31+01;1359
2017-01-16 13:44:31+01;1349
2017-01-16 14:49:31+01;1349
2017-01-16 15:23:31+01;1349
2017-01-16 15:52:32+01;1339
2017-01-16 23:01:31+01;1439
2017-01-17 06:04:31+01;1409
2017-01-17 07:55:31+01;1369
2017-01-17 09:29:31+01;1359
2017-01-17 11:13:31+01;1349
2017-01-17 11:43:31+01;1339
2017-01-17 12:22:32+01;1379
2017-01-17 13:22:31+01;1369
2017-01-17 13:47:31+01;1359
2017-01-17 14:43:31+01;1359
2017-01-17 15:59:31+01;1349
2017-01-17 17:01:31+01;1339
2017-01-17 23:02:31+01;1439
2017-01-18 06:08:31+01;1429
2017-01-18 06:41:31+01;1419
2017-01-18 08:07:31+01;1369
2017-01-18 09:01:31+01;1359
2017-01-18 11:59:31+01;1339
2017-01-18 12:23:31+01;1379
2017-01-18 13:20:31+01;1359
2017-01-18 14:44:31+01;1349
2017-01-18 15:47:31+01;1339
2017-01-18 23:04:31+01;1429
2017-01-19 05:59:31+01;1419
2017-01-19 08:08:31+01;1369
2017-01-19 08:50:31+01;1359
2017-01-19 10:22:31+01;1349
2017-01-19 10:56:31+01;1349
2017-01-19 12:23:31+01;1389
2017-01-19 13:02:31+01;1369
2017-01-19 14:11:31+01;1359
2017-01-19 14:34:31+01;1349
2017-01-19 15:37:31+01;1349
2017-01-19 16:02:31+01;1329
2017-01-19 16:26:31+01;1329
2017-01-19 23:04:31+01;1429
2017-01-20 06:05:31+01;1419
2017-01-20 08:07:31+01;1389
2017-01-20 08:29:31+01;1329
2017-01-20 12:23:31+01;1369
2017-01-20 13:23:31+01;1359
2017-01-20 14:59:31+01;1329
2017-01-20 15:22:31+01;1319
2017-01-20 16:16:31+01;1319
2017-01-20 23:05:31+01;1429
2017-01-21 06:01:31+01;1419
2017-01-21 08:08:31+01;1409
2017-01-21 09:11:31+01;1359
2017-01-21 09:44:31+01;1339
2017-01-21 10:13:31+01;1329
2017-01-21 12:23:31+01;1369
2017-01-21 13:05:31+01;1329
2017-01-21 23:04:31+01;1429
2017-01-22 06:05:31+01;1419
2017-01-22 08:52:31+01;1359
2017-01-22 09:38:31+01;1329
2017-01-22 12:23:31+01;1369
2017-01-22 13:22:31+01;1359
2017-01-22 13:28:31+01;1339
2017-01-22 16:38:31+01;1329
2017-01-22 23:02:31+01;1429
2017-01-23 06:04:31+01;1419
2017-01-23 06:55:31+01;1349
2017-01-23 07:31:31+01;1339
2017-01-23 11:10:31+01;1329
2017-01-23 12:22:31+01;1369
2017-01-23 13:01:31+01;1339
2017-01-23 16:22:31+01;1329
2017-01-23 23:04:31+01;1429
2017-01-24 06:01:31+01;1419
2017-01-24 08:16:31+01;1359
2017-01-24 09:22:31+01;1349
2017-01-24 10:25:31+01;1339
2017-01-24 10:46:31+01;1329
2017-01-24 12:22:31+01;1369
2017-01-24 13:04:31+01;1349
2017-01-24 14:43:31+01;1349
2017-01-24 15:37:31+01;1339
2017-01-24 23:04:31+01;1429
2017-01-25 05:55:31+01;1409
2017-01-25 07:07:31+01;1409
2017-01-25 07:46:31+01;1369
2017-01-25 09:07:31+01;1359
2017-01-25 09:40:31+01;1349
2017-01-25 10:40:31+01;1339
2017-01-25 12:22:31+01;1379
2017-01-25 13:04:31+01;1339
2017-01-25 15:49:31+01;1339
2017-01-25 16:49:31+01;1339
2017-01-25 17:28:31+01;1329
2017-01-25 23:01:31+01;1429
2017-01-26 05:52:31+01;1409
2017-01-26 07:25:31+01;1409
2017-01-26 07:58:31+01;1359
2017-01-26 08:46:31+01;1359
2017-01-26 09:13:31+01;1349
2017-01-26 10:01:31+01;1339
2017-01-26 10:28:31+01;1329
2017-01-26 11:49:31+01;1329
2017-01-26 12:22:31+01;1369
2017-01-26 13:01:31+01;1349
2017-01-26 15:49:31+01;1339
2017-01-26 16:10:31+01;1339
2017-01-26 19:55:31+01;1329
2017-01-26 23:04:31+01;1429
2017-01-27 06:10:31+01;1409
2017-01-27 07:34:31+01;1409
2017-01-27 08:10:31+01;1379
2017-01-27 08:49:31+01;1359
2017-01-27 09:19:31+01;1349
2017-01-27 10:22:31+01;1339
2017-01-27 11:34:31+01;1339
2017-01-27 12:22:31+01;1379
2017-01-27 13:04:32+01;1359
2017-01-27 15:13:31+01;1349
2017-01-27 16:25:31+01;1339
2017-01-27 23:04:31+01;1429
2017-01-28 05:52:31+01;1419
2017-01-28 09:22:31+01;1339
2017-01-28 12:22:31+01;1379
2017-01-28 13:04:31+01;1349
2017-01-28 14:10:31+01;1339
2017-01-28 23:01:31+01;1429
2017-01-29 05:58:31+01;1409
2017-01-29 10:46:31+01;1339
2017-01-29 12:22:31+01;1379
2017-01-29 13:10:31+01;1339
2017-01-29 23:01:31+01;1429
2017-01-30 05:55:31+01;1409
2017-01-30 08:13:31+01;1359
2017-01-30 09:40:31+01;1339
2017-01-30 10:31:31+01;1319
2017-01-30 12:22:31+01;1359
2017-01-30 13:10:31+01;1339
2017-01-30 14:40:31+01;1329
2017-01-30 17:16:31+01;1319
2017-01-30 17:28:31+01;1319
2017-01-30 23:04:31+01;1429
2017-01-31 05:52:31+01;1409
2017-01-31 08:13:31+01;1359
2017-01-31 08:40:31+01;1349
2017-01-31 10:13:31+01;1339
2017-01-31 11:13:31+01;1329
2017-01-31 12:22:31+01;1369
2017-01-31 13:10:31+01;1349
2017-01-31 14:07:31+01;1339
2017-01-31 14:34:31+01;1329
2017-01-31 15:13:31+01;1329
2017-01-31 15:46:31+01;1329
2017-01-31 16:37:31+01;1319
2017-01-31 23:04:31+01;1429
2017-02-01 05:52:31+01;1359
2017-02-01 08:16:32+01;1349
2017-02-01 11:10:31+01;1329
2017-02-01 12:22:31+01;1369
2017-02-01 13:04:31+01;1349
2017-02-01 14:34:31+01;1339
2017-02-01 16:52:31+01;1319
2017-02-01 23:01:31+01;1429
2017-02-02 05:58:31+01;1409
2017-02-02 07:58:31+01;1359
2017-02-02 09:37:32+01;1339
2017-02-02 12:22:31+01;1379
2017-02-02 13:01:31+01;1349
2017-02-02 15:22:31+01;1349
2017-02-02 17:07:31+01;1329
2017-02-02 23:01:31+01;1439
2017-02-03 05:55:31+01;1429
2017-02-03 07:07:31+01;1409
2017-02-03 08:34:31+01;1349
2017-02-03 09:10:31+01;1339
2017-02-03 10:10:31+01;1329
2017-02-03 11:31:31+01;1329
2017-02-03 12:22:31+01;1369
2017-02-03 13:10:31+01;1349
2017-02-03 14:56:31+01;1339
2017-02-03 23:02:31+01;1439
2017-02-04 05:52:31+01;1429
2017-02-04 08:13:31+01;1409
2017-02-04 09:01:31+01;1339
2017-02-04 12:22:31+01;1379
2017-02-04 13:04:31+01;1349
2017-02-04 14:40:31+01;1339
2017-02-04 23:04:31+01;1439
2017-02-05 05:56:31+01;1429
2017-02-05 07:52:31+01;1419
2017-02-05 08:40:31+01;1379
2017-02-05 09:43:31+01;1369
2017-02-05 10:43:31+01;1369
2017-02-05 11:19:31+01;1369
2017-02-05 12:22:31+01;1409
2017-02-05 13:23:31+01;1389
2017-02-05 14:56:31+01;1369
2017-02-05 15:37:31+01;1359
2017-02-05 17:13:31+01;1359
2017-02-05 17:52:31+01;1359
2017-02-05 18:28:31+01;1339
2017-02-05 23:01:31+01;1439
2017-02-06 05:52:31+01;1429
2017-02-06 07:56:31+01;1379
2017-02-06 09:10:31+01;1369
2017-02-06 09:49:31+01;1369
2017-02-06 10:55:31+01;1369
2017-02-06 11:31:31+01;1359
2017-02-06 11:56:31+01;1349
2017-02-06 11:58:31+01;1339
2017-02-06 12:22:31+01;1379
2017-02-06 13:04:31+01;1359
2017-02-06 14:55:31+01;1359
2017-02-06 15:22:31+01;1349
2017-02-06 23:01:31+01;1439
2017-02-07 06:07:31+01;1419
2017-02-07 07:37:31+01;1409
2017-02-07 07:50:31+01;1349
2017-02-07 12:04:31+01;1329
2017-02-07 12:22:31+01;1369
2017-02-07 13:10:31+01;1349
2017-02-07 14:49:31+01;1339
2017-02-07 16:43:31+01;1329
2017-02-07 23:01:31+01;1439
2017-02-08 06:07:31+01;1419
2017-02-08 06:50:31+01;1339
2017-02-08 09:07:31+01;1329
2017-02-08 11:47:31+01;1319
2017-02-08 12:22:31+01;1359
2017-02-08 13:07:31+01;1339
2017-02-08 14:13:31+01;1339
2017-02-08 23:05:31+01;1429
2017-02-09 06:04:31+01;1409
2017-02-09 09:01:31+01;1369
2017-02-09 09:53:31+01;1359
2017-02-09 10:25:31+01;1349
2017-02-09 11:25:31+01;1339
2017-02-09 12:23:31+01;1379
2017-02-09 13:05:31+01;1359
2017-02-09 15:08:31+01;1349
2017-02-09 15:35:31+01;1349
2017-02-09 15:56:31+01;1339
2017-02-09 23:04:31+01;1449
2017-02-10 06:04:31+01;1419
2017-02-10 06:34:31+01;1419
2017-02-10 07:56:31+01;1379
2017-02-10 09:29:31+01;1369
2017-02-10 10:23:31+01;1369
2017-02-10 11:17:31+01;1359
2017-02-10 11:25:31+01;1339
2017-02-10 12:23:31+01;1379
2017-02-10 13:08:31+01;1359
2017-02-10 14:56:31+01;1349
2017-02-10 23:01:31+01;1449
2017-02-11 06:01:31+01;1429
2017-02-11 06:41:31+01;1419
2017-02-11 09:01:31+01;1369
2017-02-11 09:25:31+01;1349
2017-02-11 12:23:31+01;1389
2017-02-11 13:04:31+01;1359
2017-02-11 15:02:31+01;1349
2017-02-11 23:05:31+01;1449
2017-02-12 06:01:31+01;1429
2017-02-12 08:08:31+01;1419
2017-02-12 09:14:31+01;1379
2017-02-12 11:56:31+01;1369
2017-02-12 12:22:31+01;1409
2017-02-12 13:23:31+01;1389
2017-02-12 14:08:31+01;1389
2017-02-12 23:01:31+01;1449
2017-02-13 05:58:31+01;1429
2017-02-13 07:59:31+01;1389
2017-02-13 08:38:31+01;1379
2017-02-13 10:28:31+01;1369
2017-02-13 11:56:31+01;1359
2017-02-13 12:23:31+01;1399
2017-02-13 13:11:31+01;1379
2017-02-13 14:20:31+01;1359
2017-02-13 14:50:31+01;1349
2017-02-13 23:01:31+01;1449
2017-02-14 06:01:31+01;1429
2017-02-14 08:14:31+01;1389
2017-02-14 08:41:31+01;1389
2017-02-14 11:13:31+01;1359
2017-02-14 12:22:31+01;1399
2017-02-14 13:04:31+01;1369
2017-02-14 14:26:31+01;1349
2017-02-14 16:02:31+01;1349
2017-02-14 16:26:31+01;1349
2017-02-14 23:05:31+01;1459
2017-02-15 06:01:31+01;1429
2017-02-15 08:02:32+01;1389
2017-02-15 08:31:31+01;1369
2017-02-15 08:41:31+01;1379
2017-02-15 09:19:31+01;1369
2017-02-15 12:22:31+01;1409
2017-02-15 13:08:31+01;1389
2017-02-15 14:41:31+01;1369
2017-02-15 16:53:31+01;1349
2017-02-15 23:01:31+01;1449
2017-02-16 06:07:31+01;1429
2017-02-16 08:16:31+01;1389
2017-02-16 08:49:31+01;1389
2017-02-16 09:52:31+01;1379
2017-02-16 11:26:31+01;1359
2017-02-16 12:22:31+01;1399
2017-02-16 13:22:31+01;1379
2017-02-16 14:38:31+01;1359
2017-02-16 15:19:31+01;1339
2017-02-16 23:01:31+01;1459
2017-02-17 06:02:31+01;1429
2017-02-17 08:20:31+01;1389
2017-02-17 08:46:31+01;1389
2017-02-17 11:04:31+01;1359
2017-02-17 12:23:31+01;1399
2017-02-17 13:04:31+01;1359
2017-02-17 15:17:31+01;1349
2017-02-17 23:05:31+01;1439
2017-02-18 06:02:31+01;1429
2017-02-18 09:56:31+01;1389
2017-02-18 11:19:31+01;1389
2017-02-18 11:53:31+01;1369
2017-02-18 12:22:31+01;1409
2017-02-18 13:22:31+01;1389
2017-02-18 14:10:31+01;1349
2017-02-18 23:02:31+01;1439
2017-02-19 06:11:31+01;1429
2017-02-19 09:32:31+01;1369
2017-02-19 09:47:31+01;1369
2017-02-19 13:53:31+01;1369
2017-02-19 18:08:32+01;1349
2017-02-20 01:01:31+01;1439
2017-02-20 06:07:31+01;1429
2017-02-20 07:50:31+01;1379
2017-02-20 08:19:31+01;1379
2017-02-20 09:07:32+01;1369
2017-02-20 12:23:31+01;1409
2017-02-20 13:23:31+01;1379
2017-02-20 14:56:31+01;1379
2017-02-20 15:19:31+01;1369
2017-02-20 15:49:32+01;1369
2017-02-20 15:59:31+01;1359
2017-02-20 23:01:31+01;1449
2017-02-21 05:59:31+01;1429
2017-02-21 07:26:31+01;1419
2017-02-21 07:38:31+01;1389
2017-02-21 08:38:31+01;1369
2017-02-21 09:40:31+01;1359
2017-02-21 11:52:31+01;1359
2017-02-21 12:23:31+01;1399
2017-02-21 13:22:31+01;1379
2017-02-21 14:56:31+01;1349
2017-02-21 15:11:31+01;1349
2017-02-21 23:01:31+01;1449
2017-02-22 06:02:31+01;1429
2017-02-22 07:56:31+01;1379
2017-02-22 08:32:31+01;1369
2017-02-22 08:59:31+01;1349
2017-02-22 09:40:31+01;1349
2017-02-22 10:32:31+01;1339
2017-02-22 12:22:31+01;1379
2017-02-22 14:56:31+01;1359
2017-02-22 16:14:31+01;1349
2017-02-22 23:01:31+01;1449
2017-02-23 05:56:32+01;1439
2017-02-23 06:31:31+01;1419
2017-02-23 07:58:31+01;1379
2017-02-23 08:58:31+01;1369
2017-02-23 11:37:32+01;1359
2017-02-23 12:23:31+01;1399
2017-02-23 13:23:31+01;1379
2017-02-23 14:38:31+01;1359
2017-02-23 16:25:31+01;1349
2017-02-23 23:01:31+01;1449
2017-02-24 05:59:31+01;1429
2017-02-24 06:59:31+01;1419
2017-02-24 07:55:31+01;1389
2017-02-24 08:29:31+01;1379
2017-02-24 11:10:31+01;1369
2017-02-24 11:59:31+01;1359
2017-02-24 12:22:31+01;1399
2017-02-24 13:23:31+01;1379
2017-02-24 14:20:32+01;1349
2017-02-24 15:13:31+01;1339
2017-02-24 23:02:31+01;1449
2017-02-25 05:56:31+01;1429
2017-02-25 07:11:31+01;1419
2017-02-25 08:40:31+01;1379
2017-02-25 09:14:31+01;1369
2017-02-25 09:49:31+01;1369
2017-02-25 11:02:31+01;1359
2017-02-25 11:25:31+01;1359
2017-02-25 11:49:31+01;1349
2017-02-25 12:23:31+01;1389
2017-02-25 13:20:31+01;1369
2017-02-25 14:40:31+01;1349
2017-02-25 23:01:31+01;1449
2017-02-26 05:59:31+01;1419
2017-02-26 08:19:31+01;1379
2017-02-26 09:04:31+01;1369
2017-02-26 10:28:31+01;1369
2017-02-26 11:08:31+01;1359
2017-02-26 12:24:31+01;1399
2017-02-26 13:16:31+01;1429
2017-02-26 14:59:31+01;1369
2017-02-26 15:50:31+01;1349
2017-02-26 23:02:31+01;1449
2017-02-27 06:05:31+01;1419
2017-02-27 07:52:31+01;1379
2017-02-27 08:40:31+01;1369
2017-02-27 11:28:31+01;1359
2017-02-27 12:23:31+01;1399
2017-02-27 13:04:31+01;1379
2017-02-27 14:28:31+01;1369
2017-02-27 23:05:31+01;1449
2017-02-28 06:02:31+01;1419
2017-02-28 08:50:31+01;1399
2017-02-28 09:01:31+01;1389
2017-02-28 09:44:31+01;1379
2017-02-28 11:02:31+01;1369
2017-02-28 11:56:31+01;1359
2017-02-28 12:23:32+01;1399
2017-02-28 13:04:31+01;1369
2017-02-28 14:56:31+01;1359
2017-02-28 15:26:31+01;1349
2017-02-28 23:01:32+01;1449
2017-03-01 06:05:31+01;1419
2017-03-01 07:58:31+01;1379
2017-03-01 08:22:31+01;1369
2017-03-01 11:16:32+01;1369
2017-03-01 11:44:31+01;1359
2017-03-01 12:23:31+01;1399
2017-03-01 13:23:31+01;1379
2017-03-01 14:28:31+01;1359
2017-03-01 14:55:31+01;1349
2017-03-01 15:28:31+01;1339
2017-03-01 23:01:31+01;1439
2017-03-02 06:04:31+01;1429
2017-03-02 06:43:32+01;1419
2017-03-02 07:50:31+01;1389
2017-03-02 08:16:31+01;1379
2017-03-02 10:32:31+01;1369
2017-03-02 12:23:31+01;1409
2017-03-02 13:25:31+01;1359
2017-03-02 13:32:31+01;1379
2017-03-02 14:38:31+01;1359
2017-03-02 15:07:31+01;1349
2017-03-02 23:05:31+01;1429
2017-03-03 06:28:31+01;1419
2017-03-03 07:50:31+01;1369
2017-03-03 08:19:31+01;1359
2017-03-03 10:28:31+01;1349
2017-03-03 11:56:31+01;1339
2017-03-03 12:22:31+01;1379
2017-03-03 13:13:31+01;1349
2017-03-03 13:20:31+01;1359
2017-03-03 14:14:31+01;1349
2017-03-03 15:13:31+01;1329
2017-03-03 23:02:31+01;1429
2017-03-04 06:32:31+01;1409
2017-03-04 08:14:31+01;1399
2017-03-04 08:56:31+01;1389
2017-03-04 09:25:32+01;1379
2017-03-04 10:28:31+01;1369
2017-03-04 11:14:31+01;1359
2017-03-04 11:37:31+01;1349
2017-03-04 12:23:32+01;1389
2017-03-04 13:11:31+01;1369
2017-03-04 15:08:31+01;1329
2017-03-04 23:02:31+01;1429
2017-03-05 06:37:31+01;1409
2017-03-05 08:28:32+01;1399
2017-03-05 08:56:31+01;1389
2017-03-05 09:40:31+01;1379
2017-03-05 10:50:32+01;1369
2017-03-05 11:44:31+01;1359
2017-03-05 12:23:31+01;1399
2017-03-05 13:01:31+01;1369
2017-03-05 14:11:31+01;1359
2017-03-05 14:50:31+01;1329
2017-03-05 23:02:31+01;1429
2017-03-06 06:29:31+01;1409
2017-03-06 07:52:31+01;1399
2017-03-06 09:16:31+01;1379
2017-03-06 10:16:31+01;1329
2017-03-06 12:23:31+01;1369
2017-03-06 13:11:31+01;1349
2017-03-06 13:56:31+01;1339
2017-03-06 15:02:31+01;1329
2017-03-06 23:01:31+01;1429
2017-03-07 06:28:31+01;1409
2017-03-07 07:01:31+01;1349
2017-03-07 07:29:32+01;1339
2017-03-07 10:20:31+01;1339
2017-03-07 10:37:31+01;1329
2017-03-07 12:23:31+01;1369
2017-03-07 13:11:31+01;1349
2017-03-07 14:28:31+01;1329
2017-03-07 23:01:31+01;1429
2017-03-08 05:59:31+01;1399
2017-03-08 06:47:32+01;1329
2017-03-08 12:23:31+01;1369
2017-03-08 14:25:31+01;1329
2017-03-08 23:05:31+01;1429
2017-03-09 06:02:31+01;1399
2017-03-09 07:08:31+01;1349
2017-03-09 09:43:31+01;1339
2017-03-09 12:23:31+01;1379
2017-03-09 13:11:31+01;1349
2017-03-09 14:25:31+01;1329
2017-03-09 14:56:31+01;1319
2017-03-09 23:02:32+01;1419
2017-03-10 06:25:31+01;1399
2017-03-10 08:07:31+01;1369
2017-03-10 08:43:31+01;1349
2017-03-10 11:26:31+01;1329
2017-03-10 12:23:31+01;1369
2017-03-10 13:11:31+01;1349
2017-03-10 14:26:31+01;1339
2017-03-10 15:02:31+01;1319
2017-03-10 16:10:31+01;1309
2017-03-10 16:59:31+01;1309
2017-03-10 23:04:31+01;1419
2017-03-11 13:07:31+01;1419
2017-03-11 14:25:31+01;1399
2017-03-11 15:31:31+01;1369
2017-03-11 17:10:32+01;1359
2017-03-11 18:46:31+01;1349
2017-03-11 19:22:31+01;1339
2017-03-11 20:22:31+01;1329
2017-03-11 20:58:31+01;1319
2017-03-11 23:01:31+01;1419
2017-03-12 06:40:31+01;1409
2017-03-12 10:46:31+01;1389
2017-03-12 11:19:31+01;1379
2017-03-12 11:55:31+01;1369
2017-03-12 12:22:31+01;1409
2017-03-12 13:10:31+01;1389
2017-03-12 13:40:31+01;1379
2017-03-12 14:25:31+01;1349
2017-03-12 15:07:31+01;1339
2017-03-12 17:01:31+01;1329
2017-03-12 18:13:31+01;1319
2017-03-12 18:19:31+01;1319
2017-03-12 19:01:31+01;1309
2017-03-12 23:01:31+01;1419
2017-03-13 06:25:31+01;1399
2017-03-13 08:13:31+01;1389
2017-03-13 09:16:31+01;1379
2017-03-13 09:55:31+01;1369
2017-03-13 10:46:31+01;1359
2017-03-13 11:34:31+01;1349
2017-03-13 12:22:31+01;1389
2017-03-13 13:10:31+01;1339
2017-03-13 14:37:31+01;1329
2017-03-13 15:49:31+01;1319
2017-03-13 16:52:31+01;1319
2017-03-13 17:13:31+01;1309
2017-03-13 17:52:31+01;1309
2017-03-13 18:40:31+01;1299
2017-03-13 19:28:31+01;1299
2017-03-13 23:01:31+01;1409
2017-03-14 06:28:31+01;1389
2017-03-14 06:55:31+01;1299
2017-03-14 12:22:32+01;1339
2017-03-14 13:10:31+01;1319
2017-03-14 13:19:31+01;1309
2017-03-14 14:28:31+01;1299
2017-03-14 23:01:31+01;1409
2017-03-15 06:28:31+01;1379
2017-03-15 07:25:31+01;1369
2017-03-15 09:10:31+01;1359
2017-03-15 09:55:31+01;1349
2017-03-15 10:46:31+01;1349
2017-03-15 11:25:32+01;1339
2017-03-15 11:46:31+01;1329
2017-03-15 12:22:31+01;1369
2017-03-15 13:07:31+01;1359
2017-03-15 13:49:31+01;1349
2017-03-15 14:37:31+01;1349
2017-03-15 15:10:31+01;1319
2017-03-15 15:43:31+01;1309
2017-03-15 16:19:31+01;1309
2017-03-15 17:55:31+01;1299
2017-03-16 02:20:31+01;1409
2017-03-16 06:28:31+01;1379
2017-03-16 06:52:31+01;1299
2017-03-16 12:22:31+01;1339
2017-03-16 13:13:31+01;1329
2017-03-16 13:16:31+01;1319
2017-03-16 14:40:31+01;1299
2017-03-16 23:01:31+01;1409
2017-03-17 06:04:31+01;1369
2017-03-17 08:13:31+01;1359
2017-03-17 08:55:31+01;1349
2017-03-17 09:43:31+01;1339
2017-03-17 10:19:31+01;1329
2017-03-17 11:40:31+01;1309
2017-03-17 12:22:31+01;1349
2017-03-17 13:13:31+01;1319
2017-03-17 13:16:31+01;1329
2017-03-17 13:58:31+01;1319
2017-03-17 14:46:31+01;1299
2017-03-17 23:01:31+01;1409
2017-03-18 07:10:31+01;1379
2017-03-18 07:31:31+01;1369
2017-03-18 08:28:31+01;1359
2017-03-18 09:07:31+01;1329
2017-03-18 09:37:31+01;1309
2017-03-18 09:46:31+01;1299
2017-03-18 12:22:31+01;1339
2017-03-18 13:13:31+01;1319
2017-03-18 13:19:31+01;1309
2017-03-18 14:19:31+01;1309
2017-03-18 14:52:31+01;1299
2017-03-18 23:01:31+01;1409
2017-03-19 06:19:31+01;1369
2017-03-19 09:43:31+01;1319
2017-03-19 10:43:31+01;1289
2017-03-19 13:19:31+01;1319
2017-03-19 13:49:31+01;1289
2017-03-20 01:01:31+01;1409
2017-03-20 06:25:31+01;1379
2017-03-20 08:28:31+01;1369
2017-03-20 09:10:31+01;1359
2017-03-20 10:01:32+01;1349
2017-03-20 12:04:31+01;1319
2017-03-20 12:22:31+01;1359
2017-03-20 13:10:31+01;1349
2017-03-20 14:10:31+01;1339
2017-03-20 14:40:31+01;1309
2017-03-20 15:34:31+01;1309
2017-03-20 16:22:31+01;1299
2017-03-20 17:40:31+01;1299
2017-03-20 23:01:31+01;1409
2017-03-21 06:28:31+01;1379
2017-03-21 06:52:31+01;1369
2017-03-21 08:13:31+01;1359
2017-03-21 09:01:31+01;1349
2017-03-21 09:28:31+01;1339
2017-03-21 10:01:31+01;1329
2017-03-21 11:10:31+01;1319
2017-03-21 12:22:31+01;1359
2017-03-21 13:10:31+01;1339
2017-03-21 13:19:31+01;1339
2017-03-21 14:01:31+01;1309
2017-03-21 23:04:31+01;1409
2017-03-22 06:25:32+01;1379
2017-03-22 06:49:32+01;1369
2017-03-22 08:13:31+01;1359
2017-03-22 08:55:31+01;1349
2017-03-22 09:52:31+01;1339
2017-03-22 10:19:31+01;1329
2017-03-22 11:16:31+01;1319
2017-03-22 11:52:31+01;1309
2017-03-22 12:22:31+01;1349
2017-03-22 13:13:31+01;1339
2017-03-22 14:04:32+01;1329
2017-03-22 14:43:31+01;1329
2017-03-22 15:10:31+01;1299
2017-03-22 16:10:31+01;1299
2017-03-22 23:04:31+01;1399
2017-03-23 06:01:31+01;1379
2017-03-23 06:46:31+01;1369
2017-03-23 08:13:31+01;1359
2017-03-23 09:01:31+01;1349
2017-03-23 09:13:31+01;1339
2017-03-23 10:19:31+01;1329
2017-03-23 11:07:31+01;1319
2017-03-23 11:43:31+01;1309
2017-03-23 12:22:31+01;1349
2017-03-23 13:10:31+01;1339
2017-03-23 14:04:31+01;1319
2017-03-23 14:05:31+01;1339
2017-03-23 14:06:32+01;1319
2017-03-23 14:37:31+01;1299
2017-03-23 15:25:31+01;1289
2017-03-23 16:25:31+01;1289
2017-03-23 23:04:31+01;1399
2017-03-24 05:58:31+01;1369
2017-03-24 06:28:31+01;1369
2017-03-24 08:34:31+01;1359
2017-03-24 09:01:31+01;1349
2017-03-24 10:01:31+01;1339
2017-03-24 10:49:31+01;1329
2017-03-24 12:22:31+01;1369
2017-03-24 13:13:31+01;1329
2017-03-24 13:19:31+01;1349
2017-03-24 14:01:31+01;1329
2017-03-24 14:28:31+01;1309
2017-03-24 15:22:31+01;1299
2017-03-24 23:01:31+01;1399
2017-03-25 05:58:31+01;1379
2017-03-25 06:37:31+01;1369
2017-03-25 08:46:31+01;1359
2017-03-25 09:22:31+01;1349
2017-03-25 10:13:31+01;1339
2017-03-25 11:16:31+01;1329
2017-03-25 12:22:31+01;1369
2017-03-25 13:13:31+01;1349
2017-03-25 13:52:31+01;1339
2017-03-25 14:34:31+01;1309
2017-03-25 23:04:31+01;1399
2017-03-26 14:34:32+02;1299
2017-03-26 14:37:31+02;1299
2017-03-26 14:40:31+02;1299
2017-03-26 14:49:31+02;1299
2017-03-26 16:04:31+02;1279
2017-03-27 01:01:31+02;1419
2017-03-27 05:55:31+02;1369
2017-03-27 06:31:31+02;1369
2017-03-27 07:13:31+02;1369
2017-03-27 08:34:31+02;1359
2017-03-27 09:01:31+02;1349
2017-03-27 09:46:31+02;1339
2017-03-27 10:34:31+02;1329
2017-03-27 11:25:31+02;1319
2017-03-27 12:01:31+02;1309
2017-03-27 12:22:31+02;1349
2017-03-27 13:13:31+02;1339
2017-03-27 13:16:31+02;1339
2017-03-27 13:58:32+02;1329
2017-03-27 14:37:31+02;1309
2017-03-27 23:04:31+02;1399
2017-03-28 05:49:31+02;1379
2017-03-28 08:34:31+02;1369
2017-03-28 09:01:31+02;1359
2017-03-28 09:34:31+02;1359
2017-03-28 09:55:31+02;1349
2017-03-28 10:22:31+02;1349
2017-03-28 10:49:31+02;1339
2017-03-28 11:28:31+02;1339
2017-03-28 12:22:31+02;1379
2017-03-28 13:13:31+02;1349
2017-03-28 14:31:31+02;1349
2017-03-28 15:49:31+02;1309
2017-03-28 23:04:31+02;1399
2017-03-29 06:04:31+02;1389
2017-03-29 06:28:31+02;1379
2017-03-29 08:28:31+02;1369
2017-03-29 09:19:31+02;1359
2017-03-29 09:49:31+02;1349
2017-03-29 10:25:31+02;1339
2017-03-29 11:31:31+02;1329
2017-03-29 12:22:31+02;1369
2017-03-29 13:10:31+02;1339
2017-03-29 13:16:31+02;1349
2017-03-29 13:55:31+02;1339
2017-03-29 14:19:31+02;1319
2017-03-29 15:55:31+02;1309
2017-03-29 17:04:31+02;1309
2017-03-29 23:04:31+02;1409
2017-03-30 06:01:31+02;1389
2017-03-30 06:25:31+02;1389
2017-03-30 07:01:31+02;1379
2017-03-30 07:29:31+02;1369
2017-03-30 08:43:31+02;1359
2017-03-30 09:31:31+02;1349
2017-03-30 10:43:31+02;1339
2017-03-30 11:13:31+02;1329
2017-03-30 12:13:31+02;1319
2017-03-30 12:22:31+02;1359
2017-03-30 13:10:31+02;1349
2017-03-30 13:13:31+02;1339
2017-03-30 15:10:31+02;1319
2017-03-30 15:34:32+02;1309
2017-03-30 23:04:31+02;1429
2017-03-31 06:10:31+02;1399
2017-03-31 06:40:31+02;1399
2017-03-31 07:01:31+02;1389
2017-03-31 08:13:31+02;1379
2017-03-31 09:01:31+02;1369
2017-03-31 10:49:31+02;1349
2017-03-31 11:31:31+02;1339
2017-03-31 12:22:31+02;1379
2017-03-31 13:13:31+02;1369
2017-03-31 14:37:31+02;1329
2017-03-31 23:01:31+02;1429
2017-04-01 05:30:31+02;1429
2017-04-01 06:10:31+02;1399
2017-04-01 08:46:31+02;1329
2017-04-01 12:22:31+02;1369
2017-04-01 13:04:31+02;1339
2017-04-01 14:19:31+02;1329
2017-04-01 23:01:31+02;1429
2017-04-02 06:01:31+02;1399
2017-04-02 07:37:31+02;1389
2017-04-02 08:19:31+02;1379
2017-04-02 09:19:31+02;1369
2017-04-02 10:04:31+02;1359
2017-04-02 11:10:31+02;1349
2017-04-02 11:55:31+02;1349
2017-04-02 12:22:31+02;1389
2017-04-02 13:10:31+02;1369
2017-04-02 14:10:31+02;1369
2017-04-02 14:40:31+02;1329
2017-04-02 23:04:31+02;1429
2017-04-03 06:01:31+02;1399
2017-04-03 07:28:31+02;1389
2017-04-03 08:10:31+02;1369
2017-04-03 08:58:31+02;1359
2017-04-03 09:25:31+02;1349
2017-04-03 10:07:31+02;1339
2017-04-03 10:55:31+02;1329
2017-04-03 11:28:31+02;1329
2017-04-03 12:22:31+02;1369
2017-04-03 13:07:31+02;1359
2017-04-03 14:25:31+02;1339
2017-04-03 15:40:32+02;1339
2017-04-03 17:01:31+02;1339
2017-04-03 23:04:31+02;1439
2017-04-04 06:01:31+02;1399
2017-04-04 08:43:31+02;1379
2017-04-04 09:31:31+02;1359
2017-04-04 10:10:31+02;1349
2017-04-04 11:02:31+02;1339
2017-04-04 12:22:31+02;1379
2017-04-04 13:07:31+02;1359
2017-04-04 14:10:31+02;1349
2017-04-04 14:40:31+02;1349
2017-04-04 15:34:31+02;1329
2017-04-04 23:01:31+02;1439
2017-04-05 05:58:31+02;1409
2017-04-05 07:52:31+02;1389
2017-04-05 08:25:31+02;1379
2017-04-05 09:19:31+02;1369
2017-04-05 10:58:31+02;1359
2017-04-05 11:28:31+02;1349
2017-04-05 12:22:32+02;1389
2017-04-05 13:13:31+02;1369
2017-04-05 15:02:31+02;1349
2017-04-05 23:04:31+02;1439
2017-04-06 05:58:31+02;1419
2017-04-06 06:16:31+02;1409
2017-04-06 07:52:31+02;1399
2017-04-06 08:31:31+02;1389
2017-04-06 09:19:31+02;1379
2017-04-06 10:04:31+02;1369
2017-04-06 10:46:32+02;1359
2017-04-06 11:22:31+02;1349
2017-04-06 12:22:31+02;1389
2017-04-06 13:10:31+02;1369
2017-04-06 14:22:31+02;1349
2017-04-06 15:32:31+02;1329
2017-04-06 16:02:31+02;1329
2017-04-06 23:01:31+02;1439
2017-04-07 06:02:31+02;1419
2017-04-07 08:14:31+02;1399
2017-04-07 09:04:31+02;1389
2017-04-07 09:31:31+02;1379
2017-04-07 10:32:31+02;1369
2017-04-07 11:22:31+02;1359
2017-04-07 12:02:31+02;1349
2017-04-07 12:22:31+02;1389
2017-04-07 13:10:31+02;1379
2017-04-07 13:19:31+02;1369
2017-04-07 14:28:31+02;1359
2017-04-07 14:53:31+02;1339
2017-04-07 23:01:31+02;1459
2017-04-08 05:56:31+02;1429
2017-04-08 06:19:31+02;1419
2017-04-08 08:14:31+02;1409
2017-04-08 08:49:31+02;1399
2017-04-08 09:20:31+02;1389
2017-04-08 10:14:31+02;1379
2017-04-08 11:04:31+02;1369
2017-04-08 11:32:31+02;1359
2017-04-08 12:22:31+02;1399
2017-04-08 13:10:31+02;1379
2017-04-08 13:20:31+02;1379
2017-04-08 14:38:31+02;1339
2017-04-08 23:02:31+02;1459
2017-04-09 06:02:31+02;1429
2017-04-09 08:34:31+02;1409
2017-04-09 09:28:31+02;1399
2017-04-09 10:32:31+02;1389
2017-04-09 11:08:31+02;1379
2017-04-09 11:58:31+02;1369
2017-04-09 12:22:31+02;1409
2017-04-09 13:10:32+02;1389
2017-04-09 14:04:31+02;1379
2017-04-09 14:31:31+02;1349
2017-04-09 16:02:31+02;1339
2017-04-09 23:01:31+02;1459
2017-04-10 06:01:31+02;1429
2017-04-10 06:41:31+02;1339
2017-04-10 12:23:31+02;1379
2017-04-10 13:23:31+02;1369
2017-04-10 13:52:32+02;1359
2017-04-10 14:25:31+02;1339
2017-04-10 23:05:31+02;1469
2017-04-11 05:35:31+02;1429
2017-04-11 07:29:31+02;1409
2017-04-11 08:34:31+02;1399
2017-04-11 09:34:31+02;1389
2017-04-11 10:43:31+02;1379
2017-04-11 11:46:31+02;1369
2017-04-11 12:22:31+02;1409
2017-04-11 13:04:31+02;1389
2017-04-11 14:34:31+02;1379
2017-04-11 15:19:31+02;1349
2017-04-11 16:26:31+02;1339
2017-04-11 23:01:31+02;1469
2017-04-12 06:04:31+02;1429
2017-04-12 07:29:31+02;1419
2017-04-12 07:47:31+02;1409
2017-04-12 08:23:31+02;1399
2017-04-12 08:59:31+02;1389
2017-04-12 09:29:31+02;1379
2017-04-12 10:59:31+02;1359
2017-04-12 12:01:31+02;1349
2017-04-12 12:32:31+02;1389
2017-04-12 13:10:31+02;1379
2017-04-12 14:29:31+02;1369
2017-04-12 14:58:32+02;1369
2017-04-12 17:08:31+02;1359
2017-04-12 17:44:31+02;1339
2017-04-12 23:05:31+02;1469
2017-04-13 06:29:31+02;1429
2017-04-13 07:52:31+02;1399
2017-04-13 08:19:31+02;1389
2017-04-13 09:28:31+02;1379
2017-04-13 11:08:31+02;1369
2017-04-13 11:37:31+02;1359
2017-04-13 12:13:31+02;1359
2017-04-13 12:23:31+02;1399
2017-04-13 13:13:31+02;1379
2017-04-13 13:16:31+02;1379
2017-04-13 14:31:31+02;1369
2017-04-13 15:23:31+02;1359
2017-04-13 16:37:31+02;1339
2017-04-13 23:01:31+02;1469
2017-04-14 06:28:31+02;1429
2017-04-14 08:32:31+02;1409
2017-04-14 09:25:31+02;1399
2017-04-14 10:35:31+02;1389
2017-04-14 11:13:31+02;1379
2017-04-14 11:47:31+02;1369
2017-04-14 12:22:31+02;1409
2017-04-14 13:07:31+02;1399
2017-04-14 14:01:31+02;1379
2017-04-14 14:41:31+02;1349
2017-04-14 16:10:31+02;1339
2017-04-14 23:02:31+02;1469
2017-04-15 06:31:31+02;1429
2017-04-15 07:29:31+02;1419
2017-04-15 07:58:31+02;1409
2017-04-15 08:16:31+02;1399
2017-04-15 08:59:31+02;1389
2017-04-15 09:52:31+02;1379
2017-04-15 10:28:31+02;1369
2017-04-15 11:23:31+02;1359
2017-04-15 11:53:31+02;1349
2017-04-15 12:22:31+02;1389
2017-04-15 13:11:31+02;1379
2017-04-15 14:29:31+02;1339
2017-04-15 23:01:31+02;1469
2017-04-16 06:31:32+02;1429
2017-04-16 09:02:31+02;1419
2017-04-16 09:28:31+02;1369
2017-04-16 10:10:32+02;1339
2017-04-16 11:28:31+02;1339
2017-04-16 12:23:31+02;1379
2017-04-16 13:11:31+02;1369
2017-04-16 14:32:31+02;1339
2017-04-16 23:02:31+02;1469
2017-04-17 06:31:31+02;1429
2017-04-17 08:01:31+02;1419
2017-04-17 08:43:31+02;1419
2017-04-17 09:43:31+02;1409
2017-04-17 10:11:31+02;1399
2017-04-17 10:59:31+02;1389
2017-04-17 11:47:31+02;1379
2017-04-17 12:23:31+02;1419
2017-04-17 13:11:31+02;1409
2017-04-17 13:41:31+02;1399
2017-04-17 14:31:31+02;1369
2017-04-17 15:35:31+02;1359
2017-04-17 16:05:31+02;1359
2017-04-17 16:43:31+02;1349
2017-04-17 17:26:31+02;1339
2017-04-17 23:01:31+02;1469
2017-04-18 06:02:31+02;1429
2017-04-18 07:05:31+02;1419
2017-04-18 07:46:31+02;1399
2017-04-18 08:59:31+02;1389
2017-04-18 09:43:31+02;1379
2017-04-18 10:46:31+02;1369
2017-04-18 11:29:31+02;1359
2017-04-18 12:22:31+02;1399
2017-04-18 13:13:31+02;1379
2017-04-18 14:16:31+02;1369
2017-04-18 15:02:31+02;1349
2017-04-18 16:02:31+02;1349
2017-04-18 17:23:31+02;1339
2017-04-18 18:10:31+02;1339
2017-04-18 23:01:31+02;1459
2017-04-19 05:52:31+02;1429
2017-04-19 06:35:31+02;1349
2017-04-19 11:41:31+02;1349
2017-04-19 12:31:31+02;1389
2017-04-19 13:07:31+02;1369
2017-04-19 14:13:32+02;1359
2017-04-19 15:43:31+02;1349
2017-04-19 16:16:31+02;1349
2017-04-19 16:31:31+02;1339
2017-04-19 17:56:31+02;1339
2017-04-19 18:38:31+02;1339
2017-04-19 23:02:31+02;1459
2017-04-20 06:25:31+02;1429
2017-04-20 07:10:31+02;1349
2017-04-20 09:41:31+02;1349
2017-04-20 12:23:31+02;1389
2017-04-20 13:13:31+02;1369
2017-04-20 14:40:31+02;1349
2017-04-20 15:11:31+02;1349
2017-04-20 16:59:31+02;1329
2017-04-20 18:53:31+02;1329
2017-04-20 19:56:24+02;1329
2017-04-20 23:02:31+02;1449
2017-04-21 06:29:31+02;1419
2017-04-21 06:52:31+02;1349
2017-04-21 09:14:31+02;1349
2017-04-21 10:31:31+02;1349
2017-04-21 11:22:31+02;1339
2017-04-21 12:23:31+02;1379
2017-04-21 13:17:31+02;1369
2017-04-21 14:52:31+02;1349
2017-04-21 15:02:32+02;1339
2017-04-21 16:44:31+02;1339
2017-04-21 17:35:31+02;1329
2017-04-21 17:50:31+02;1319
2017-04-21 21:13:31+02;1319
2017-04-21 23:02:31+02;1439
2017-04-22 06:29:31+02;1419
2017-04-22 08:07:31+02;1409
2017-04-22 08:43:31+02;1399
2017-04-22 09:28:31+02;1379
2017-04-22 10:17:31+02;1369
2017-04-22 11:02:31+02;1359
2017-04-22 11:55:31+02;1349
2017-04-22 12:22:31+02;1389
2017-04-22 13:07:31+02;1369
2017-04-22 14:34:31+02;1359
2017-04-22 15:02:31+02;1349
2017-04-22 16:11:31+02;1339
2017-04-22 16:59:31+02;1329
2017-04-22 17:43:31+02;1319
2017-04-22 18:01:31+02;1319
2017-04-22 23:01:31+02;1439
2017-04-23 06:34:31+02;1419
2017-04-23 08:35:31+02;1399
2017-04-23 09:28:31+02;1389
2017-04-23 10:31:31+02;1379
2017-04-23 11:38:31+02;1369
2017-04-23 12:23:31+02;1409
2017-04-23 13:11:31+02;1389
2017-04-23 14:29:31+02;1379
2017-04-23 15:07:31+02;1369
2017-04-23 15:35:31+02;1349
2017-04-23 15:53:31+02;1339
2017-04-23 17:07:32+02;1329
2017-04-23 17:31:31+02;1319
2017-04-23 23:02:31+02;1439
2017-04-24 06:25:31+02;1419
2017-04-24 08:46:31+02;1409
2017-04-24 09:01:31+02;1399
2017-04-24 09:44:31+02;1389
2017-04-24 10:16:31+02;1379
2017-04-24 10:46:31+02;1369
2017-04-24 11:38:31+02;1359
2017-04-24 12:22:31+02;1399
2017-04-24 13:11:31+02;1359
2017-04-24 15:37:31+02;1349
2017-04-24 15:56:31+02;1339
2017-04-24 16:50:31+02;1329
2017-04-24 18:02:31+02;1319
2017-04-24 18:37:31+02;1319
2017-04-24 19:28:31+02;1319
2017-04-24 23:04:31+02;1439
2017-04-25 06:22:31+02;1409
2017-04-25 07:59:31+02;1399
2017-04-25 09:07:31+02;1389
2017-04-25 09:25:32+02;1379
2017-04-25 09:52:31+02;1359
2017-04-25 11:43:31+02;1349
2017-04-25 12:23:31+02;1389
2017-04-25 13:07:31+02;1369
2017-04-25 13:47:31+02;1359
2017-04-25 14:41:31+02;1349
2017-04-25 15:04:31+02;1339
2017-04-25 16:59:31+02;1339
2017-04-25 17:52:31+02;1329
2017-04-25 18:22:31+02;1319
2017-04-25 18:59:31+02;1309
2017-04-25 19:34:31+02;1309
2017-04-25 23:04:31+02;1439
2017-04-26 05:56:31+02;1409
2017-04-26 06:13:31+02;1399
2017-04-26 07:49:31+02;1389
2017-04-26 08:47:31+02;1379
2017-04-26 09:16:31+02;1369
2017-04-26 09:49:31+02;1369
2017-04-26 10:17:31+02;1359
2017-04-26 10:50:31+02;1349
2017-04-26 11:23:31+02;1349
2017-04-26 11:59:31+02;1339
2017-04-26 12:23:31+02;1379
2017-04-26 13:07:31+02;1369
2017-04-26 14:13:31+02;1349
2017-04-26 15:29:31+02;1339
2017-04-26 16:22:31+02;1339
2017-04-26 17:01:31+02;1329
2017-04-26 23:02:31+02;1429
2017-04-27 05:55:31+02;1399
2017-04-27 06:22:31+02;1399
2017-04-27 07:32:31+02;1389
2017-04-27 08:34:31+02;1379
2017-04-27 09:25:31+02;1369
2017-04-27 10:02:31+02;1359
2017-04-27 10:56:31+02;1349
2017-04-27 12:22:31+02;1389
2017-04-27 13:11:31+02;1369
2017-04-27 14:26:31+02;1359
2017-04-27 15:04:31+02;1349
2017-04-27 16:38:31+02;1329
2017-04-27 17:02:31+02;1329
2017-04-27 18:01:31+02;1329
2017-04-27 20:01:31+02;1319
2017-04-27 21:07:31+02;1299
2017-04-27 21:13:31+02;1299
2017-04-27 23:02:31+02;1419
2017-04-28 06:02:31+02;1399
2017-04-28 07:26:31+02;1389
2017-04-28 08:53:31+02;1379
2017-04-28 09:46:31+02;1379
2017-04-28 10:52:31+02;1369
2017-04-28 11:29:31+02;1359
2017-04-28 12:23:31+02;1399
2017-04-28 13:07:31+02;1379
2017-04-28 14:43:31+02;1359
2017-04-28 16:22:31+02;1349
2017-04-28 16:35:31+02;1329
2017-04-28 16:47:31+02;1329
2017-04-28 17:16:31+02;1339
2017-04-28 17:28:31+02;1349
2017-04-28 17:53:31+02;1339
2017-04-28 18:37:31+02;1329
2017-04-28 19:22:31+02;1319
2017-04-28 20:23:31+02;1309
2017-04-28 23:01:31+02;1419
2017-04-29 06:19:31+02;1389
2017-04-29 08:58:31+02;1379
2017-04-29 09:13:31+02;1369
2017-04-29 10:07:31+02;1359
2017-04-29 11:31:31+02;1349
2017-04-29 12:07:31+02;1339
2017-04-29 12:22:31+02;1379
2017-04-29 13:13:31+02;1369
2017-04-29 13:58:31+02;1359
2017-04-29 15:02:31+02;1349
2017-04-29 16:07:31+02;1339
2017-04-29 17:01:31+02;1329
2017-04-29 17:28:31+02;1349
2017-04-29 18:13:31+02;1319
2017-04-29 19:28:31+02;1309
2017-04-29 20:04:31+02;1299
2017-04-29 21:04:32+02;1289
2017-04-29 23:04:31+02;1419
2017-04-30 06:19:31+02;1379
2017-04-30 08:13:31+02;1369
2017-04-30 08:46:31+02;1359
2017-04-30 09:28:31+02;1349
2017-04-30 10:31:31+02;1329
2017-04-30 10:55:31+02;1329
2017-04-30 11:55:31+02;1329
2017-04-30 12:22:31+02;1369
2017-04-30 13:13:31+02;1349
2017-04-30 14:07:31+02;1339
2017-04-30 14:58:31+02;1329
2017-04-30 15:28:31+02;1309
2017-04-30 16:37:31+02;1309
2017-04-30 17:34:31+02;1329
2017-04-30 18:19:31+02;1289
2017-04-30 19:49:32+02;1289
2017-04-30 23:04:31+02;1419
2017-05-01 06:28:31+02;1379
2017-05-01 09:13:31+02;1369
2017-05-01 09:46:31+02;1359
2017-05-01 10:07:31+02;1349
2017-05-01 10:43:31+02;1339
2017-05-01 11:55:31+02;1329
2017-05-01 12:22:31+02;1369
2017-05-01 13:10:31+02;1359
2017-05-01 14:16:31+02;1339
2017-05-01 14:40:31+02;1329
2017-05-01 15:25:31+02;1319
2017-05-01 16:34:31+02;1319
2017-05-01 17:28:31+02;1329
2017-05-01 18:13:31+02;1309
2017-05-01 19:13:31+02;1299
2017-05-01 19:58:31+02;1289
2017-05-01 21:07:31+02;1289
2017-05-01 23:04:31+02;1419
2017-05-02 05:55:31+02;1379
2017-05-02 06:58:31+02;1359
2017-05-02 07:31:31+02;1359
2017-05-02 08:31:31+02;1359
2017-05-02 08:52:31+02;1339
2017-05-02 09:52:31+02;1319
2017-05-02 10:52:31+02;1309
2017-05-02 12:22:31+02;1349
2017-05-02 13:10:31+02;1339
2017-05-02 13:40:31+02;1329
2017-05-02 14:46:31+02;1329
2017-05-02 15:07:31+02;1319
2017-05-02 15:37:31+02;1309
2017-05-02 16:04:31+02;1299
2017-05-02 17:34:31+02;1319
2017-05-02 18:25:31+02;1289
2017-05-02 23:02:31+02;1409
2017-05-03 05:52:31+02;1379
2017-05-03 06:34:31+02;1379
2017-05-03 08:34:31+02;1369
2017-05-03 09:13:31+02;1349
2017-05-03 09:52:31+02;1339
2017-05-03 10:28:31+02;1329
2017-05-03 11:07:31+02;1319
2017-05-03 12:01:31+02;1309
2017-05-03 12:22:31+02;1349
2017-05-03 13:10:31+02;1339
2017-05-03 14:01:31+02;1309
2017-05-03 15:28:31+02;1299
2017-05-03 16:22:31+02;1299
2017-05-03 16:58:31+02;1289
2017-05-03 17:37:31+02;1309
2017-05-03 18:07:31+02;1289
2017-05-03 23:04:31+02;1409
2017-05-04 06:31:31+02;1379
2017-05-04 07:32:31+02;1369
2017-05-04 09:04:32+02;1359
2017-05-04 09:25:31+02;1349
2017-05-04 10:19:31+02;1339
2017-05-04 10:55:31+02;1329
2017-05-04 11:52:31+02;1319
2017-05-04 12:22:31+02;1359
2017-05-04 13:07:31+02;1339
2017-05-04 14:28:31+02;1329
2017-05-04 15:04:31+02;1309
2017-05-04 16:07:31+02;1299
2017-05-04 17:01:31+02;1289
2017-05-04 17:37:31+02;1309
2017-05-04 19:13:31+02;1299
2017-05-04 20:19:31+02;1289
2017-05-04 21:13:31+02;1289
2017-05-04 23:04:31+02;1409
2017-05-05 06:16:31+02;1369
2017-05-05 07:43:31+02;1359
2017-05-05 08:37:32+02;1349
2017-05-05 09:13:31+02;1319
2017-05-05 10:52:31+02;1319
2017-05-05 12:04:31+02;1309
2017-05-05 12:22:31+02;1349
2017-05-05 13:10:31+02;1329
2017-05-05 14:40:32+02;1319
2017-05-05 15:16:31+02;1309
2017-05-05 15:46:31+02;1309
2017-05-05 16:46:32+02;1299
2017-05-05 17:28:31+02;1299
2017-05-05 17:52:31+02;1319
2017-05-05 18:25:31+02;1299
2017-05-05 20:58:31+02;1279
2017-05-05 23:04:31+02;1399
2017-05-06 05:52:31+02;1369
2017-05-06 06:31:31+02;1359
2017-05-06 08:58:31+02;1359
2017-05-06 09:31:31+02;1339
2017-05-06 11:07:31+02;1329
2017-05-06 12:01:31+02;1309
2017-05-06 12:22:31+02;1349
2017-05-06 13:10:31+02;1339
2017-05-06 14:49:31+02;1319
2017-05-06 15:46:31+02;1309
2017-05-06 16:43:31+02;1299
2017-05-06 17:37:31+02;1289
2017-05-06 18:04:31+02;1309
2017-05-06 19:46:31+02;1279
2017-05-06 21:19:31+02;1279
2017-05-06 23:04:31+02;1399
2017-05-07 06:19:31+02;1359
2017-05-07 08:19:31+02;1359
2017-05-07 08:49:31+02;1359
2017-05-07 09:22:31+02;1319
2017-05-07 10:07:31+02;1309
2017-05-07 10:25:31+02;1299
2017-05-07 11:07:31+02;1289
2017-05-07 12:22:31+02;1329
2017-05-07 13:13:31+02;1309
2017-05-07 14:19:31+02;1289
2017-05-07 14:58:31+02;1289
2017-05-07 15:46:31+02;1279
2017-05-07 18:37:31+02;1299
2017-05-07 18:58:31+02;1279
2017-05-07 23:04:31+02;1399
2017-05-08 05:55:31+02;1369
2017-05-08 06:25:31+02;1359
2017-05-08 08:19:31+02;1359
2017-05-08 09:10:31+02;1339
2017-05-08 10:06:31+02;1339
2017-05-08 10:31:31+02;1319
2017-05-08 10:35:31+02;1339
2017-05-08 10:37:31+02;1319
2017-05-08 11:10:31+02;1319
2017-05-08 12:04:31+02;1309
2017-05-08 12:22:31+02;1349
2017-05-08 13:10:32+02;1329
2017-05-08 13:16:31+02;1319
2017-05-08 14:58:31+02;1319
2017-05-08 16:40:32+02;1299
2017-05-08 17:49:31+02;1319
2017-05-08 20:13:31+02;1279
2017-05-08 23:01:31+02;1409
2017-05-09 05:58:31+02;1369
2017-05-09 09:28:31+02;1349
2017-05-09 09:40:31+02;1339
2017-05-09 11:19:31+02;1319
2017-05-09 12:22:31+02;1359
2017-05-09 13:11:31+02;1309
2017-05-09 13:40:31+02;1329
2017-05-09 15:02:31+02;1309
2017-05-09 15:58:31+02;1289
2017-05-09 17:25:30+02;1309
2017-05-09 18:52:31+02;1299
2017-05-09 19:58:31+02;1279
2017-05-09 20:34:31+02;1279
2017-05-09 23:01:31+02;1409
2017-05-10 06:28:31+02;1359
2017-05-10 07:49:31+02;1349
2017-05-10 08:43:31+02;1339
2017-05-10 09:25:31+02;1329
2017-05-10 10:13:31+02;1319
2017-05-10 11:10:31+02;1309
2017-05-10 11:40:31+02;1299
2017-05-10 12:22:31+02;1339
2017-05-10 13:13:31+02;1309
2017-05-10 13:16:31+02;1329
2017-05-10 15:04:31+02;1309
2017-05-10 15:31:31+02;1299
2017-05-10 17:28:31+02;1319
2017-05-10 18:28:31+02;1299
2017-05-10 20:28:31+02;1279
2017-05-10 23:01:31+02;1409
2017-05-11 06:28:31+02;1359
2017-05-11 07:46:31+02;1349
2017-05-11 08:43:31+02;1339
2017-05-11 09:07:31+02;1329
2017-05-11 09:52:31+02;1319
2017-05-11 10:25:31+02;1309
2017-05-11 11:13:31+02;1299
2017-05-11 12:04:31+02;1289
2017-05-11 12:22:31+02;1329
2017-05-11 13:10:31+02;1319
2017-05-11 14:58:31+02;1299
2017-05-11 21:13:31+02;1289
2017-05-11 23:01:32+02;1419
2017-05-12 06:01:31+02;1379
2017-05-12 06:28:31+02;1369
2017-05-12 07:49:31+02;1359
2017-05-12 08:46:31+02;1349
2017-05-12 09:16:31+02;1339
2017-05-12 10:28:31+02;1329
2017-05-12 11:04:31+02;1319
2017-05-12 12:07:32+02;1309
2017-05-12 12:22:31+02;1349
2017-05-12 13:10:31+02;1329
2017-05-12 14:31:31+02;1319
2017-05-12 15:28:31+02;1319
2017-05-12 16:10:31+02;1309
2017-05-12 17:23:31+02;1329
2017-05-12 18:34:31+02;1319
2017-05-12 19:07:31+02;1299
2017-05-12 20:28:31+02;1299
2017-05-12 23:04:31+02;1429
2017-05-13 06:19:31+02;1379
2017-05-13 09:28:31+02;1369
2017-05-13 10:04:31+02;1359
2017-05-13 10:37:31+02;1349
2017-05-13 11:16:31+02;1339
2017-05-13 11:49:31+02;1329
2017-05-13 12:22:31+02;1369
2017-05-13 13:10:31+02;1359
2017-05-13 15:07:31+02;1329
2017-05-13 15:58:31+02;1309
2017-05-13 17:01:31+02;1299
2017-05-13 17:25:31+02;1319
2017-05-13 18:25:31+02;1309
2017-05-13 19:07:31+02;1309
2017-05-13 19:37:31+02;1309
2017-05-13 20:37:31+02;1299
2017-05-13 23:04:31+02;1429
2017-05-14 09:07:31+02;1429
2017-05-14 10:46:31+02;1429
2017-05-14 11:31:31+02;1329
2017-05-14 11:37:31+02;1329
2017-05-14 12:28:31+02;1329
2017-05-14 14:46:31+02;1319
2017-05-14 16:55:31+02;1309
2017-05-14 18:37:31+02;1299
2017-05-15 01:04:32+02;1429
2017-05-15 06:19:31+02;1379
2017-05-15 08:22:31+02;1359
2017-05-15 09:34:31+02;1349
2017-05-15 10:28:31+02;1339
2017-05-15 11:43:31+02;1329
2017-05-15 12:22:31+02;1369
2017-05-15 13:07:31+02;1339
2017-05-15 13:46:31+02;1329
2017-05-15 14:55:31+02;1319
2017-05-15 15:25:31+02;1319
2017-05-15 17:28:31+02;1339
2017-05-15 18:28:31+02;1329
2017-05-15 18:46:31+02;1319
2017-05-15 21:07:31+02;1309
2017-05-15 21:55:32+02;1299
2017-05-15 23:01:31+02;1429
2017-05-16 06:25:31+02;1379
2017-05-16 07:46:31+02;1369
2017-05-16 08:31:31+02;1359
2017-05-16 09:32:31+02;1349
2017-05-16 10:10:31+02;1339
2017-05-16 11:07:31+02;1329
2017-05-16 12:22:31+02;1369
2017-05-16 13:07:31+02;1349
2017-05-16 13:13:31+02;1359
2017-05-16 14:16:31+02;1339
2017-05-16 15:01:31+02;1329
2017-05-16 16:07:31+02;1319
2017-05-16 17:28:31+02;1339
2017-05-16 18:34:31+02;1319
2017-05-16 19:55:31+02;1309
2017-05-16 23:04:31+02;1429
2017-05-17 05:31:31+02;1389
2017-05-17 06:49:31+02;1379
2017-05-17 08:19:31+02;1359
2017-05-17 08:52:31+02;1349
2017-05-17 09:01:31+02;1349
2017-05-17 09:43:31+02;1339
2017-05-17 10:31:31+02;1329
2017-05-17 11:04:31+02;1319
2017-05-17 12:10:31+02;1309
2017-05-17 12:22:31+02;1349
2017-05-17 13:04:31+02;1339
2017-05-17 13:10:31+02;1329
2017-05-17 15:43:31+02;1319
2017-05-17 16:25:31+02;1309
2017-05-17 17:40:31+02;1329
2017-05-17 19:10:31+02;1319
2017-05-17 20:22:31+02;1309
2017-05-17 23:04:32+02;1419
2017-05-18 06:58:31+02;1399
2017-05-18 08:07:31+02;1399
2017-05-18 09:19:31+02;1379
2017-05-18 09:49:31+02;1369
2017-05-18 10:56:31+02;1359
2017-05-18 11:35:31+02;1339
2017-05-18 12:22:31+02;1379
2017-05-18 13:10:31+02;1369
2017-05-18 15:02:31+02;1359
2017-05-18 15:25:31+02;1329
2017-05-18 17:01:31+02;1319
2017-05-18 17:40:32+02;1339
2017-05-18 18:16:31+02;1329
2017-05-18 18:49:31+02;1329
2017-05-18 19:25:31+02;1329
2017-05-18 19:52:31+02;1309
2017-05-18 20:07:31+02;1299
2017-05-18 23:04:31+02;1419
2017-05-19 06:22:31+02;1379
2017-05-19 07:52:31+02;1379
2017-05-19 09:07:31+02;1369
2017-05-19 09:40:31+02;1359
2017-05-19 10:52:31+02;1349
2017-05-19 11:22:31+02;1339
2017-05-19 12:22:32+02;1379
2017-05-19 13:10:31+02;1359
2017-05-19 15:49:31+02;1339
2017-05-19 16:40:31+02;1319
2017-05-19 16:58:31+02;1319
2017-05-19 17:40:31+02;1339
2017-05-19 18:10:31+02;1329
2017-05-19 19:25:31+02;1319
2017-05-19 19:55:31+02;1309
2017-05-19 21:22:31+02;1299
2017-05-19 23:04:31+02;1429
2017-05-20 06:31:31+02;1389
2017-05-20 07:04:31+02;1379
2017-05-20 07:28:31+02;1369
2017-05-20 08:19:31+02;1359
2017-05-20 09:13:31+02;1349
2017-05-20 09:49:31+02;1339
2017-05-20 10:25:31+02;1329
2017-05-20 11:19:31+02;1319
2017-05-20 12:07:31+02;1309
2017-05-20 12:22:31+02;1349
2017-05-20 13:10:31+02;1339
2017-05-20 13:37:31+02;1329
2017-05-20 14:46:31+02;1319
2017-05-20 15:28:32+02;1319
2017-05-20 15:55:31+02;1299
2017-05-20 16:34:31+02;1299
2017-05-20 17:37:31+02;1319
2017-05-20 18:19:31+02;1299
2017-05-20 23:04:31+02;1429
2017-05-21 06:04:31+02;1389
2017-05-21 07:16:31+02;1379
2017-05-21 07:34:31+02;1369
2017-05-21 08:34:31+02;1359
2017-05-21 09:28:31+02;1339
2017-05-21 10:07:31+02;1329
2017-05-21 11:11:31+02;1319
2017-05-21 11:50:31+02;1309
2017-05-21 16:47:31+02;1279
2017-05-21 19:05:31+02;1299
2017-05-22 01:01:31+02;1429
2017-05-22 06:29:31+02;1389
2017-05-22 06:58:31+02;1369
2017-05-22 07:37:32+02;1359
2017-05-22 08:17:31+02;1349
2017-05-22 08:53:31+02;1339
2017-05-22 10:22:31+02;1329
2017-05-22 11:07:31+02;1319
2017-05-22 11:50:31+02;1309
2017-05-22 12:23:31+02;1349
2017-05-22 13:11:31+02;1339
2017-05-22 14:17:31+02;1339
2017-05-22 15:49:31+02;1319
2017-05-22 16:59:31+02;1309
2017-05-22 17:43:31+02;1329
2017-05-22 18:34:31+02;1329
2017-05-22 19:31:31+02;1309
2017-05-22 19:59:31+02;1299
2017-05-22 21:07:31+02;1299
2017-05-22 23:02:31+02;1429
2017-05-23 05:59:31+02;1389
2017-05-23 08:59:31+02;1369
2017-05-23 09:26:32+02;1359
2017-05-23 09:55:31+02;1349
2017-05-23 10:35:31+02;1339
2017-05-23 11:11:31+02;1339
2017-05-23 11:43:31+02;1329
2017-05-23 12:01:31+02;1329
2017-05-23 12:23:31+02;1369
2017-05-23 13:11:31+02;1349
2017-05-23 14:13:31+02;1339
2017-05-23 15:05:31+02;1309
2017-05-23 16:52:31+02;1309
2017-05-23 17:47:31+02;1329
2017-05-23 18:17:31+02;1309
2017-05-23 19:49:31+02;1299
2017-05-23 23:02:31+02;1429
2017-05-24 05:55:31+02;1389
2017-05-24 06:28:32+02;1389
2017-05-24 06:50:31+02;1389
2017-05-24 08:43:31+02;1379
2017-05-24 09:43:31+02;1369
2017-05-24 10:47:05+02;1359
2017-05-24 11:13:05+02;1349
2017-05-24 11:47:06+02;1339
2017-05-24 13:43:05+02;1379
2017-05-24 13:50:06+02;1339
2017-05-24 15:02:05+02;1329
2017-05-24 15:31:06+02;1319
2017-05-24 17:47:05+02;1339
2017-05-24 18:22:06+02;1329
2017-05-24 18:46:06+02;1319
2017-05-24 21:01:06+02;1309
2017-05-24 21:38:05+02;1299
2017-05-24 23:01:06+02;1429
2017-05-25 05:50:25+02;1389
2017-05-25 09:14:06+02;1369
2017-05-25 10:10:06+02;1359
2017-05-25 10:47:05+02;1349
2017-05-25 11:46:06+02;1339
2017-05-25 12:23:05+02;1379
2017-05-25 13:11:06+02;1369
2017-05-25 14:38:05+02;1359
2017-05-25 14:56:06+02;1349
2017-05-25 15:23:05+02;1339
2017-05-25 15:44:05+02;1329
2017-05-25 16:26:06+02;1319
2017-05-25 17:14:05+02;1309
2017-05-25 17:38:05+02;1329
2017-05-25 18:20:06+02;1319
2017-05-25 19:41:06+02;1309
2017-05-25 21:01:06+02;1299
2017-05-25 23:01:06+02;1429
2017-05-26 05:55:06+02;1389
2017-05-26 06:53:05+02;1349
2017-05-26 08:29:05+02;1329
2017-05-26 09:26:06+02;1319
2017-05-26 10:19:09+02;1309
2017-05-26 10:55:06+02;1299
2017-05-26 11:17:06+02;1299
2017-05-26 12:23:07+02;1339
2017-05-26 13:11:07+02;1329
2017-05-26 14:41:06+02;1319
2017-05-26 14:59:06+02;1299
2017-05-26 17:34:06+02;1319
2017-05-26 18:47:05+02;1299
2017-05-26 23:02:05+02;1419
2017-05-27 05:50:06+02;1389
2017-05-27 06:17:06+02;1379
2017-05-27 07:35:06+02;1379
2017-05-27 08:23:05+02;1369
2017-05-27 09:11:06+02;1359
2017-05-27 09:35:06+02;1339
2017-05-27 10:38:06+02;1329
2017-05-27 11:38:06+02;1319
2017-05-27 12:23:05+02;1359
2017-05-27 13:11:05+02;1339
2017-05-27 14:53:05+02;1339
2017-05-27 15:23:05+02;1309
2017-05-27 15:53:05+02;1299
2017-05-27 16:55:06+02;1299
2017-05-27 17:38:05+02;1319
2017-05-27 18:29:05+02;1309
2017-05-27 19:17:05+02;1309
2017-05-27 20:01:06+02;1299
2017-05-27 23:02:06+02;1419
2017-05-28 05:52:06+02;1389
2017-05-28 06:13:08+02;1379
2017-05-28 08:34:05+02;1349
2017-05-28 09:17:05+02;1349
2017-05-28 10:14:06+02;1329
2017-05-28 11:02:07+02;1319
2017-05-28 12:22:14+02;1359
2017-05-28 13:10:06+02;1339
2017-05-28 14:22:05+02;1329
2017-05-28 15:04:06+02;1319
2017-05-28 15:16:06+02;1319
2017-05-28 15:56:06+02;1309
2017-05-28 16:25:06+02;1299
2017-05-28 17:10:06+02;1299
2017-05-28 17:34:05+02;1319
2017-05-28 18:13:06+02;1309
2017-05-28 19:02:06+02;1299
2017-05-28 19:26:06+02;1299
2017-05-28 23:01:06+02;1419
2017-05-29 05:50:06+02;1389
2017-05-29 06:07:06+02;1379
2017-05-29 09:04:06+02;1369
2017-05-29 09:52:06+02;1359
2017-05-29 11:11:06+02;1339
2017-05-29 12:04:06+02;1329
2017-05-29 12:34:06+02;1369
2017-05-29 13:13:06+02;1339
2017-05-29 15:23:06+02;1329
2017-05-29 15:58:06+02;1319
2017-05-29 16:22:06+02;1319
2017-05-29 17:11:06+02;1309
2017-05-29 17:38:05+02;1329
2017-05-29 18:31:06+02;1319
2017-05-29 19:23:06+02;1319
2017-05-29 19:52:06+02;1299
2017-05-29 23:05:06+02;1419
2017-05-30 05:52:05+02;1389
2017-05-30 06:26:06+02;1379
2017-05-30 09:13:06+02;1359
2017-05-30 10:23:05+02;1349
2017-05-30 10:56:06+02;1339
2017-05-30 11:25:06+02;1329
2017-05-30 12:22:06+02;1369
2017-05-30 13:11:06+02;1349
2017-05-30 14:28:06+02;1339
2017-05-30 15:04:06+02;1329
2017-05-30 15:56:06+02;1319
2017-05-30 16:20:06+02;1309
2017-05-30 17:02:06+02;1299
2017-05-30 17:47:06+02;1319
2017-05-30 18:35:06+02;1319
2017-05-30 19:28:05+02;1299
2017-05-30 20:59:06+02;1299
2017-05-30 23:05:06+02;1429
2017-05-31 05:52:05+02;1389
2017-05-31 06:29:05+02;1379
2017-05-31 07:35:06+02;1379
2017-05-31 08:25:06+02;1369
2017-05-31 09:01:06+02;1359
2017-05-31 09:55:06+02;1349
2017-05-31 10:19:05+02;1339
2017-05-31 11:05:06+02;1329
2017-05-31 11:46:06+02;1319
2017-05-31 12:23:05+02;1359
2017-05-31 12:53:06+02;1349
2017-05-31 14:41:06+02;1339
2017-05-31 15:11:06+02;1329
2017-05-31 15:16:06+02;1329
2017-05-31 15:43:05+02;1319
2017-05-31 16:47:06+02;1309
2017-05-31 17:41:06+02;1329
2017-05-31 18:11:06+02;1329
2017-05-31 19:13:06+02;1319
2017-05-31 19:29:06+02;1309
2017-05-31 20:28:06+02;1309
2017-05-31 21:04:05+02;1299
2017-05-31 23:04:06+02;1419
2017-06-01 05:38:05+02;1389
2017-06-01 06:28:05+02;1379
2017-06-01 07:44:06+02;1369
2017-06-01 08:22:06+02;1359
2017-06-01 09:02:05+02;1349
2017-06-01 09:44:06+02;1339
2017-06-01 10:26:06+02;1329
2017-06-01 11:02:07+02;1329
2017-06-01 11:35:07+02;1319
2017-06-01 12:01:06+02;1309
2017-06-01 12:23:05+02;1349
2017-06-01 12:52:06+02;1339
2017-06-01 14:26:06+02;1319
2017-06-01 15:02:06+02;1309
2017-06-01 16:59:06+02;1299
2017-06-01 17:40:06+02;1319
2017-06-01 18:14:06+02;1309
2017-06-01 19:41:05+02;1299
2017-06-01 20:50:06+02;1299
2017-06-01 23:04:05+02;1439
2017-06-02 05:41:05+02;1379
2017-06-02 07:16:05+02;1359
2017-06-02 08:16:05+02;1339
2017-06-02 08:52:06+02;1329
2017-06-02 09:47:05+02;1319
2017-06-02 10:40:06+02;1309
2017-06-02 12:23:06+02;1349
2017-06-02 12:52:06+02;1339
2017-06-02 13:11:05+02;1329
2017-06-02 14:32:05+02;1319
2017-06-02 14:46:06+02;1319
2017-06-02 15:32:06+02;1309
2017-06-02 15:47:05+02;1309
2017-06-02 16:28:06+02;1299
2017-06-02 16:46:06+02;1299
2017-06-02 17:38:05+02;1319
2017-06-02 18:04:06+02;1309
2017-06-02 18:25:06+02;1309
2017-06-02 19:40:06+02;1299
2017-06-02 23:04:06+02;1419
2017-06-03 05:34:06+02;1389
2017-06-03 06:07:06+02;1379
2017-06-03 07:26:06+02;1369
2017-06-03 08:26:06+02;1359
2017-06-03 08:41:08+02;1359
2017-06-03 08:52:06+02;1349
2017-06-03 09:47:06+02;1339
2017-06-03 10:04:06+02;1339
2017-06-03 10:08:06+02;1329
2017-06-03 12:22:06+02;1369
2017-06-03 12:53:06+02;1339
2017-06-03 13:43:06+02;1319
2017-06-03 14:11:06+02;1309
2017-06-03 16:43:05+02;1299
2017-06-03 17:01:06+02;1289
2017-06-03 17:35:06+02;1309
2017-06-03 18:11:06+02;1309
2017-06-03 18:31:06+02;1299
2017-06-03 19:43:05+02;1289
2017-06-03 23:01:06+02;1419
2017-06-04 05:41:06+02;1379
2017-06-04 06:01:05+02;1379
2017-06-04 09:01:06+02;1369
2017-06-04 09:13:06+02;1359
2017-06-04 09:41:06+02;1349
2017-06-04 10:29:05+02;1339
2017-06-04 11:13:05+02;1329
2017-06-04 12:01:06+02;1319
2017-06-04 12:23:05+02;1359
2017-06-04 13:10:06+02;1319
2017-06-04 13:32:06+02;1349
2017-06-04 14:50:06+02;1319
2017-06-04 16:31:05+02;1309
2017-06-04 16:47:05+02;1309
2017-06-04 17:38:06+02;1329
2017-06-04 17:53:05+02;1309
2017-06-04 19:41:06+02;1299
2017-06-04 19:59:06+02;1289
2017-06-04 23:02:06+02;1419
2017-06-05 05:34:05+02;1379
2017-06-05 08:52:05+02;1369
2017-06-05 08:59:06+02;1359
2017-06-05 09:44:06+02;1349
2017-06-05 10:40:06+02;1339
2017-06-05 12:22:06+02;1379
2017-06-05 12:55:06+02;1369
2017-06-05 14:43:05+02;1359
2017-06-05 15:04:06+02;1329
2017-06-05 16:04:06+02;1319
2017-06-05 16:52:06+02;1309
2017-06-05 17:38:06+02;1329
2017-06-05 18:10:06+02;1319
2017-06-05 19:14:06+02;1309
2017-06-05 20:02:06+02;1299
2017-06-05 21:04:05+02;1289
2017-06-05 23:02:06+02;1419
2017-06-06 05:44:06+02;1379
2017-06-06 05:50:06+02;1379
2017-06-06 08:41:06+02;1369
2017-06-06 09:16:06+02;1359
2017-06-06 09:35:07+02;1349
2017-06-06 10:22:06+02;1339
2017-06-06 11:13:06+02;1329
2017-06-06 12:07:05+02;1319
2017-06-06 12:23:05+02;1359
2017-06-06 12:55:06+02;1349
2017-06-06 14:28:06+02;1339
2017-06-06 14:49:06+02;1329
2017-06-06 16:13:06+02;1319
2017-06-06 16:43:06+02;1309
2017-06-06 17:40:06+02;1329
2017-06-06 18:10:06+02;1309
2017-06-06 19:11:06+02;1299
2017-06-06 20:14:06+02;1289
2017-06-06 20:52:06+02;1289
2017-06-06 23:01:06+02;1409
2017-06-07 05:46:05+02;1369
2017-06-07 07:28:05+02;1359
2017-06-07 08:16:05+02;1349
2017-06-07 08:56:06+02;1339
2017-06-07 09:28:06+02;1329
2017-06-07 10:14:07+02;1319
2017-06-07 11:32:05+02;1309
2017-06-07 11:56:06+02;1299
2017-06-07 12:22:06+02;1339
2017-06-07 12:50:06+02;1299
2017-06-07 13:14:06+02;1329
2017-06-07 14:08:06+02;1319
2017-06-07 14:40:06+02;1309
2017-06-07 14:56:06+02;1309
2017-06-07 15:16:07+02;1299
2017-06-07 16:10:06+02;1289
2017-06-07 17:02:06+02;1279
2017-06-07 17:44:06+02;1299
2017-06-07 18:16:06+02;1289
2017-06-07 20:02:05+02;1279
2017-06-07 23:03:05+02;1409
2017-06-08 05:44:06+02;1369
2017-06-08 08:59:06+02;1349
2017-06-08 09:31:06+02;1339
2017-06-08 09:41:06+02;1339
2017-06-08 10:11:06+02;1329
2017-06-08 10:26:06+02;1329
2017-06-08 11:17:06+02;1319
2017-06-08 11:31:05+02;1319
2017-06-08 11:41:06+02;1309
2017-06-08 12:23:05+02;1349
2017-06-08 12:59:05+02;1339
2017-06-08 13:11:06+02;1329
2017-06-08 14:11:06+02;1319
2017-06-08 15:47:05+02;1299
2017-06-08 16:29:06+02;1289
2017-06-08 17:31:06+02;1309
2017-06-08 17:59:06+02;1309
2017-06-08 18:17:06+02;1299
2017-06-08 19:35:06+02;1279
2017-06-08 20:28:05+02;1279
2017-06-08 23:02:05+02;1409
2017-06-09 05:41:05+02;1369
2017-06-09 06:29:05+02;1359
2017-06-09 08:47:05+02;1339
2017-06-09 09:26:06+02;1329
2017-06-09 09:50:06+02;1319
2017-06-09 10:43:06+02;1309
2017-06-09 11:16:06+02;1309
2017-06-09 11:22:06+02;1299
2017-06-09 12:22:06+02;1339
2017-06-09 12:55:06+02;1319
2017-06-09 13:19:06+02;1319
2017-06-09 14:13:06+02;1309
2017-06-09 15:17:06+02;1299
2017-06-09 15:29:10+02;1289
2017-06-09 16:16:06+02;1279
2017-06-09 17:40:07+02;1299
2017-06-09 18:01:06+02;1299
2017-06-09 18:25:06+02;1279
2017-06-09 20:22:06+02;1279
2017-06-09 23:01:06+02;1409
2017-06-10 05:40:06+02;1369
2017-06-10 06:01:06+02;1369
2017-06-10 08:01:06+02;1359
2017-06-10 09:19:05+02;1349
2017-06-10 09:31:05+02;1339
2017-06-10 10:07:05+02;1329
2017-06-10 10:46:05+02;1319
2017-06-10 11:25:06+02;1309
2017-06-10 12:07:06+02;1299
2017-06-10 12:22:06+02;1339
2017-06-10 12:58:06+02;1329
2017-06-10 14:28:06+02;1319
2017-06-10 14:46:06+02;1309
2017-06-10 16:16:06+02;1299
2017-06-10 16:40:06+02;1289
2017-06-10 17:40:06+02;1309
2017-06-10 18:01:06+02;1299
2017-06-10 19:34:06+02;1289
2017-06-10 19:52:06+02;1279
2017-06-10 23:01:06+02;1409
2017-06-11 05:43:05+02;1369
2017-06-11 06:58:05+02;1369
2017-06-11 08:49:05+02;1359
2017-06-11 09:13:05+02;1349
2017-06-11 10:10:06+02;1339
2017-06-11 10:46:05+02;1329
2017-06-11 11:28:05+02;1319
2017-06-11 12:22:05+02;1359
2017-06-11 12:52:05+02;1309
2017-06-11 13:10:06+02;1339
2017-06-11 13:55:06+02;1329
2017-06-11 14:49:05+02;1319
2017-06-11 15:40:06+02;1309
2017-06-11 16:25:05+02;1299
2017-06-11 17:49:05+02;1319
2017-06-11 18:28:05+02;1309
2017-06-11 18:37:05+02;1299
2017-06-11 19:55:05+02;1289
2017-06-11 20:46:05+02;1279
2017-06-11 23:04:06+02;1409
2017-06-12 05:46:06+02;1369
2017-06-12 07:31:06+02;1359
2017-06-12 08:16:05+02;1349
2017-06-12 08:55:06+02;1339
2017-06-12 09:49:05+02;1329
2017-06-12 10:31:06+02;1319
2017-06-12 11:25:04+02;1319
2017-06-12 11:26:06+02;1309
2017-06-12 12:02:04+02;1309
2017-06-12 12:39:04+02;1309
2017-06-12 12:40:10+02;1349
2017-06-12 12:46:08+02;1309
2017-06-12 12:49:08+02;1349
2017-06-12 13:07:06+02;1339
2017-06-12 13:41:06+02;1339
2017-06-12 14:40:06+02;1329
2017-06-12 15:16:06+02;1319
2017-06-12 16:16:06+02;1309
2017-06-12 16:37:07+02;1299
2017-06-12 17:49:05+02;1319
2017-06-12 18:04:06+02;1309
2017-06-12 18:37:06+02;1299
2017-06-12 20:25:06+02;1289
2017-06-12 23:04:06+02;1409
2017-06-13 05:43:05+02;1369
2017-06-13 06:55:06+02;1369
2017-06-13 07:46:06+02;1359
2017-06-13 08:16:06+02;1349
2017-06-13 09:13:06+02;1339
2017-06-13 10:31:18+02;1329
2017-06-13 11:58:06+02;1309
2017-06-13 12:22:06+02;1349
2017-06-13 12:58:06+02;1339
2017-06-13 14:40:06+02;1299
2017-06-13 15:07:05+02;1289
2017-06-13 17:46:06+02;1309
2017-06-13 18:16:06+02;1289
2017-06-13 21:07:05+02;1279
2017-06-13 23:01:06+02;1409
2017-06-14 05:46:06+02;1369
2017-06-14 06:46:06+02;1369
2017-06-14 08:46:05+02;1359
2017-06-14 08:58:05+02;1349
2017-06-14 09:43:05+02;1339
2017-06-14 10:28:06+02;1329
2017-06-14 11:01:06+02;1319
2017-06-14 11:55:06+02;1309
2017-06-14 12:22:06+02;1349
2017-06-14 12:58:05+02;1339
2017-06-14 15:23:05+02;1329
2017-06-14 15:40:23+02;1309
2017-06-14 16:16:06+02;1299
2017-06-14 16:43:06+02;1289
2017-06-14 16:58:06+02;1289
2017-06-14 17:46:06+02;1309
2017-06-14 18:22:05+02;1299
2017-06-14 19:34:05+02;1289
2017-06-14 20:28:05+02;1279
2017-06-14 23:01:06+02;1399
2017-06-15 05:43:06+02;1369
2017-06-15 06:43:05+02;1359
2017-06-15 07:04:06+02;1349
2017-06-15 07:19:06+02;1339
2017-06-15 08:49:06+02;1329
2017-06-15 09:10:07+02;1319
2017-06-15 09:19:06+02;1309
2017-06-15 10:37:06+02;1299
2017-06-15 11:16:05+02;1289
2017-06-15 12:08:06+02;1279
2017-06-15 12:22:05+02;1319
2017-06-15 12:58:06+02;1309
2017-06-15 14:22:06+02;1289
2017-06-15 14:46:06+02;1279
2017-06-15 15:40:06+02;1279
2017-06-15 16:43:05+02;1279
2017-06-15 17:40:06+02;1299
2017-06-15 17:55:06+02;1279
2017-06-15 23:04:06+02;1399
2017-06-16 05:49:05+02;1369
2017-06-16 06:49:05+02;1349
2017-06-16 06:55:05+02;1339
2017-06-16 07:52:17+02;1309
2017-06-16 08:43:18+02;1309
2017-06-16 10:31:06+02;1309
2017-06-16 11:04:06+02;1309
2017-06-16 11:43:06+02;1299
2017-06-16 12:22:06+02;1339
2017-06-16 12:49:05+02;1299
2017-06-16 13:13:06+02;1309
2017-06-16 13:20:06+02;1309
2017-06-16 13:49:06+02;1309
2017-06-16 14:58:05+02;1299
2017-06-16 16:16:06+02;1289
2017-06-16 16:49:06+02;1279
2017-06-16 17:46:06+02;1299
2017-06-16 18:04:06+02;1279
2017-06-16 20:28:06+02;1269
2017-06-16 20:55:16+02;1259
2017-06-16 23:04:06+02;1399
2017-06-17 05:43:06+02;1359
2017-06-17 07:04:06+02;1349
2017-06-17 08:19:06+02;1339
2017-06-17 08:49:06+02;1339
2017-06-17 08:55:06+02;1329
2017-06-17 09:13:06+02;1329
2017-06-17 10:13:05+02;1299
2017-06-17 10:43:06+02;1289
2017-06-17 12:22:06+02;1329
2017-06-17 13:10:06+02;1309
2017-06-17 13:52:06+02;1289
2017-06-17 14:43:06+02;1289
2017-06-17 15:55:06+02;1279
2017-06-17 17:43:06+02;1299
2017-06-17 18:19:06+02;1299
2017-06-17 19:04:25+02;1279
2017-06-17 19:28:06+02;1269
2017-06-17 20:49:06+02;1259
2017-06-17 23:01:06+02;1399
2017-06-18 05:40:06+02;1359
2017-06-18 06:46:06+02;1349
2017-06-18 07:46:05+02;1349
2017-06-18 08:19:05+02;1339
2017-06-18 08:52:06+02;1329
2017-06-18 09:19:05+02;1329
2017-06-18 09:58:06+02;1319
2017-06-18 10:13:05+02;1319
2017-06-18 11:16:06+02;1309
2017-06-18 12:22:05+02;1349
2017-06-18 12:52:06+02;1309
2017-06-18 13:31:06+02;1339
2017-06-18 13:58:05+02;1309
2017-06-18 15:40:06+02;1299
2017-06-18 16:31:06+02;1289
2017-06-18 17:49:05+02;1309
2017-06-18 19:25:06+02;1289
2017-06-18 20:22:06+02;1279
2017-06-18 20:49:05+02;1269
2017-06-18 23:01:05+02;1399
2017-06-19 05:46:05+02;1359
2017-06-19 06:43:05+02;1349
2017-06-19 08:04:06+02;1319
2017-06-19 08:16:05+02;1319
2017-06-19 08:50:06+02;1319
2017-06-19 09:34:05+02;1319
2017-06-19 10:13:06+02;1309
2017-06-19 10:16:06+02;1309
2017-06-19 10:52:07+02;1309
2017-06-19 11:31:05+02;1299
2017-06-19 11:55:06+02;1299
2017-06-19 12:22:06+02;1339
2017-06-19 12:49:05+02;1299
2017-06-19 13:10:06+02;1329
2017-06-19 13:49:06+02;1309
2017-06-19 15:13:06+02;1299
2017-06-19 16:37:06+02;1289
2017-06-19 16:46:06+02;1279
2017-06-19 16:55:06+02;1279
2017-06-19 17:40:06+02;1299
2017-06-19 18:16:06+02;1289
2017-06-19 19:13:06+02;1279
2017-06-19 20:55:06+02;1269
2017-06-19 23:01:06+02;1389
2017-06-20 05:49:05+02;1359
2017-06-20 06:46:06+02;1349
2017-06-20 08:13:05+02;1339
2017-06-20 08:43:05+02;1329
2017-06-20 09:16:06+02;1319
2017-06-20 09:58:06+02;1309
2017-06-20 10:31:06+02;1299
2017-06-20 11:28:06+02;1289
2017-06-20 12:22:27+02;1329
2017-06-20 13:01:06+02;1309
2017-06-20 13:19:11+02;1299
2017-06-20 14:34:06+02;1289
2017-06-20 14:49:06+02;1279
2017-06-20 15:22:06+02;1269
2017-06-20 16:19:06+02;1269
2017-06-20 17:44:06+02;1289
2017-06-20 18:08:06+02;1279
2017-06-20 20:25:06+02;1269
2017-06-20 23:01:06+02;1389
2017-06-21 05:46:06+02;1359
2017-06-21 06:37:06+02;1349
2017-06-21 08:07:06+02;1339
2017-06-21 08:52:06+02;1329
2017-06-21 08:58:06+02;1319
2017-06-21 09:28:06+02;1309
2017-06-21 10:19:06+02;1299
2017-06-21 10:37:06+02;1289
2017-06-21 11:46:05+02;1279
2017-06-21 12:22:07+02;1319
2017-06-21 12:49:05+02;1279
2017-06-21 14:46:06+02;1309
2017-06-21 15:25:06+02;1259
2017-06-21 17:43:05+02;1279
2017-06-21 17:58:05+02;1259
2017-06-21 23:01:05+02;1389
2017-06-22 05:49:05+02;1349
2017-06-22 06:37:05+02;1349
2017-06-22 07:46:06+02;1339
2017-06-22 08:28:06+02;1339
2017-06-22 08:58:06+02;1329
2017-06-22 09:16:08+02;1329
2017-06-22 09:55:06+02;1319
2017-06-22 10:22:06+02;1319
2017-06-22 10:31:06+02;1309
2017-06-22 12:22:06+02;1349
2017-06-22 12:59:06+02;1329
2017-06-22 14:10:07+02;1319
2017-06-22 14:43:23+02;1309
2017-06-22 16:13:05+02;1299
2017-06-22 16:46:06+02;1289
2017-06-22 17:43:05+02;1309
2017-06-22 19:31:06+02;1299
2017-06-22 19:43:05+02;1289
2017-06-22 20:52:06+02;1279
2017-06-22 21:25:06+02;1269
2017-06-22 23:01:06+02;1379
2017-06-23 05:46:06+02;1349
2017-06-23 06:37:06+02;1349
2017-06-23 08:16:06+02;1339
2017-06-23 09:10:06+02;1329
2017-06-23 09:28:06+02;1319
2017-06-23 09:46:06+02;1309
2017-06-23 10:13:06+02;1299
2017-06-23 10:43:06+02;1299
2017-06-23 11:25:08+02;1299
2017-06-23 12:22:06+02;1339
2017-06-23 12:58:07+02;1319
2017-06-23 14:11:06+02;1309
2017-06-23 14:44:06+02;1299
2017-06-23 15:13:05+02;1289
2017-06-23 16:52:06+02;1279
2017-06-23 17:41:06+02;1299
2017-06-23 19:16:06+02;1289
2017-06-23 19:40:06+02;1289
2017-06-23 19:49:06+02;1279
2017-06-23 20:01:06+02;1269
2017-06-23 20:40:06+02;1269
2017-06-23 23:01:05+02;1389
2017-06-24 05:43:05+02;1359
2017-06-24 06:46:06+02;1349
2017-06-24 07:52:06+02;1339
2017-06-24 08:46:05+02;1329
2017-06-24 09:17:05+02;1319
2017-06-24 10:25:06+02;1309
2017-06-24 11:58:06+02;1299
2017-06-24 12:22:06+02;1339
2017-06-24 12:55:06+02;1319
2017-06-24 14:10:06+02;1309
2017-06-24 14:52:06+02;1299
2017-06-24 16:13:05+02;1289
2017-06-24 16:43:05+02;1279
2017-06-24 17:44:06+02;1299
2017-06-24 18:16:06+02;1299
2017-06-24 19:46:05+02;1279
2017-06-24 20:49:06+02;1269
2017-06-24 23:01:06+02;1389
2017-06-25 05:43:06+02;1359
2017-06-25 06:43:06+02;1349
2017-06-25 08:46:06+02;1339
2017-06-25 09:13:06+02;1329
2017-06-25 10:25:06+02;1319
2017-06-25 11:55:05+02;1309
2017-06-25 12:01:06+02;1299
2017-06-25 12:22:06+02;1339
2017-06-25 12:56:06+02;1299
2017-06-25 13:25:06+02;1329
2017-06-25 13:44:06+02;1299
2017-06-25 16:43:05+02;1289
2017-06-25 17:47:05+02;1309
2017-06-25 17:58:05+02;1289
2017-06-25 20:55:06+02;1279
2017-06-25 21:10:06+02;1269
2017-06-25 23:01:05+02;1389
2017-06-26 05:53:06+02;1359
2017-06-26 06:34:05+02;1349
2017-06-26 08:01:06+02;1339
2017-06-26 09:34:06+02;1329
2017-06-26 10:50:06+02;1319
2017-06-26 11:14:06+02;1309
2017-06-26 11:37:06+02;1299
2017-06-26 12:22:05+02;1339
2017-06-26 12:50:06+02;1299
2017-06-26 13:10:06+02;1329
2017-06-26 14:34:06+02;1279
2017-06-26 15:20:06+02;1279
2017-06-26 17:34:06+02;1299
2017-06-26 18:19:06+02;1289
2017-06-26 19:20:06+02;1279
2017-06-26 20:55:05+02;1269
2017-06-26 23:05:06+02;1389
2017-06-27 05:44:05+02;1359
2017-06-27 06:32:06+02;1309
2017-06-27 10:59:05+02;1299
2017-06-27 11:26:06+02;1289
2017-06-27 12:23:06+02;1329
2017-06-27 12:50:06+02;1279
2017-06-27 13:11:06+02;1309
2017-06-27 13:34:06+02;1279
2017-06-27 16:49:06+02;1269
2017-06-27 17:38:06+02;1289
2017-06-27 18:29:06+02;1279
2017-06-27 19:49:06+02;1279
2017-06-27 23:01:06+02;1389
2017-06-28 05:47:05+02;1369
2017-06-28 06:56:06+02;1349
2017-06-28 08:23:06+02;1339
2017-06-28 08:50:06+02;1329
2017-06-28 09:43:06+02;1319
2017-06-28 10:53:05+02;1309
2017-06-28 11:41:06+02;1299
2017-06-28 12:23:06+02;1339
2017-06-28 12:49:06+02;1299
2017-06-28 13:10:16+02;1329
2017-06-28 13:53:06+02;1319
2017-06-28 14:26:22+02;1309
2017-06-28 15:23:06+02;1299
2017-06-28 16:11:08+02;1289
2017-06-28 16:41:06+02;1279
2017-06-28 17:38:05+02;1299
2017-06-28 19:38:06+02;1289
2017-06-28 20:20:06+02;1279
2017-06-28 23:01:06+02;1389
2017-06-29 05:44:05+02;1369
2017-06-29 06:38:05+02;1349
2017-06-29 07:43:05+02;1329
2017-06-29 08:23:06+02;1309
2017-06-29 08:43:05+02;1309
2017-06-29 09:41:06+02;1309
2017-06-29 10:04:05+02;1299
2017-06-29 10:28:06+02;1299
2017-06-29 10:58:06+02;1299
2017-06-29 11:31:05+02;1289
2017-06-29 12:23:05+02;1329
2017-06-29 12:50:06+02;1289
2017-06-29 13:11:06+02;1319
2017-06-29 13:43:05+02;1309
2017-06-29 14:31:07+02;1299
2017-06-29 14:46:06+02;1289
2017-06-29 16:55:06+02;1279
2017-06-29 17:35:06+02;1299
2017-06-29 17:55:06+02;1299
2017-06-29 18:41:07+02;1289
2017-06-29 19:41:06+02;1279
2017-06-29 23:01:06+02;1399
2017-06-30 05:47:06+02;1369
2017-06-30 06:43:05+02;1349
2017-06-30 08:02:05+02;1329
2017-06-30 08:38:06+02;1329
2017-06-30 08:59:06+02;1279
2017-06-30 10:23:07+02;1269
2017-06-30 12:23:08+02;1309
2017-06-30 12:56:06+02;1299
2017-06-30 14:10:07+02;1289
2017-06-30 14:28:05+02;1279
2017-06-30 16:28:06+02;1269
2017-06-30 17:35:06+02;1289
2017-06-30 17:56:06+02;1279
2017-06-30 19:14:07+02;1269
2017-06-30 23:01:07+02;1399
2017-07-01 05:44:06+02;1359
2017-07-01 06:56:06+02;1349
2017-07-01 07:23:06+02;1339
2017-07-01 08:20:09+02;1299
2017-07-01 08:40:06+02;1289
2017-07-01 09:44:06+02;1279
2017-07-01 12:23:05+02;1319
2017-07-01 12:52:06+02;1309
2017-07-01 14:11:06+02;1299
2017-07-01 14:25:06+02;1289
2017-07-01 14:44:05+02;1289
2017-07-01 14:56:06+02;1289
2017-07-01 15:14:05+02;1279
2017-07-01 15:20:06+02;1269
2017-07-01 17:32:05+02;1289
2017-07-01 18:04:06+02;1279
2017-07-01 19:26:05+02;1269
2017-07-01 19:40:06+02;1269
2017-07-01 23:01:06+02;1399
2017-07-02 14:23:05+02;1309
2017-07-02 15:36:06+02;1289
2017-07-02 17:23:05+02;1299
2017-07-02 20:18:06+02;1279
2017-07-03 01:03:06+02;1399
2017-07-03 05:44:06+02;1369
2017-07-03 06:39:06+02;1349
2017-07-03 08:33:06+02;1339
2017-07-03 09:44:06+02;1329
2017-07-03 10:05:06+02;1319
2017-07-03 10:53:08+02;1309
2017-07-03 11:59:06+02;1299
2017-07-03 12:24:07+02;1339
2017-07-03 12:51:06+02;1299
2017-07-03 13:08:06+02;1319
2017-07-03 13:33:06+02;1299
2017-07-03 16:42:06+02;1289
2017-07-03 17:33:06+02;1309
2017-07-03 17:57:06+02;1299
2017-07-03 18:53:06+02;1279
2017-07-03 19:08:06+02;1269
2017-07-03 19:39:06+02;1269
2017-07-03 20:11:06+02;1269
2017-07-03 23:02:05+02;1399
2017-07-04 05:48:06+02;1359
2017-07-04 06:35:06+02;1349
2017-07-04 07:24:05+02;1349
2017-07-04 07:51:06+02;1309
2017-07-04 10:44:06+02;1299
2017-07-04 11:14:06+02;1289
2017-07-04 12:23:06+02;1329
2017-07-04 12:51:06+02;1319
2017-07-04 13:29:05+02;1299
2017-07-04 14:27:07+02;1289
2017-07-04 14:50:07+02;1279
2017-07-04 15:57:05+02;1279
2017-07-04 16:41:06+02;1279
2017-07-04 17:33:06+02;1299
2017-07-04 18:14:06+02;1279
2017-07-04 20:20:06+02;1279
2017-07-04 23:03:06+02;1399
2017-07-05 05:42:08+02;1369
2017-07-05 06:32:06+02;1359
2017-07-05 06:57:06+02;1349
2017-07-05 07:17:05+02;1339
2017-07-05 07:51:06+02;1319
2017-07-05 09:41:06+02;1309
2017-07-05 10:24:06+02;1299
2017-07-05 10:54:06+02;1299
2017-07-05 11:27:06+02;1289
2017-07-05 11:36:06+02;1289
2017-07-05 12:06:06+02;1279
2017-07-05 12:23:06+02;1319
2017-07-05 12:51:06+02;1309
2017-07-05 13:24:06+02;1309
2017-07-05 14:02:06+02;1299
2017-07-05 15:05:06+02;1289
2017-07-05 16:12:06+02;1279
2017-07-05 16:24:06+02;1279
2017-07-05 17:36:06+02;1299
2017-07-05 18:18:22+02;1299
2017-07-05 18:30:07+02;1289
2017-07-05 19:36:06+02;1279
2017-07-05 23:03:05+02;1399
2017-07-06 05:42:05+02;1369
2017-07-06 06:41:06+02;1359
2017-07-06 08:00:06+02;1349
2017-07-06 08:51:06+02;1339
2017-07-06 09:17:06+02;1329
2017-07-06 09:56:06+02;1319
2017-07-06 10:27:06+02;1309
2017-07-06 11:14:06+02;1299
2017-07-06 12:24:06+02;1339
2017-07-06 12:51:06+02;1329
2017-07-06 13:27:06+02;1309
2017-07-06 14:42:06+02;1299
2017-07-06 15:56:06+02;1289
2017-07-06 16:44:07+02;1279
2017-07-06 17:36:06+02;1299
2017-07-06 18:12:06+02;1289
2017-07-06 19:26:06+02;1279
2017-07-06 23:03:06+02;1399
2017-07-07 05:47:06+02;1369
2017-07-07 06:30:06+02;1359
2017-07-07 06:48:06+02;1349
2017-07-07 07:36:06+02;1349
2017-07-07 07:48:07+02;1339
2017-07-07 08:14:06+02;1329
2017-07-07 08:56:09+02;1319
2017-07-07 09:44:06+02;1309
2017-07-07 10:12:05+02;1309
2017-07-07 10:30:07+02;1299
2017-07-07 11:17:06+02;1289
2017-07-07 12:24:06+02;1329
2017-07-07 12:53:06+02;1319
2017-07-07 14:23:06+02;1309
2017-07-07 14:32:06+02;1309
2017-07-07 15:12:07+02;1299
2017-07-07 16:20:06+02;1289
2017-07-07 16:42:06+02;1279
2017-07-07 17:36:06+02;1299
2017-07-07 18:12:06+02;1289
2017-07-07 19:27:06+02;1279
2017-07-07 19:44:06+02;1269
2017-07-07 23:03:05+02;1389
2017-07-08 05:42:06+02;1309
2017-07-08 06:17:05+02;1309
2017-07-08 07:42:07+02;1309
2017-07-08 08:14:06+02;1309
2017-07-08 09:00:08+02;1309
2017-07-08 10:06:06+02;1269
2017-07-08 10:42:06+02;1269
2017-07-08 12:06:06+02;1269
2017-07-08 12:54:06+02;1299
2017-07-08 13:51:06+02;1299
2017-07-08 14:00:06+02;1289
2017-07-08 15:12:06+02;1279
2017-07-08 15:42:06+02;1269
2017-07-08 16:36:06+02;1269
2017-07-08 16:44:06+02;1269
2017-07-08 17:36:06+02;1289
2017-07-08 17:54:05+02;1289
2017-07-08 18:12:05+02;1279
2017-07-08 19:24:06+02;1269
2017-07-08 19:56:06+02;1269
2017-07-08 21:32:06+02;1269
2017-07-08 23:03:06+02;1389
2017-07-09 05:42:06+02;1359
2017-07-09 06:44:05+02;1349
2017-07-09 08:18:06+02;1319
2017-07-09 09:12:05+02;1309
2017-07-09 10:06:06+02;1309
2017-07-09 10:41:06+02;1299
2017-07-09 11:42:05+02;1289
2017-07-09 12:24:06+02;1329
2017-07-09 12:51:05+02;1289
2017-07-09 13:12:06+02;1319
2017-07-09 13:48:06+02;1309
2017-07-09 14:08:09+02;1299
2017-07-09 14:42:06+02;1289
2017-07-09 15:44:05+02;1279
2017-07-09 16:24:06+02;1269
2017-07-09 17:36:05+02;1289
2017-07-09 18:12:05+02;1289
2017-07-09 19:23:06+02;1269
2017-07-09 19:51:05+02;1269
2017-07-09 21:06:06+02;1269
2017-07-09 23:03:05+02;1389
2017-07-10 05:39:05+02;1359
2017-07-10 06:38:06+02;1349
2017-07-10 08:14:06+02;1339
2017-07-10 09:45:06+02;1329
2017-07-10 09:53:06+02;1319
2017-07-10 10:21:05+02;1309
2017-07-10 11:02:06+02;1299
2017-07-10 11:35:06+02;1289
2017-07-10 12:23:06+02;1329
2017-07-10 13:02:06+02;1309
2017-07-10 13:56:06+02;1299
2017-07-10 15:14:06+02;1289
2017-07-10 16:21:06+02;1279
2017-07-10 16:44:06+02;1269
2017-07-10 17:33:06+02;1289
2017-07-10 19:30:08+02;1279
2017-07-10 20:24:06+02;1269
2017-07-10 21:23:06+02;1269
2017-07-10 23:03:06+02;1389
2017-07-11 05:44:05+02;1359
2017-07-11 06:23:15+02;1349
2017-07-11 06:35:18+02;1349
2017-07-11 07:29:06+02;1329
2017-07-11 07:51:05+02;1319
2017-07-11 08:06:06+02;1299
2017-07-11 08:15:07+02;1289
2017-07-11 11:05:07+02;1279
2017-07-11 12:23:06+02;1319
2017-07-11 12:51:06+02;1279
2017-07-11 13:08:06+02;1309
2017-07-11 14:12:06+02;1299
2017-07-11 14:44:06+02;1289
2017-07-11 14:59:05+02;1279
2017-07-11 15:30:07+02;1269
2017-07-11 17:38:06+02;1289
2017-07-11 18:02:06+02;1269
2017-07-11 20:48:06+02;1259
2017-07-11 23:03:05+02;1389
2017-07-12 05:36:06+02;1349
2017-07-12 06:44:06+02;1349
2017-07-12 07:23:05+02;1339
2017-07-12 08:14:06+02;1329
2017-07-12 09:23:05+02;1319
2017-07-12 09:44:08+02;1309
2017-07-12 10:29:06+02;1299
2017-07-12 11:02:06+02;1289
2017-07-12 12:02:06+02;1329
2017-07-12 12:54:06+02;1309
2017-07-12 14:23:06+02;1299
2017-07-12 14:41:07+02;1289
2017-07-12 16:05:06+02;1279
2017-07-12 16:56:21+02;1269
2017-07-12 17:42:06+02;1289
2017-07-12 18:12:07+02;1279
2017-07-12 19:23:09+02;1269
2017-07-12 20:21:06+02;1269
2017-07-13 05:39:05+02;1359
2017-07-13 06:05:06+02;1359
2017-07-13 06:42:06+02;1339
2017-07-13 07:24:06+02;1329
2017-07-13 08:20:06+02;1309
2017-07-13 09:14:06+02;1299
2017-07-13 10:29:06+02;1289
2017-07-13 10:51:06+02;1289
2017-07-13 11:11:06+02;1279
2017-07-13 12:23:05+02;1319
2017-07-13 13:02:06+02;1309
2017-07-13 13:42:06+02;1299
2017-07-13 14:06:06+02;1289
2017-07-13 14:56:06+02;1279
2017-07-13 15:32:09+02;1279
2017-07-13 16:44:06+02;1269
2017-07-13 17:36:06+02;1289
2017-07-13 18:18:06+02;1279
2017-07-13 19:56:06+02;1269
2017-07-13 23:03:05+02;1399
2017-07-14 05:32:08+02;1349
2017-07-14 07:32:05+02;1339
2017-07-14 08:12:06+02;1329
2017-07-14 09:02:05+02;1319
2017-07-14 09:35:06+02;1309
2017-07-14 10:29:05+02;1299
2017-07-14 11:32:06+02;1289
2017-07-14 12:24:06+02;1329
2017-07-14 12:53:07+02;1279
2017-07-14 17:33:11+02;1299
2017-07-14 17:57:19+02;1289
2017-07-14 18:30:07+02;1269
2017-07-14 18:54:06+02;1259
2017-07-14 19:44:05+02;1259
2017-07-14 23:02:05+02;1399
2017-07-15 05:33:05+02;1359
2017-07-15 05:56:06+02;1349
2017-07-15 07:33:06+02;1339
2017-07-15 08:51:06+02;1309
2017-07-15 09:05:07+02;1299
2017-07-15 09:45:06+02;1279
2017-07-15 10:02:06+02;1269
2017-07-15 11:00:06+02;1259
2017-07-15 11:29:05+02;1259
2017-07-15 12:24:06+02;1299
2017-07-15 13:00:06+02;1289
2017-07-15 14:09:06+02;1279
2017-07-15 14:29:05+02;1269
2017-07-15 14:44:06+02;1259
2017-07-15 15:12:06+02;1259
2017-07-15 16:21:06+02;1259
2017-07-15 17:33:05+02;1279
2017-07-15 18:29:05+02;1279
2017-07-15 18:39:06+02;1269
2017-07-15 19:21:05+02;1259
2017-07-15 23:03:05+02;1399
2017-07-16 05:39:05+02;1349
2017-07-16 06:57:05+02;1349
2017-07-16 08:41:06+02;1339
2017-07-16 09:11:06+02;1329
2017-07-16 10:03:06+02;1299
2017-07-16 10:15:06+02;1269
2017-07-16 10:33:08+02;1259
2017-07-16 12:24:06+02;1299
2017-07-16 12:51:06+02;1259
2017-07-16 13:15:06+02;1289
2017-07-16 16:42:06+02;1289
2017-07-16 17:35:06+02;1309
2017-07-16 18:11:05+02;1299
2017-07-16 19:02:06+02;1299
2017-07-16 19:21:06+02;1289
2017-07-16 20:02:06+02;1279
2017-07-16 20:51:06+02;1269
2017-07-16 23:03:06+02;1399
2017-07-17 05:39:05+02;1359
2017-07-17 06:30:07+02;1349
2017-07-17 07:06:06+02;1349
2017-07-17 07:30:07+02;1339
2017-07-17 08:47:06+02;1329
2017-07-17 09:03:06+02;1329
2017-07-17 09:11:06+02;1319
2017-07-17 10:44:06+02;1309
2017-07-17 11:21:06+02;1299
2017-07-17 12:23:06+02;1339
2017-07-17 12:57:05+02;1319
2017-07-17 14:08:06+02;1309
2017-07-17 14:44:06+02;1299
2017-07-17 15:50:06+02;1289
2017-07-17 16:47:06+02;1279
2017-07-17 17:33:06+02;1299
2017-07-17 17:57:06+02;1289
2017-07-17 19:41:06+02;1259
2017-07-17 23:03:05+02;1399
2017-07-18 05:39:05+02;1349
2017-07-18 07:45:06+02;1339
2017-07-18 08:05:06+02;1329
2017-07-18 08:44:06+02;1319
2017-07-18 09:26:06+02;1309
2017-07-18 10:15:06+02;1299
2017-07-18 10:44:06+02;1289
2017-07-18 12:23:07+02;1329
2017-07-18 13:03:06+02;1309
2017-07-18 14:27:16+02;1299
2017-07-18 14:47:24+02;1289
2017-07-18 15:51:21+02;1279
2017-07-18 16:35:06+02;1269
2017-07-18 17:35:06+02;1289
2017-07-18 18:08:06+02;1289
2017-07-18 19:11:07+02;1289
2017-07-18 19:30:07+02;1269
2017-07-18 20:20:06+02;1269
2017-07-18 20:51:06+02;1269
2017-07-18 23:02:06+02;1399
2017-07-19 05:36:06+02;1359
2017-07-19 05:54:06+02;1349
2017-07-19 07:05:06+02;1349
2017-07-19 08:23:05+02;1339
2017-07-19 08:50:06+02;1329
2017-07-19 09:44:06+02;1319
2017-07-19 10:41:06+02;1309
2017-07-19 11:21:06+02;1299
2017-07-19 12:23:05+02;1339
2017-07-19 12:53:06+02;1319
2017-07-19 14:11:06+02;1309
2017-07-19 15:03:05+02;1299
2017-07-19 16:11:06+02;1289
2017-07-19 16:42:05+02;1279
2017-07-19 17:33:06+02;1299
2017-07-19 18:21:06+02;1289
2017-07-19 18:32:06+02;1289
2017-07-19 19:35:06+02;1279
2017-07-19 20:50:06+02;1269
2017-07-19 21:21:06+02;1259
2017-07-19 23:03:06+02;1399
2017-07-20 05:35:06+02;1349
2017-07-20 06:44:09+02;1349
2017-07-20 07:47:05+02;1339
2017-07-20 08:15:06+02;1329
2017-07-20 08:54:06+02;1319
2017-07-20 09:12:06+02;1319
2017-07-20 09:32:05+02;1309
2017-07-20 09:50:06+02;1309
2017-07-20 10:36:06+02;1299
2017-07-20 10:42:06+02;1299
2017-07-20 11:14:06+02;1289
2017-07-20 12:06:06+02;1279
2017-07-20 12:24:06+02;1319
2017-07-20 12:54:06+02;1309
2017-07-20 13:56:07+02;1309
2017-07-20 14:21:06+02;1299
2017-07-20 14:42:06+02;1289
2017-07-20 15:51:06+02;1279
2017-07-20 16:23:06+02;1279
2017-07-20 17:33:06+02;1299
2017-07-20 18:06:06+02;1279
2017-07-20 18:30:07+02;1279
2017-07-20 19:15:06+02;1269
2017-07-20 20:42:06+02;1259
2017-07-20 23:03:06+02;1399
2017-07-21 05:38:05+02;1349
2017-07-21 06:05:06+02;1349
2017-07-21 07:45:06+02;1339
2017-07-21 08:02:06+02;1329
2017-07-21 08:50:06+02;1319
2017-07-21 09:26:06+02;1309
2017-07-21 10:23:06+02;1299
2017-07-21 11:02:06+02;1289
2017-07-21 11:44:05+02;1279
2017-07-21 12:21:06+02;1319
2017-07-21 13:02:06+02;1309
2017-07-21 15:05:05+02;1299
2017-07-21 15:30:07+02;1289
2017-07-21 16:15:06+02;1279
2017-07-21 16:59:06+02;1269
2017-07-21 17:30:08+02;1289
2017-07-21 19:41:06+02;1279
2017-07-21 20:42:06+02;1269
2017-07-21 21:02:06+02;1259
2017-07-21 23:02:06+02;1409
2017-07-22 02:20:07+02;1409
2017-07-22 05:32:06+02;1349
2017-07-22 07:59:06+02;1339
2017-07-22 08:12:06+02;1329
2017-07-22 08:50:06+02;1319
2017-07-22 09:42:06+02;1309
2017-07-22 10:11:05+02;1299
2017-07-22 10:51:05+02;1289
2017-07-22 11:09:05+02;1289
2017-07-22 11:54:06+02;1279
2017-07-22 12:24:06+02;1319
2017-07-22 12:54:06+02;1309
2017-07-22 14:21:06+02;1289
2017-07-22 14:42:06+02;1289
2017-07-22 14:50:06+02;1279
2017-07-22 15:26:06+02;1279
2017-07-22 16:14:06+02;1269
2017-07-22 17:33:05+02;1289
2017-07-22 18:08:06+02;1269
2017-07-22 23:02:06+02;1409
2017-07-23 05:44:06+02;1359
2017-07-23 06:48:05+02;1359
2017-07-23 07:53:05+02;1319
2017-07-23 08:50:06+02;1299
2017-07-23 10:05:06+02;1299
2017-07-23 11:30:07+02;1289
2017-07-23 12:24:06+02;1329
2017-07-23 13:12:06+02;1289
2017-07-23 16:41:06+02;1289
2017-07-23 17:36:06+02;1309
2017-07-23 18:33:05+02;1299
2017-07-23 19:05:08+02;1289
2017-07-23 20:20:16+02;1279
2017-07-23 20:51:18+02;1269
2017-07-23 21:11:05+02;1269
2017-07-23 23:02:06+02;1409
2017-07-24 05:35:06+02;1359
2017-07-24 06:05:06+02;1359
2017-07-24 06:32:06+02;1359
2017-07-24 06:44:06+02;1349
2017-07-24 08:26:06+02;1349
2017-07-24 08:53:06+02;1339
2017-07-24 09:35:06+02;1339
2017-07-24 09:44:06+02;1329
2017-07-24 10:14:06+02;1329
2017-07-24 10:23:06+02;1319
2017-07-24 11:11:06+02;1309
2017-07-24 12:23:06+02;1349
2017-07-24 13:11:06+02;1319
2017-07-24 14:50:07+02;1309
2017-07-24 15:23:06+02;1309
2017-07-24 16:14:06+02;1299
2017-07-24 16:26:06+02;1289
2017-07-24 17:35:07+02;1299
2017-07-24 19:32:06+02;1289
2017-07-24 20:11:06+02;1279
2017-07-24 21:05:07+02;1269
2017-07-24 21:14:06+02;1269
2017-07-24 23:02:06+02;1399
2017-07-25 05:35:06+02;1359
2017-07-25 07:02:06+02;1349
2017-07-25 08:50:06+02;1339
2017-07-25 09:59:05+02;1329
2017-07-25 10:23:06+02;1319
2017-07-25 11:11:11+02;1309
2017-07-25 11:54:17+02;1299
2017-07-25 12:23:15+02;1339
2017-07-25 13:05:06+02;1309
2017-07-25 15:56:08+02;1299
2017-07-25 16:20:07+02;1279
2017-07-25 16:29:06+02;1279
2017-07-25 17:32:06+02;1299
2017-07-25 18:17:06+02;1299
2017-07-25 18:38:06+02;1289
2017-07-25 19:02:09+02;1279
2017-07-25 19:26:07+02;1279
2017-07-25 20:23:06+02;1269
2017-07-25 21:11:06+02;1259
2017-07-25 23:02:06+02;1399
2017-07-26 05:38:06+02;1359
2017-07-26 05:59:05+02;1349
2017-07-26 06:41:06+02;1339
2017-07-26 07:44:06+02;1319
2017-07-26 08:23:06+02;1309
2017-07-26 09:05:06+02;1299
2017-07-26 09:47:06+02;1299
2017-07-26 10:08:07+02;1289
2017-07-26 10:44:06+02;1279
2017-07-26 11:26:07+02;1269
2017-07-26 12:23:06+02;1309
2017-07-26 12:53:05+02;1299
2017-07-26 14:38:06+02;1289
2017-07-26 14:44:06+02;1289
2017-07-26 15:02:07+02;1279
2017-07-26 16:26:06+02;1269
2017-07-26 16:38:07+02;1269
2017-07-26 17:38:06+02;1289
2017-07-26 18:05:07+02;1279
2017-07-26 19:50:06+02;1269
2017-07-26 21:05:06+02;1259
2017-07-26 23:02:06+02;1399
2017-07-27 05:41:05+02;1359
2017-07-27 06:26:05+02;1349
2017-07-27 08:14:06+02;1339
2017-07-27 09:14:06+02;1329
2017-07-27 09:32:06+02;1319
2017-07-27 10:02:06+02;1309
2017-07-27 10:41:07+02;1299
2017-07-27 11:56:06+02;1289
2017-07-27 12:23:06+02;1329
2017-07-27 13:05:23+02;1309
2017-07-27 14:26:06+02;1299
2017-07-27 14:53:06+02;1289
2017-07-27 16:41:06+02;1279
2017-07-27 17:35:24+02;1299
2017-07-27 17:59:11+02;1289
2017-07-27 19:02:06+02;1279
2017-07-27 20:20:06+02;1269
2017-07-27 23:02:06+02;1409
2017-07-28 05:41:06+02;1359
2017-07-28 06:38:06+02;1349
2017-07-28 08:23:05+02;1339
2017-07-28 08:56:06+02;1329
2017-07-28 09:29:06+02;1319
2017-07-28 10:14:07+02;1309
2017-07-28 11:44:08+02;1309
2017-07-28 12:01:12+02;1309
2017-07-28 12:23:05+02;1349
2017-07-28 12:53:05+02;1299
2017-07-28 13:11:05+02;1319
2017-07-28 15:08:05+02;1309
2017-07-28 15:44:06+02;1309
2017-07-28 16:23:05+02;1299
2017-07-28 16:35:06+02;1289
2017-07-28 17:35:06+02;1309
2017-07-28 18:26:12+02;1299
2017-07-28 18:32:06+02;1289
2017-07-28 19:05:06+02;1289
2017-07-28 20:11:05+02;1279
2017-07-28 20:20:06+02;1279
2017-07-28 21:20:05+02;1269
2017-07-28 23:02:05+02;1409
2017-07-29 05:35:05+02;1359
2017-07-29 06:38:05+02;1349
2017-07-29 06:50:05+02;1349
2017-07-29 07:20:06+02;1339
2017-07-29 08:14:05+02;1329
2017-07-29 09:11:05+02;1319
2017-07-29 09:26:05+02;1309
2017-07-29 10:02:05+02;1299
2017-07-29 10:29:05+02;1299
2017-07-29 11:41:05+02;1289
2017-07-29 12:23:05+02;1329
2017-07-29 12:53:05+02;1319
2017-07-29 13:50:06+02;1299
2017-07-29 14:41:06+02;1289
2017-07-29 15:41:09+02;1279
2017-07-29 16:02:05+02;1269
2017-07-29 16:53:05+02;1269
2017-07-29 17:29:06+02;1289
2017-07-29 18:02:05+02;1269
2017-07-29 23:02:05+02;1409
2017-07-30 05:35:05+02;1359
2017-07-30 07:41:06+02;1349
2017-07-30 08:50:20+02;1339
2017-07-30 09:08:19+02;1329
2017-07-30 09:27:06+02;1309
2017-07-30 09:44:06+02;1299
2017-07-30 10:14:05+02;1289
2017-07-30 11:02:05+02;1289
2017-07-30 12:23:05+02;1329
2017-07-30 13:02:05+02;1319
2017-07-30 14:47:06+02;1309
2017-07-30 15:50:05+02;1299
2017-07-30 16:23:05+02;1289
2017-07-30 17:38:06+02;1309
2017-07-30 18:08:06+02;1289
2017-07-30 19:20:06+02;1289
2017-07-30 19:50:06+02;1269
2017-07-30 20:53:05+02;1269
2017-07-30 23:02:05+02;1409
2017-07-31 05:38:05+02;1359
2017-07-31 06:47:05+02;1349
2017-07-31 07:23:05+02;1329
2017-07-31 07:44:05+02;1319
2017-07-31 09:35:06+02;1309
2017-07-31 09:59:05+02;1299
2017-07-31 12:23:06+02;1369
2017-07-31 13:05:07+02;1319
2017-07-31 14:26:06+02;1309
2017-07-31 15:10:06+02;1309
2017-07-31 15:17:06+02;1299
2017-07-31 16:44:06+02;1289
2017-07-31 17:50:06+02;1309
2017-07-31 18:14:06+02;1299
2017-07-31 19:56:06+02;1289
2017-07-31 21:11:06+02;1269
2017-07-31 23:02:06+02;1409
2017-08-01 05:35:06+02;1369
2017-08-01 05:59:06+02;1359
2017-08-01 06:41:06+02;1359
2017-08-01 08:14:06+02;1349
2017-08-01 08:50:06+02;1339
2017-08-01 09:14:06+02;1329
2017-08-01 09:50:07+02;1329
2017-08-01 10:05:06+02;1319
2017-08-01 11:02:06+02;1309
2017-08-01 12:23:05+02;1349
2017-08-01 13:05:06+02;1329
2017-08-01 14:14:06+02;1309
2017-08-01 14:50:07+02;1299
2017-08-01 15:11:06+02;1279
2017-08-01 15:41:07+02;1279
2017-08-01 17:35:06+02;1299
2017-08-01 19:23:06+02;1289
2017-08-01 20:44:06+02;1279
2017-08-01 23:02:05+02;1399
2017-08-02 05:50:05+02;1369
2017-08-02 06:02:05+02;1369
2017-08-02 06:56:05+02;1359
2017-08-02 08:14:06+02;1339
2017-08-02 09:11:06+02;1329
2017-08-02 09:41:06+02;1319
2017-08-02 10:11:06+02;1319
2017-08-02 10:50:05+02;1309
2017-08-02 11:56:05+02;1299
2017-08-02 12:23:05+02;1339
2017-08-02 13:02:06+02;1329
2017-08-02 14:26:06+02;1309
2017-08-02 15:14:05+02;1299
2017-08-02 17:38:06+02;1319
2017-08-02 17:56:06+02;1309
2017-08-02 19:11:06+02;1299
2017-08-02 20:20:06+02;1289
2017-08-02 20:47:06+02;1279
2017-08-02 23:02:06+02;1409
2017-08-03 05:47:05+02;1369
2017-08-03 06:41:06+02;1359
2017-08-03 08:53:05+02;1349
2017-08-03 09:11:06+02;1339
2017-08-03 09:59:06+02;1329
2017-08-03 10:41:05+02;1319
2017-08-03 11:32:06+02;1309
2017-08-03 12:23:06+02;1349
2017-08-03 13:02:06+02;1329
2017-08-03 13:11:05+02;1329
2017-08-03 13:50:06+02;1319
2017-08-03 14:47:06+02;1309
2017-08-03 16:50:15+02;1299
2017-08-03 17:38:07+02;1319
2017-08-03 17:53:06+02;1309
2017-08-03 20:53:06+02;1299
2017-08-03 23:02:06+02;1409
2017-08-04 05:50:06+02;1389
2017-08-04 06:02:06+02;1379
2017-08-04 06:41:06+02;1369
2017-08-04 08:02:05+02;1359
2017-08-04 08:59:06+02;1349
2017-08-04 09:14:05+02;1339
2017-08-04 10:14:06+02;1329
2017-08-04 10:56:06+02;1319
2017-08-04 11:59:27+02;1309
2017-08-04 12:23:06+02;1349
2017-08-04 12:59:05+02;1339
2017-08-04 14:23:05+02;1329
2017-08-04 15:11:06+02;1319
2017-08-04 16:05:07+02;1309
2017-08-04 16:44:06+02;1299
2017-08-04 17:35:06+02;1319
2017-08-04 18:14:06+02;1299
2017-08-04 19:26:05+02;1289
2017-08-04 20:50:06+02;1279
2017-08-04 21:05:06+02;1269
2017-08-04 23:02:06+02;1399
2017-08-05 05:44:06+02;1369
2017-08-05 06:38:05+02;1359
2017-08-05 08:50:21+02;1349
2017-08-05 09:41:23+02;1339
2017-08-05 10:11:23+02;1329
2017-08-05 10:41:10+02;1319
2017-08-05 11:32:05+02;1309
2017-08-05 12:23:06+02;1349
2017-08-05 12:53:12+02;1339
2017-08-05 14:11:05+02;1329
2017-08-05 14:23:05+02;1319
2017-08-05 14:44:06+02;1309
2017-08-05 16:11:05+02;1299
2017-08-05 16:35:06+02;1289
2017-08-05 17:35:06+02;1309
2017-08-05 17:56:05+02;1299
2017-08-05 19:11:06+02;1289
2017-08-05 20:26:06+02;1279
2017-08-05 20:59:05+02;1269
2017-08-05 23:02:06+02;1399
2017-08-06 05:44:06+02;1369
2017-08-06 06:44:05+02;1359
2017-08-06 08:05:06+02;1359
2017-08-06 08:20:06+02;1349
2017-08-06 09:11:06+02;1339
2017-08-06 10:05:06+02;1329
2017-08-06 10:23:05+02;1329
2017-08-06 10:44:05+02;1319
2017-08-06 11:38:05+02;1319
2017-08-06 12:23:05+02;1359
2017-08-06 13:05:06+02;1339
2017-08-06 14:08:05+02;1329
2017-08-06 14:47:05+02;1319
2017-08-06 15:14:05+02;1319
2017-08-06 16:05:06+02;1309
2017-08-06 16:50:06+02;1299
2017-08-06 17:35:06+02;1319
2017-08-06 18:29:05+02;1309
2017-08-06 19:35:06+02;1299
2017-08-06 20:20:06+02;1289
2017-08-06 20:50:06+02;1279
2017-08-06 23:02:05+02;1399
2017-08-07 05:44:05+02;1319
2017-08-07 06:41:05+02;1309
2017-08-07 08:26:05+02;1309
2017-08-07 08:35:20+02;1299
2017-08-07 09:23:06+02;1289
2017-08-07 10:05:06+02;1289
2017-08-07 10:29:06+02;1289
2017-08-07 11:20:06+02;1289
2017-08-07 12:23:06+02;1329
2017-08-07 13:08:05+02;1319
2017-08-07 13:29:12+02;1309
2017-08-07 15:14:05+02;1299
2017-08-07 16:11:06+02;1299
2017-08-07 16:50:09+02;1289
2017-08-07 17:38:05+02;1309
2017-08-07 18:02:06+02;1299
2017-08-07 20:05:06+02;1289
2017-08-07 20:50:06+02;1279
2017-08-07 21:14:05+02;1269
2017-08-07 23:02:06+02;1409
2017-08-08 05:45:06+02;1369
2017-08-08 06:44:05+02;1359
2017-08-08 09:14:06+02;1349
2017-08-08 10:05:06+02;1339
2017-08-08 10:44:06+02;1329
2017-08-08 12:23:05+02;1369
2017-08-08 12:53:06+02;1359
2017-08-08 13:26:09+02;1349
2017-08-08 14:20:18+02;1339
2017-08-08 14:44:18+02;1329
2017-08-08 15:59:06+02;1319
2017-08-08 16:32:16+02;1309
2017-08-08 17:38:05+02;1329
2017-08-08 18:20:06+02;1319
2017-08-08 18:32:05+02;1309
2017-08-08 19:30:08+02;1299
2017-08-08 20:50:06+02;1289
2017-08-08 21:11:06+02;1279
2017-08-08 23:02:06+02;1409
2017-08-09 05:44:06+02;1369
2017-08-09 06:41:05+02;1359
2017-08-09 09:44:06+02;1349
2017-08-09 10:23:06+02;1339
2017-08-09 11:02:06+02;1329
2017-08-09 11:51:05+02;1319
2017-08-09 12:23:05+02;1359
2017-08-09 12:56:05+02;1349
2017-08-09 13:23:06+02;1339
2017-08-09 13:51:06+02;1329
2017-08-09 15:05:06+02;1319
2017-08-09 15:15:06+02;1309
2017-08-09 16:44:06+02;1299
2017-08-09 17:35:06+02;1319
2017-08-09 18:32:05+02;1309
2017-08-09 19:41:05+02;1299
2017-08-09 20:44:05+02;1289
2017-08-09 20:57:06+02;1279
2017-08-09 23:02:05+02;1409
2017-08-10 05:50:20+02;1369
2017-08-10 06:39:05+02;1359
2017-08-10 08:56:06+02;1349
2017-08-10 09:59:05+02;1339
2017-08-10 10:41:06+02;1329
2017-08-10 11:42:07+02;1319
2017-08-10 12:23:05+02;1359
2017-08-10 12:59:05+02;1349
2017-08-10 13:26:05+02;1339
2017-08-10 14:15:06+02;1329
2017-08-10 14:44:05+02;1319
2017-08-10 16:02:05+02;1309
2017-08-10 16:41:06+02;1299
2017-08-10 17:38:06+02;1319
2017-08-10 18:35:06+02;1309
2017-08-10 19:35:06+02;1299
2017-08-10 20:50:06+02;1289
2017-08-10 23:03:05+02;1409
2017-08-11 05:48:05+02;1379
2017-08-11 06:26:05+02;1369
2017-08-11 06:45:06+02;1369
2017-08-11 08:14:06+02;1359
2017-08-11 09:06:06+02;1349
2017-08-11 09:18:06+02;1339
2017-08-11 10:23:05+02;1329
2017-08-11 10:42:06+02;1319
2017-08-11 11:42:06+02;1309
2017-08-11 12:23:05+02;1349
2017-08-11 12:50:06+02;1299
2017-08-11 13:08:06+02;1329
2017-08-11 13:41:06+02;1299
2017-08-11 17:32:06+02;1319
2017-08-11 18:42:06+02;1309
2017-08-11 19:20:06+02;1299
2017-08-11 21:20:06+02;1289
2017-08-11 23:03:06+02;1409
2017-08-12 05:45:06+02;1379
2017-08-12 06:36:06+02;1319
2017-08-12 09:11:06+02;1309
2017-08-12 10:51:05+02;1299
2017-08-12 12:23:05+02;1339
2017-08-12 12:53:05+02;1329
2017-08-12 14:23:05+02;1319
2017-08-12 14:44:06+02;1309
2017-08-12 16:45:06+02;1299
2017-08-12 17:38:05+02;1319
2017-08-12 17:51:05+02;1299
2017-08-12 21:20:06+02;1289
2017-08-12 23:03:06+02;1409
2017-08-13 11:24:06+02;1409
2017-08-13 11:27:06+02;1299
2017-08-14 01:02:06+02;1409
2017-08-14 05:48:05+02;1379
2017-08-14 06:26:05+02;1319
2017-08-14 09:48:05+02;1309
2017-08-14 11:12:06+02;1299
2017-08-14 12:24:08+02;1339
2017-08-14 13:05:06+02;1329
2017-08-14 14:32:06+02;1329
2017-08-14 15:12:06+02;1319
2017-08-14 16:32:05+02;1289
2017-08-14 17:38:06+02;1309
2017-08-14 18:23:05+02;1299
2017-08-14 19:20:06+02;1289
2017-08-14 19:30:07+02;1289
2017-08-14 23:02:06+02;1409
2017-08-15 05:47:06+02;1379
2017-08-15 06:05:06+02;1339
2017-08-15 09:11:07+02;1329
2017-08-15 10:27:06+02;1319
2017-08-15 11:06:06+02;1309
2017-08-15 11:35:06+02;1309
2017-08-15 12:23:05+02;1349
2017-08-15 13:05:06+02;1339
2017-08-15 13:30:07+02;1329
2017-08-15 14:11:05+02;1309
2017-08-15 14:32:05+02;1299
2017-08-15 15:11:06+02;1289
2017-08-15 15:30:07+02;1279
2017-08-15 17:35:06+02;1299
2017-08-15 23:03:06+02;1409
2017-08-16 05:50:06+02;1389
2017-08-16 06:35:05+02;1389
2017-08-16 07:00:06+02;1389
2017-08-16 07:42:06+02;1369
2017-08-16 08:32:05+02;1369
2017-08-16 09:15:06+02;1369
2017-08-16 10:05:06+02;1359
2017-08-16 10:29:06+02;1349
2017-08-16 10:51:06+02;1349
2017-08-16 11:05:06+02;1349
2017-08-16 12:24:06+02;1389
2017-08-16 13:02:06+02;1379
2017-08-16 13:53:05+02;1369
2017-08-16 14:12:06+02;1359
2017-08-16 14:57:06+02;1359
2017-08-16 15:26:05+02;1349
2017-08-16 15:42:06+02;1339
2017-08-16 16:32:06+02;1329
2017-08-16 16:41:06+02;1329
2017-08-16 17:21:06+02;1319
2017-08-16 17:57:06+02;1339
2017-08-16 18:42:06+02;1339
2017-08-16 19:12:06+02;1329
2017-08-16 19:26:06+02;1319
2017-08-16 20:24:06+02;1309
2017-08-16 21:14:05+02;1299
2017-08-16 23:02:06+02;1409
2017-08-17 04:44:05+02;1389
2017-08-17 06:25:06+02;1389
2017-08-17 06:36:06+02;1379
2017-08-17 06:46:24+02;1379
2017-08-17 07:14:06+02;1379
2017-08-17 07:53:05+02;1369
2017-08-17 08:15:06+02;1369
2017-08-17 09:17:05+02;1369
2017-08-17 09:42:06+02;1369
2017-08-17 10:00:06+02;1349
2017-08-17 11:29:21+02;1339
2017-08-17 12:24:06+02;1379
2017-08-17 13:00:16+02;1369
2017-08-17 13:51:06+02;1359
2017-08-17 14:11:05+02;1359
2017-08-17 14:27:06+02;1359
2017-08-17 14:53:18+02;1349
2017-08-17 15:51:08+02;1339
2017-08-17 16:29:09+02;1329
2017-08-17 16:41:09+02;1319
2017-08-17 16:51:08+02;1309
2017-08-17 17:39:09+02;1329
2017-08-17 18:57:08+02;1319
2017-08-17 19:11:08+02;1319
2017-08-17 19:29:07+02;1319
2017-08-17 19:53:08+02;1309
2017-08-17 20:44:07+02;1299
2017-08-17 21:23:08+02;1289
2017-08-17 23:02:08+02;1399
2017-08-18 04:47:07+02;1379
2017-08-18 06:29:06+02;1379
2017-08-18 06:47:07+02;1379
2017-08-18 07:32:07+02;1379
2017-08-18 07:56:12+02;1369
2017-08-18 09:06:10+02;1369
2017-08-18 09:17:08+02;1369
2017-08-18 10:02:12+02;1349
2017-08-18 10:05:10+02;1349
2017-08-18 11:02:09+02;1349
2017-08-18 12:06:10+02;1349
2017-08-18 12:21:09+02;1389
2017-08-18 13:14:10+02;1379
2017-08-18 13:48:12+02;1369
2017-08-18 14:20:13+02;1369
2017-08-18 14:32:11+02;1359
2017-08-18 15:24:10+02;1349
2017-08-18 15:30:20+02;1339
2017-08-18 16:45:12+02;1329
2017-08-18 17:38:10+02;1349
2017-08-18 17:56:10+02;1339
2017-08-18 18:06:12+02;1339
2017-08-18 19:02:09+02;1329
2017-08-18 19:21:11+02;1319
2017-08-18 20:26:09+02;1309
2017-08-18 21:23:07+02;1299
2017-08-18 23:02:09+02;1409
2017-08-19 04:48:08+02;1389
2017-08-19 05:18:07+02;1379
2017-08-19 08:24:08+02;1379
2017-08-19 08:44:10+02;1369
2017-08-19 09:44:08+02;1359
2017-08-19 11:26:07+02;1349
2017-08-19 12:21:09+02;1389
2017-08-19 12:54:10+02;1349
2017-08-19 13:12:10+02;1369
2017-08-19 14:08:09+02;1369
2017-08-19 15:06:09+02;1369
2017-08-19 15:32:08+02;1359
2017-08-19 16:26:08+02;1349
2017-08-19 17:38:08+02;1359
2017-08-19 17:54:09+02;1349
2017-08-19 18:59:08+02;1349
2017-08-19 19:24:10+02;1349
2017-08-19 19:45:14+02;1329
2017-08-19 21:02:10+02;1319
2017-08-19 23:02:09+02;1409
2017-08-20 04:54:09+02;1399
2017-08-20 05:42:09+02;1379
2017-08-20 08:57:09+02;1359
2017-08-20 09:30:17+02;1359
2017-08-20 10:45:13+02;1359
2017-08-20 12:23:11+02;1399
2017-08-20 12:56:10+02;1359
2017-08-20 13:12:09+02;1369
2017-08-20 13:24:09+02;1359
2017-08-20 15:00:15+02;1349
2017-08-20 16:44:09+02;1339
2017-08-20 17:48:11+02;1359
2017-08-20 18:08:09+02;1339
2017-08-20 20:26:30+02;1329
2017-08-20 21:58:09+02;1309
2017-08-20 23:02:09+02;1409
2017-08-21 04:48:08+02;1399
2017-08-21 05:42:08+02;1389
2017-08-21 06:44:07+02;1379
2017-08-21 07:08:08+02;1379
2017-08-21 07:17:10+02;1369
2017-08-21 07:38:12+02;1359
2017-08-21 08:20:09+02;1349
2017-08-21 08:57:16+02;1349
2017-08-21 09:23:16+02;1339
2017-08-21 09:41:48+02;1339
2017-08-21 10:21:13+02;1329
2017-08-21 10:43:20+02;1329
2017-08-21 11:26:10+02;1319
2017-08-21 12:24:11+02;1359
2017-08-21 13:12:14+02;1319
2017-08-21 13:26:14+02;1349
2017-08-21 13:42:14+02;1319
2017-08-21 15:06:13+02;1309
2017-08-21 15:20:10+02;1299
2017-08-21 16:44:12+02;1289
2017-08-21 17:45:17+02;1309
2017-08-21 18:14:12+02;1289
2017-08-21 23:03:08+02;1409
2017-08-22 04:48:08+02;1379
2017-08-22 06:47:07+02;1379
2017-08-22 07:08:08+02;1379
2017-08-22 07:36:08+02;1369
2017-08-22 07:48:07+02;1369
2017-08-22 08:51:08+02;1359
2017-08-22 09:29:10+02;1359
2017-08-22 09:45:10+02;1349
2017-08-22 10:27:13+02;1339
2017-08-22 11:20:13+02;1339
2017-08-22 11:45:13+02;1329
2017-08-22 12:23:10+02;1369
2017-08-22 13:08:15+02;1359
2017-08-22 14:09:17+02;1349
2017-08-22 14:27:12+02;1339
2017-08-22 14:51:24+02;1339
2017-08-22 15:00:15+02;1329
2017-08-22 15:23:10+02;1319
2017-08-22 16:05:12+02;1309
2017-08-22 17:02:10+02;1309
2017-08-22 17:36:12+02;1329
2017-08-22 18:08:09+02;1309
2017-08-22 19:02:11+02;1299
2017-08-22 19:27:08+02;1289
2017-08-22 20:27:08+02;1279
2017-08-22 23:03:07+02;1399
2017-08-23 04:48:08+02;1369
2017-08-23 06:44:07+02;1369
2017-08-23 06:59:07+02;1369
2017-08-23 07:20:09+02;1369
2017-08-23 08:20:08+02;1369
2017-08-23 09:26:11+02;1359
2017-08-23 09:32:12+02;1359
2017-08-23 09:57:09+02;1349
2017-08-23 10:36:11+02;1349
2017-08-23 11:26:15+02;1339
2017-08-23 11:33:18+02;1339
2017-08-23 12:23:11+02;1379
2017-08-23 13:08:11+02;1369
2017-08-23 13:49:16+02;1359
2017-08-23 14:05:17+02;1359
2017-08-23 14:41:13+02;1359
2017-08-23 15:15:18+02;1349
2017-08-23 15:41:10+02;1349
2017-08-23 16:05:15+02;1339
2017-08-23 17:39:10+02;1359
2017-08-23 17:53:09+02;1349
2017-08-23 18:05:10+02;1349
2017-08-23 18:44:08+02;1339
2017-08-23 19:05:38+02;1339
2017-08-23 19:20:10+02;1329
2017-08-23 20:11:07+02;1319
2017-08-23 21:00:15+02;1309
2017-08-23 23:02:08+02;1399
2017-08-24 03:33:06+02;1399
2017-08-24 04:44:05+02;1389
2017-08-24 06:42:06+02;1389
2017-08-24 06:54:05+02;1389
2017-08-24 07:12:05+02;1389
2017-08-24 07:29:05+02;1389
2017-08-24 08:14:05+02;1389
2017-08-24 08:56:06+02;1369
2017-08-24 09:26:05+02;1369
2017-08-24 09:56:05+02;1359
2017-08-24 10:14:05+02;1359
2017-08-24 11:27:06+02;1349
2017-08-24 12:23:06+02;1389
2017-08-24 12:56:05+02;1349
2017-08-24 13:12:06+02;1369
2017-08-24 14:00:06+02;1369
2017-08-24 14:44:06+02;1369
2017-08-24 15:36:06+02;1359
2017-08-24 16:26:05+02;1349
2017-08-24 17:08:05+02;1339
2017-08-24 17:36:06+02;1359
2017-08-24 18:53:05+02;1349
2017-08-24 19:14:05+02;1339
2017-08-24 20:11:05+02;1329
2017-08-24 21:02:06+02;1319
2017-08-24 23:02:06+02;1409
2017-08-25 04:50:06+02;1399
2017-08-25 06:44:06+02;1389
2017-08-25 07:50:06+02;1369
2017-08-25 09:11:06+02;1369
2017-08-25 09:59:05+02;1349
2017-08-25 12:23:05+02;1389
2017-08-25 13:05:06+02;1369
2017-08-25 13:47:06+02;1369
2017-08-25 14:02:06+02;1369
2017-08-25 14:56:06+02;1359
2017-08-25 15:05:06+02;1359
2017-08-25 15:44:06+02;1349
2017-08-25 16:05:06+02;1339
2017-08-25 16:44:06+02;1339
2017-08-25 17:35:06+02;1359
2017-08-25 18:35:06+02;1349
2017-08-25 18:50:06+02;1339
2017-08-25 18:56:06+02;1329
2017-08-25 19:17:06+02;1319
2017-08-25 20:44:06+02;1309
2017-08-25 21:50:06+02;1309
2017-08-25 23:02:06+02;1419
2017-08-26 04:32:08+02;1399
2017-08-26 06:44:06+02;1389
2017-08-26 08:53:06+02;1379
2017-08-26 09:20:06+02;1369
2017-08-26 09:59:08+02;1359
2017-08-26 10:29:06+02;1359
2017-08-26 10:44:06+02;1329
2017-08-26 12:23:05+02;1369
2017-08-26 13:02:06+02;1359
2017-08-26 14:38:05+02;1349
2017-08-26 14:47:06+02;1339
2017-08-26 16:26:05+02;1329
2017-08-26 16:44:06+02;1319
2017-08-26 17:35:06+02;1339
2017-08-26 20:11:05+02;1339
2017-08-26 20:44:05+02;1329
2017-08-26 23:02:05+02;1419
2017-08-27 05:44:06+02;1419
2017-08-27 06:20:06+02;1409
2017-08-27 06:44:05+02;1399
2017-08-27 06:59:05+02;1389
2017-08-27 09:17:05+02;1379
2017-08-27 10:32:06+02;1379
2017-08-27 10:47:05+02;1369
2017-08-27 11:26:05+02;1359
2017-08-27 12:23:05+02;1399
2017-08-27 13:11:05+02;1359
2017-08-27 13:38:05+02;1389
2017-08-27 13:59:05+02;1359
2017-08-27 16:38:05+02;1349
2017-08-27 16:50:06+02;1349
2017-08-27 17:44:06+02;1369
2017-08-27 18:17:05+02;1359
2017-08-27 18:47:05+02;1359
2017-08-27 19:26:05+02;1349
2017-08-27 19:41:06+02;1349
2017-08-27 20:26:06+02;1339
2017-08-27 20:47:08+02;1339
2017-08-27 21:02:05+02;1329
2017-08-27 23:02:06+02;1419
2017-08-28 04:32:05+02;1419
2017-08-28 06:32:06+02;1399
2017-08-28 06:41:06+02;1389
2017-08-28 06:59:05+02;1379
2017-08-28 07:20:06+02;1369
2017-08-28 08:11:06+02;1359
2017-08-28 08:59:06+02;1349
2017-08-28 10:08:06+02;1339
2017-08-28 10:53:06+02;1329
2017-08-28 11:50:07+02;1319
2017-08-28 12:23:05+02;1359
2017-08-28 13:02:06+02;1349
2017-08-28 14:11:06+02;1339
2017-08-28 14:41:06+02;1329
2017-08-28 14:47:05+02;1319
2017-08-28 15:02:07+02;1309
2017-08-28 15:53:06+02;1299
2017-08-28 16:56:06+02;1299
2017-08-28 17:38:06+02;1319
2017-08-28 18:05:06+02;1309
2017-08-28 23:02:05+02;1419
2017-08-29 04:29:05+02;1399
2017-08-29 07:50:06+02;1389
2017-08-29 09:14:05+02;1389
2017-08-29 09:38:06+02;1379
2017-08-29 09:50:06+02;1369
2017-08-29 10:26:06+02;1359
2017-08-29 10:44:05+02;1349
2017-08-29 11:17:06+02;1319
2017-08-29 12:23:05+02;1359
2017-08-29 12:53:05+02;1319
2017-08-29 13:11:06+02;1339
2017-08-29 14:02:06+02;1339
2017-08-29 14:50:06+02;1339
2017-08-29 15:14:06+02;1329
2017-08-29 15:32:06+02;1319
2017-08-29 15:53:05+02;1319
2017-08-29 16:35:06+02;1319
2017-08-29 17:35:06+02;1339
2017-08-29 18:20:06+02;1319
2017-08-29 19:32:06+02;1319
2017-08-29 19:56:05+02;1309
2017-08-29 20:14:06+02;1299
2017-08-29 20:32:06+02;1289
2017-08-29 21:20:06+02;1289
2017-08-29 23:02:06+02;1409
2017-08-30 04:29:06+02;1379
2017-08-30 05:29:05+02;1369
2017-08-30 06:32:07+02;1369
2017-08-30 06:53:06+02;1349
2017-08-30 07:11:06+02;1339
2017-08-30 07:50:05+02;1329
2017-08-30 08:50:06+02;1319
2017-08-30 09:35:06+02;1309
2017-08-30 10:38:06+02;1299
2017-08-30 11:41:06+02;1299
2017-08-30 12:23:05+02;1339
2017-08-30 13:02:06+02;1329
2017-08-30 14:11:06+02;1309
2017-08-30 14:41:05+02;1299
2017-08-30 14:56:06+02;1299
2017-08-30 15:11:06+02;1289
2017-08-30 17:35:06+02;1309
2017-08-30 18:02:06+02;1309
2017-08-30 18:35:07+02;1309
2017-08-30 18:53:06+02;1289
2017-08-30 19:14:06+02;1289
2017-08-30 23:02:05+02;1419
2017-08-31 04:29:05+02;1379
2017-08-31 06:44:05+02;1369
2017-08-31 06:56:05+02;1369
2017-08-31 08:29:06+02;1349
2017-08-31 09:14:25+02;1349
2017-08-31 10:20:06+02;1349
2017-08-31 10:56:06+02;1339
2017-08-31 11:24:06+02;1339
2017-08-31 12:23:06+02;1379
2017-08-31 13:14:05+02;1359
2017-08-31 13:53:06+02;1359
2017-08-31 14:14:06+02;1349
2017-08-31 14:44:07+02;1339
2017-08-31 15:02:07+02;1329
2017-08-31 16:23:06+02;1319
2017-08-31 16:44:06+02;1309
2017-08-31 17:41:06+02;1329
2017-08-31 18:02:05+02;1319
2017-08-31 18:53:05+02;1319
2017-08-31 19:14:06+02;1319
2017-08-31 20:50:06+02;1309
2017-08-31 23:02:06+02;1439
2017-09-01 04:32:06+02;1399
2017-09-01 06:26:15+02;1399
2017-09-01 06:44:17+02;1399
2017-09-01 07:05:06+02;1399
2017-09-01 07:50:07+02;1389
2017-09-01 08:20:06+02;1329
2017-09-01 08:32:06+02;1319
2017-09-01 10:53:05+02;1319
2017-09-01 12:23:05+02;1379
2017-09-01 13:02:06+02;1349
2017-09-01 14:44:05+02;1349
2017-09-01 15:08:06+02;1339
2017-09-01 17:35:06+02;1359
2017-09-01 18:50:06+02;1339
2017-09-01 18:56:06+02;1339
2017-09-01 19:14:06+02;1329
2017-09-01 23:02:18+02;1459
2017-09-02 04:35:06+02;1419
2017-09-02 05:38:05+02;1409
2017-09-02 09:44:05+02;1399
2017-09-02 10:05:06+02;1399
2017-09-02 11:05:06+02;1389
2017-09-02 11:23:06+02;1389
2017-09-02 12:05:06+02;1379
2017-09-02 12:23:05+02;1419
2017-09-02 12:59:06+02;1409
2017-09-02 14:29:10+02;1399
2017-09-02 14:53:06+02;1389
2017-09-02 15:23:06+02;1389
2017-09-02 15:32:06+02;1379
2017-09-02 16:14:06+02;1369
2017-09-02 17:35:06+02;1389
2017-09-02 17:56:06+02;1379
2017-09-02 18:20:07+02;1379
2017-09-02 18:47:05+02;1369
2017-09-02 18:59:06+02;1369
2017-09-02 19:26:18+02;1359
2017-09-02 20:41:06+02;1349
2017-09-02 23:02:06+02;1459
2017-09-03 04:35:07+02;1439
2017-09-03 05:44:05+02;1439
2017-09-03 06:41:06+02;1429
2017-09-03 06:59:05+02;1419
2017-09-03 07:29:05+02;1399
2017-09-03 11:00:06+02;1399
2017-09-03 12:24:17+02;1439
2017-09-03 13:20:06+02;1389
2017-09-03 15:08:05+02;1379
2017-09-03 16:05:06+02;1369
2017-09-03 16:47:14+02;1359
2017-09-03 17:59:06+02;1379
2017-09-03 18:29:05+02;1359
2017-09-03 19:20:06+02;1359
2017-09-03 19:54:06+02;1349
2017-09-03 23:02:05+02;1459
2017-09-04 04:35:06+02;1439
2017-09-04 05:29:05+02;1439
2017-09-04 06:35:06+02;1419
2017-09-04 06:59:06+02;1389
2017-09-04 08:30:41+02;1379
2017-09-04 09:59:06+02;1369
2017-09-04 11:26:05+02;1359
2017-09-04 12:23:06+02;1399
2017-09-04 13:08:06+02;1389
2017-09-04 14:02:05+02;1389
2017-09-04 14:23:06+02;1369
2017-09-04 15:08:06+02;1359
2017-09-04 15:14:06+02;1359
2017-09-04 16:05:06+02;1359
2017-09-04 16:14:07+02;1349
2017-09-04 17:38:06+02;1369
2017-09-04 18:59:05+02;1359
2017-09-04 19:15:07+02;1339
2017-09-04 19:20:06+02;1339
2017-09-04 20:23:05+02;1339
2017-09-04 23:03:06+02;1439
2017-09-05 04:35:06+02;1429
2017-09-05 06:35:06+02;1399
2017-09-05 07:11:06+02;1389
2017-09-05 07:20:06+02;1379
2017-09-05 07:29:05+02;1369
2017-09-05 08:30:07+02;1359
2017-09-05 09:29:06+02;1349
2017-09-05 09:56:06+02;1349
2017-09-05 10:32:06+02;1339
2017-09-05 11:23:06+02;1329
2017-09-05 12:23:05+02;1369
2017-09-05 13:15:06+02;1359
2017-09-05 13:53:06+02;1349
2017-09-05 14:15:06+02;1339
2017-09-05 15:26:05+02;1329
2017-09-05 15:45:06+02;1329
2017-09-05 17:44:06+02;1349
2017-09-05 18:15:06+02;1349
2017-09-05 18:44:06+02;1349
2017-09-05 18:56:06+02;1319
2017-09-05 19:14:06+02;1319
2017-09-05 20:47:06+02;1319
2017-09-05 23:03:06+02;1429
2017-09-06 04:33:05+02;1409
2017-09-06 06:38:05+02;1399
2017-09-06 06:47:06+02;1389
2017-09-06 06:59:05+02;1379
2017-09-06 07:23:05+02;1369
2017-09-06 08:11:06+02;1369
2017-09-06 08:32:05+02;1359
2017-09-06 09:11:06+02;1349
2017-09-06 09:23:05+02;1349
2017-09-06 10:29:06+02;1339
2017-09-06 11:35:06+02;1339
2017-09-06 11:41:05+02;1329
2017-09-06 12:08:05+02;1329
2017-09-06 12:23:05+02;1369
2017-09-06 12:54:05+02;1359
2017-09-06 14:12:06+02;1349
2017-09-06 14:36:06+02;1339
2017-09-06 14:56:06+02;1339
2017-09-06 15:42:06+02;1339
2017-09-06 16:35:06+02;1319
2017-09-06 17:02:06+02;1319
2017-09-06 17:20:06+02;1319
2017-09-06 17:32:06+02;1339
2017-09-06 18:06:06+02;1329
2017-09-06 18:44:06+02;1329
2017-09-06 19:00:06+02;1319
2017-09-06 19:26:06+02;1319
2017-09-06 19:42:06+02;1309
2017-09-06 23:03:06+02;1429
2017-09-07 04:30:07+02;1399
2017-09-07 06:36:06+02;1399
2017-09-07 07:08:06+02;1399
2017-09-07 07:50:06+02;1349
2017-09-07 10:02:06+02;1339
2017-09-07 11:06:06+02;1329
2017-09-07 11:23:06+02;1329
2017-09-07 12:23:06+02;1369
2017-09-07 12:53:05+02;1329
2017-09-07 13:51:06+02;1359
2017-09-07 14:32:06+02;1329
2017-09-07 14:50:06+02;1359
2017-09-07 15:05:07+02;1329
2017-09-07 16:05:06+02;1329
2017-09-07 17:38:06+02;1349
2017-09-07 18:05:06+02;1339
2017-09-07 18:14:06+02;1339
2017-09-07 18:47:05+02;1329
2017-09-07 19:23:05+02;1329
2017-09-07 19:45:06+02;1329
2017-09-07 23:03:06+02;1439
2017-09-08 04:36:06+02;1419
2017-09-08 06:57:06+02;1389
2017-09-08 07:30:07+02;1379
2017-09-08 08:15:06+02;1369
2017-09-08 08:42:06+02;1369
2017-09-08 08:59:06+02;1369
2017-09-08 09:23:06+02;1369
2017-09-08 09:57:06+02;1359
2017-09-08 10:30:07+02;1349
2017-09-08 10:42:06+02;1349
2017-09-08 11:44:05+02;1349
2017-09-08 12:02:06+02;1339
2017-09-08 12:24:07+02;1379
2017-09-08 13:12:06+02;1359
2017-09-08 13:45:10+02;1349
2017-09-08 14:08:06+02;1349
2017-09-08 14:23:05+02;1339
2017-09-08 14:51:06+02;1339
2017-09-08 15:12:06+02;1329
2017-09-08 17:36:06+02;1349
2017-09-08 18:00:06+02;1339
2017-09-08 18:36:06+02;1329
2017-09-08 19:00:07+02;1329
2017-09-08 19:24:06+02;1319
2017-09-08 23:02:05+02;1449
2017-09-09 04:30:06+02;1409
2017-09-09 06:54:06+02;1409
2017-09-09 07:20:06+02;1399
2017-09-09 07:24:06+02;1399
2017-09-09 08:15:06+02;1389
2017-09-09 09:08:06+02;1379
2017-09-09 10:15:06+02;1369
2017-09-09 10:51:06+02;1359
2017-09-09 11:53:05+02;1349
2017-09-09 12:24:06+02;1389
2017-09-09 12:56:05+02;1379
2017-09-09 13:24:05+02;1369
2017-09-09 16:05:05+02;1359
2017-09-09 16:42:06+02;1349
2017-09-09 17:32:06+02;1369
2017-09-09 19:00:06+02;1359
2017-09-09 19:24:06+02;1349
2017-09-09 20:00:07+02;1339
2017-09-09 21:00:06+02;1329
2017-09-09 21:12:06+02;1329
2017-09-09 21:21:06+02;1319
2017-09-09 23:03:05+02;1449
2017-09-10 04:29:06+02;1409
2017-09-10 06:38:06+02;1359
2017-09-10 08:18:06+02;1349
2017-09-10 10:06:05+02;1339
2017-09-10 11:06:06+02;1329
2017-09-10 11:42:07+02;1319
2017-09-10 12:24:06+02;1359
2017-09-10 13:06:06+02;1349
2017-09-10 13:32:06+02;1339
2017-09-10 14:23:06+02;1329
2017-09-10 16:36:06+02;1319
2017-09-10 17:39:06+02;1339
2017-09-10 18:00:06+02;1329
2017-09-10 19:39:06+02;1319
2017-09-10 20:51:06+02;1309
2017-09-10 23:02:06+02;1449
2017-09-11 04:32:06+02;1409
2017-09-11 06:56:05+02;1399
2017-09-11 07:20:06+02;1389
2017-09-11 08:24:05+02;1379
2017-09-11 09:05:06+02;1369
2017-09-11 09:57:07+02;1359
2017-09-11 10:05:06+02;1359
2017-09-11 10:44:07+02;1349
2017-09-11 11:06:06+02;1349
2017-09-11 11:24:06+02;1339
2017-09-11 12:06:06+02;1339
2017-09-11 12:24:06+02;1379
2017-09-11 12:59:06+02;1369
2017-09-11 14:00:06+02;1359
2017-09-11 14:41:06+02;1349
2017-09-11 14:59:06+02;1339
2017-09-11 15:44:06+02;1329
2017-09-11 16:05:06+02;1329
2017-09-11 16:44:06+02;1319
2017-09-11 18:45:06+02;1329
2017-09-11 18:54:19+02;1319
2017-09-11 19:21:06+02;1309
2017-09-11 23:03:06+02;1439
2017-09-12 04:29:06+02;1409
2017-09-12 06:42:06+02;1389
2017-09-12 07:02:06+02;1379
2017-09-12 07:20:06+02;1369
2017-09-12 08:21:05+02;1359
2017-09-12 09:32:06+02;1349
2017-09-12 10:32:06+02;1339
2017-09-12 11:53:06+02;1329
2017-09-12 12:23:06+02;1369
2017-09-12 13:06:06+02;1359
2017-09-12 14:14:06+02;1349
2017-09-12 14:38:06+02;1339
2017-09-12 14:54:06+02;1329
2017-09-12 15:14:06+02;1319
2017-09-12 17:36:06+02;1339
2017-09-12 17:54:05+02;1319
2017-09-12 19:21:05+02;1309
2017-09-12 23:03:06+02;1429
2017-09-13 04:29:05+02;1399
2017-09-13 06:44:06+02;1379
2017-09-13 07:02:06+02;1369
2017-09-13 07:23:14+02;1359
2017-09-13 08:20:06+02;1349
2017-09-13 09:18:06+02;1339
2017-09-13 10:36:06+02;1329
2017-09-13 11:41:05+02;1329
2017-09-13 12:23:05+02;1369
2017-09-13 12:57:06+02;1359
2017-09-13 13:41:05+02;1359
2017-09-13 14:09:06+02;1339
2017-09-13 14:21:06+02;1329
2017-09-13 14:53:06+02;1319
2017-09-13 15:12:06+02;1309
2017-09-13 17:42:06+02;1329
2017-09-13 19:20:06+02;1329
2017-09-13 20:50:06+02;1319
2017-09-13 23:02:06+02;1429
2017-09-14 04:36:05+02;1409
2017-09-14 06:50:06+02;1389
2017-09-14 07:02:06+02;1379
2017-09-14 07:26:06+02;1369
2017-09-14 08:15:06+02;1359
2017-09-14 09:12:06+02;1349
2017-09-14 10:20:07+02;1339
2017-09-14 10:53:06+02;1329
2017-09-14 11:32:06+02;1319
2017-09-14 12:21:06+02;1359
2017-09-14 12:50:06+02;1319
2017-09-14 13:15:06+02;1349
2017-09-14 13:42:06+02;1319
2017-09-14 15:30:07+02;1309
2017-09-14 17:42:06+02;1329
2017-09-14 18:05:06+02;1329
2017-09-14 18:50:06+02;1319
2017-09-14 21:30:07+02;1309
2017-09-14 23:03:06+02;1429
2017-09-15 04:32:06+02;1409
2017-09-15 06:20:06+02;1399
2017-09-15 06:51:06+02;1379
2017-09-15 07:00:06+02;1369
2017-09-15 07:44:06+02;1359
2017-09-15 08:36:06+02;1349
2017-09-15 09:38:07+02;1339
2017-09-15 10:54:06+02;1329
2017-09-15 11:53:06+02;1319
2017-09-15 12:23:06+02;1359
2017-09-15 13:12:06+02;1319
2017-09-15 14:30:07+02;1349
2017-09-15 14:47:06+02;1309
2017-09-15 17:42:06+02;1329
2017-09-15 17:57:06+02;1329
2017-09-15 18:14:05+02;1319
2017-09-15 19:39:06+02;1309
2017-09-15 20:24:06+02;1309
2017-09-15 20:41:05+02;1299
2017-09-15 23:02:06+02;1419
2017-09-16 04:33:06+02;1409
2017-09-16 06:05:06+02;1399
2017-09-16 06:51:05+02;1399
2017-09-16 07:24:06+02;1399
2017-09-16 08:00:06+02;1379
2017-09-16 08:20:06+02;1369
2017-09-16 09:36:06+02;1359
2017-09-16 10:11:05+02;1349
2017-09-16 11:12:06+02;1339
2017-09-16 12:05:47+02;1329
2017-09-16 12:24:16+02;1369
2017-09-16 12:53:05+02;1359
2017-09-16 14:33:06+02;1349
2017-09-16 15:00:06+02;1339
2017-09-16 15:29:06+02;1339
2017-09-16 15:53:06+02;1329
2017-09-16 16:00:06+02;1319
2017-09-16 16:14:06+02;1309
2017-09-16 17:36:06+02;1329
2017-09-16 19:00:06+02;1319
2017-09-16 19:15:06+02;1309
2017-09-16 20:45:06+02;1299
2017-09-16 21:21:06+02;1289
2017-09-16 23:02:06+02;1419
2017-09-17 04:36:06+02;1409
2017-09-17 06:03:05+02;1399
2017-09-17 06:54:05+02;1399
2017-09-17 08:00:07+02;1389
2017-09-17 12:24:06+02;1419
2017-09-17 13:09:05+02;1409
2017-09-17 13:45:06+02;1399
2017-09-17 14:24:05+02;1389
2017-09-17 15:08:06+02;1379
2017-09-17 15:21:05+02;1369
2017-09-17 16:41:06+02;1369
2017-09-17 17:41:06+02;1389
2017-09-17 18:15:06+02;1369
2017-09-17 18:36:06+02;1369
2017-09-17 19:00:06+02;1359
2017-09-17 19:20:06+02;1359
2017-09-17 20:12:05+02;1349
2017-09-17 20:51:05+02;1339
2017-09-17 21:29:06+02;1329
2017-09-17 22:00:06+02;1319
2017-09-17 23:03:05+02;1419
2017-09-18 04:33:06+02;1429
2017-09-18 05:41:06+02;1369
2017-09-18 06:17:06+02;1359
2017-09-18 06:54:05+02;1359
2017-09-18 07:24:06+02;1359
2017-09-18 08:05:06+02;1349
2017-09-18 08:17:06+02;1349
2017-09-18 09:00:06+02;1339
2017-09-18 09:47:06+02;1339
2017-09-18 10:14:06+02;1329
2017-09-18 10:47:06+02;1319
2017-09-18 11:09:06+02;1319
2017-09-18 11:47:06+02;1309
2017-09-18 12:24:06+02;1349
2017-09-18 13:12:06+02;1329
2017-09-18 13:27:06+02;1339
2017-09-18 13:33:06+02;1329
2017-09-18 13:51:06+02;1309
2017-09-18 16:33:06+02;1309
2017-09-18 17:41:06+02;1329
2017-09-18 17:57:06+02;1319
2017-09-18 18:02:06+02;1319
2017-09-18 19:09:06+02;1319
2017-09-18 19:12:06+02;1319
2017-09-18 19:23:05+02;1309
2017-09-18 19:38:06+02;1309
2017-09-18 20:51:06+02;1299
2017-09-18 21:15:06+02;1289
2017-09-18 23:03:06+02;1429
2017-09-19 04:29:05+02;1399
2017-09-19 06:05:06+02;1389
2017-09-19 08:45:06+02;1379
2017-09-19 09:27:06+02;1369
2017-09-19 10:14:06+02;1359
2017-09-19 11:23:06+02;1349
2017-09-19 11:32:06+02;1339
2017-09-19 12:24:06+02;1379
2017-09-19 13:15:06+02;1329
2017-09-19 13:27:06+02;1359
2017-09-19 13:45:06+02;1329
2017-09-19 16:41:06+02;1319
2017-09-19 17:41:18+02;1339
2017-09-19 18:00:07+02;1319
2017-09-19 20:00:07+02;1319
2017-09-19 20:20:06+02;1309
2017-09-19 21:24:06+02;1299
2017-09-19 23:16:20+02;1299
2017-09-19 23:18:09+02;1429
2017-09-20 04:32:06+02;1389
2017-09-20 08:44:05+02;1379
2017-09-20 09:39:06+02;1369
2017-09-20 09:53:06+02;1359
2017-09-20 10:41:06+02;1349
2017-09-20 11:14:06+02;1339
2017-09-20 11:54:06+02;1319
2017-09-20 12:24:05+02;1359
2017-09-20 13:14:06+02;1339
2017-09-20 14:02:06+02;1329
2017-09-20 14:14:05+02;1329
2017-09-20 14:26:05+02;1329
2017-09-20 14:51:06+02;1319
2017-09-20 15:23:06+02;1319
2017-09-20 15:48:05+02;1309
2017-09-20 16:14:05+02;1309
2017-09-20 16:39:06+02;1299
2017-09-20 17:42:06+02;1319
2017-09-20 18:02:06+02;1299
2017-09-20 19:12:06+02;1299
2017-09-20 20:06:05+02;1299
2017-09-20 21:12:06+02;1299
2017-09-20 21:23:06+02;1289
2017-09-20 23:02:06+02;1419
2017-09-21 05:45:06+02;1389
2017-09-21 06:27:06+02;1379
2017-09-21 06:47:05+02;1359
2017-09-21 07:02:05+02;1349
2017-09-21 07:23:05+02;1339
2017-09-21 08:14:05+02;1329
2017-09-21 08:26:06+02;1329
2017-09-21 09:29:06+02;1329
2017-09-21 09:44:06+02;1329
2017-09-21 09:57:06+02;1319
2017-09-21 10:15:06+02;1309
2017-09-21 10:27:06+02;1309
2017-09-21 11:12:06+02;1299
2017-09-21 11:33:06+02;1299
2017-09-21 12:24:06+02;1339
2017-09-21 13:02:06+02;1329
2017-09-21 14:08:13+02;1329
2017-09-21 14:17:16+02;1319
2017-09-21 14:27:16+02;1319
2017-09-21 14:57:19+02;1309
2017-09-21 15:20:06+02;1299
2017-09-21 16:14:05+02;1299
2017-09-21 16:33:05+02;1299
2017-09-21 17:47:05+02;1319
2017-09-21 18:17:06+02;1319
2017-09-21 18:36:05+02;1309
2017-09-21 19:05:08+02;1299
2017-09-21 19:21:06+02;1299
2017-09-21 21:05:06+02;1289
2017-09-21 23:03:06+02;1419
