2014-06-08 09:50:01+02;1529
2014-06-09 00:02:01+02;1589
2014-06-09 06:58:01+02;1579
2014-06-09 15:02:01+02;1609
2014-06-10 04:06:01+02;1589
2014-06-10 04:18:01+02;1589
2014-06-10 11:58:01+02;1529
2014-06-10 15:02:01+02;1589
2014-06-11 12:50:01+02;1529
2014-06-11 13:02:01+02;1529
2014-06-11 15:02:01+02;1589
2014-06-12 09:22:01+02;1539
2014-06-12 15:02:01+02;1599
2014-06-13 07:02:01+02;1589
2014-06-13 11:02:01+02;1569
2014-06-13 11:58:01+02;1559
2014-06-13 15:06:01+02;1619
2014-06-14 05:30:01+02;1609
2014-06-14 06:42:01+02;1599
2014-06-14 08:14:01+02;1559
2014-06-14 09:38:01+02;1559
2014-06-14 15:02:01+02;1619
2014-06-15 09:26:01+02;1579
2014-06-15 15:02:01+02;1639
2014-06-16 06:54:01+02;1589
2014-06-16 08:50:01+02;1579
2014-06-16 15:02:01+02;1639
2014-06-17 05:10:01+02;1619
2014-06-17 09:30:01+02;1579
2014-06-17 11:50:01+02;1559
2014-06-17 15:02:01+02;1619
2014-06-18 09:58:01+02;1589
2014-06-18 10:06:01+02;1589
2014-06-18 12:30:01+02;1549
2014-06-18 15:02:01+02;1609
2014-06-19 09:58:01+02;1569
2014-06-19 15:02:01+02;1629
2014-06-20 03:42:01+02;1619
2014-06-20 06:06:01+02;1609
2014-06-20 07:38:01+02;1569
2014-06-20 15:06:01+02;1629
2014-06-21 08:06:01+02;1569
2014-06-21 15:06:01+02;1629
2014-06-22 11:26:01+02;1589
2014-06-22 12:26:01+02;1569
2014-06-22 15:02:01+02;1629
2014-06-23 05:18:01+02;1609
2014-06-23 07:26:01+02;1609
2014-06-23 07:42:01+02;1579
2014-06-23 15:02:01+02;1639
2014-06-24 00:26:01+02;1629
2014-06-24 07:42:01+02;1589
2014-06-24 09:22:01+02;1559
2014-06-24 15:06:01+02;1619
2014-06-25 04:34:01+02;1619
2014-06-25 06:06:01+02;1599
2014-06-25 07:10:01+02;1579
2014-06-25 10:02:01+02;1579
2014-06-25 11:18:01+02;1569
2014-06-25 15:02:01+02;1629
2014-06-26 07:06:01+02;1609
2014-06-26 09:02:01+02;1569
2014-06-26 15:02:01+02;1629
2014-06-27 02:34:01+02;1619
2014-06-27 07:22:01+02;1619
2014-06-27 10:54:01+02;1559
2014-06-27 15:06:01+02;1619
2014-06-28 08:58:01+02;1559
2014-06-28 15:02:01+02;1619
2014-06-29 09:22:01+02;1589
2014-06-29 15:02:01+02;1639
2014-06-30 01:22:01+02;1639
2014-06-30 05:14:01+02;1619
2014-06-30 15:02:01+02;1639
2014-07-01 00:58:01+02;1629
2014-07-01 10:50:01+02;1539
2014-07-01 15:06:01+02;1599
2014-07-02 09:46:01+02;1579
2014-07-02 10:02:01+02;1569
2014-07-02 15:06:01+02;1629
2014-07-03 00:18:01+02;1619
2014-07-03 03:06:01+02;1609
2014-07-03 10:54:01+02;1569
2014-07-03 12:34:01+02;1539
2014-07-03 15:06:01+02;1599
2014-07-04 06:58:01+02;1579
2014-07-04 11:06:01+02;1559
2014-07-04 15:06:01+02;1619
2014-07-05 12:38:01+02;1569
2014-07-05 12:42:01+02;1569
2014-07-05 15:02:01+02;1629
2014-07-06 05:58:01+02;1619
2014-07-06 09:46:01+02;1579
2014-07-06 10:54:01+02;1559
2014-07-06 15:02:01+02;1619
2014-07-07 05:10:01+02;1609
2014-07-07 11:46:01+02;1539
2014-07-07 15:06:01+02;1599
2014-07-08 07:58:01+02;1579
2014-07-08 12:14:01+02;1539
2014-07-08 15:06:01+02;1599
2014-07-09 07:38:01+02;1579
2014-07-09 12:02:01+02;1559
2014-07-09 13:14:01+02;1549
2014-07-09 15:06:01+02;1609
2014-07-10 07:42:01+02;1609
2014-07-10 09:58:01+02;1589
2014-07-10 12:06:01+02;1569
2014-07-10 15:02:01+02;1629
2014-07-11 04:18:01+02;1569
2014-07-11 10:42:01+02;1559
2014-07-11 15:06:01+02;1619
2014-07-12 04:22:01+02;1609
2014-07-12 06:50:01+02;1599
2014-07-12 07:50:01+02;1599
2014-07-12 15:02:01+02;1629
2014-07-13 05:18:01+02;1609
2014-07-13 06:38:01+02;1539
2014-07-13 15:02:01+02;1599
2014-07-14 10:38:01+02;1559
2014-07-14 12:30:01+02;1539
2014-07-14 15:02:01+02;1599
2014-07-15 09:10:01+02;1559
2014-07-15 11:26:01+02;1559
2014-07-15 15:06:01+02;1609
2014-07-16 05:14:01+02;1599
2014-07-16 10:50:01+02;1559
2014-07-16 15:06:01+02;1619
2014-07-17 09:14:01+02;1549
2014-07-17 12:50:01+02;1549
2014-07-17 15:06:01+02;1609
2014-07-18 06:10:01+02;1599
2014-07-18 08:18:01+02;1549
2014-07-18 12:18:01+02;1529
2014-07-18 15:06:01+02;1589
2014-07-19 07:58:01+02;1579
2014-07-19 09:26:01+02;1539
2014-07-19 15:02:01+02;1599
2014-07-20 06:14:01+02;1569
2014-07-20 09:10:01+02;1529
2014-07-20 12:42:01+02;1519
2014-07-20 15:02:01+02;1579
2014-07-21 09:26:01+02;1559
2014-07-21 11:14:01+02;1529
2014-07-21 15:02:01+02;1589
2014-07-22 06:46:01+02;1539
2014-07-22 09:54:01+02;1529
2014-07-22 11:06:01+02;1519
2014-07-22 15:06:01+02;1579
2014-07-23 11:34:01+02;1519
2014-07-24 00:02:01+02;1579
2014-07-24 06:26:01+02;1559
2014-07-24 08:02:01+02;1559
2014-07-24 09:14:01+02;1529
2014-07-25 00:02:01+02;1589
2014-07-25 06:30:01+02;1589
2014-07-25 08:26:01+02;1529
2014-07-25 15:06:01+02;1589
2014-07-26 06:46:01+02;1569
2014-07-26 10:30:01+02;1519
2014-07-26 15:02:01+02;1579
2014-07-27 05:58:01+02;1579
2014-07-27 09:02:01+02;1579
2014-07-27 09:54:01+02;1559
2014-07-27 11:42:01+02;1539
2014-07-27 15:06:01+02;1599
2014-07-28 03:22:01+02;1589
2014-07-28 04:38:01+02;1549
2014-07-28 09:10:01+02;1529
2014-07-28 15:06:01+02;1589
2014-07-29 10:22:01+02;1589
2014-07-29 10:42:01+02;1519
2014-07-29 15:06:01+02;1579
2014-07-30 09:18:01+02;1539
2014-07-30 15:02:01+02;1599
2014-07-31 05:14:01+02;1589
2014-07-31 07:50:01+02;1549
2014-07-31 09:06:01+02;1539
2014-07-31 13:14:01+02;1519
2014-07-31 15:06:01+02;1579
2014-08-01 06:22:01+02;1549
2014-08-01 08:46:01+02;1529
2014-08-01 13:22:01+02;1519
2014-08-01 15:06:01+02;1579
2014-08-02 04:58:01+02;1529
2014-08-02 15:02:01+02;1589
2014-08-03 08:18:01+02;1549
2014-08-03 15:02:01+02;1609
2014-08-04 04:30:01+02;1589
2014-08-04 06:10:01+02;1579
2014-08-04 07:22:01+02;1549
2014-08-04 10:58:01+02;1509
2014-08-04 15:06:01+02;1569
2014-08-05 14:42:01+02;1529
2014-08-05 15:38:01+02;1519
2014-08-05 17:42:01+02;1519
2014-08-05 21:06:01+02;1579
2014-08-06 10:50:01+02;1549
2014-08-06 21:02:01+02;1599
2014-08-07 06:42:01+02;1569
2014-08-07 10:46:01+02;1569
2014-08-07 15:14:01+02;1509
2014-08-07 21:02:01+02;1589
2014-08-08 06:34:01+02;1579
2014-08-08 10:22:01+02;1569
2014-08-08 13:02:01+02;1569
2014-08-08 15:02:01+02;1509
2014-08-08 21:06:01+02;1589
2014-08-09 14:58:01+02;1519
2014-08-09 21:06:01+02;1589
2014-08-10 11:14:01+02;1579
2014-08-10 15:46:01+02;1519
2014-08-10 21:06:01+02;1599
2014-08-11 08:54:01+02;1599
2014-08-11 09:06:01+02;1569
2014-08-11 16:06:01+02;1519
2014-08-11 21:02:01+02;1599
2014-08-12 06:38:01+02;1589
2014-08-12 11:46:01+02;1569
2014-08-12 13:02:01+02;1559
2014-08-12 17:22:01+02;1509
2014-08-12 18:10:01+02;1499
2014-08-12 21:06:01+02;1579
2014-08-13 12:02:01+02;1559
2014-08-13 12:46:01+02;1519
2014-08-13 16:26:01+02;1509
2014-08-13 21:06:01+02;1589
2014-08-14 10:18:01+02;1559
2014-08-14 13:02:01+02;1539
2014-08-14 19:10:01+02;1509
2014-08-14 21:06:01+02;1589
2014-08-15 06:38:02+02;1579
2014-08-15 09:38:01+02;1579
2014-08-15 13:14:01+02;1549
2014-08-15 14:58:01+02;1519
2014-08-15 16:26:01+02;1519
2014-08-15 17:14:01+02;1499
2014-08-15 21:06:01+02;1579
2014-08-16 13:22:01+02;1519
2014-08-16 15:26:01+02;1509
2014-08-16 21:06:01+02;1589
2014-08-17 13:02:01+02;1539
2014-08-17 15:34:01+02;1509
2014-08-17 21:06:01+02;1589
2014-08-18 10:02:01+02;1589
2014-08-18 11:26:01+02;1539
2014-08-18 14:42:01+02;1509
2014-08-18 21:06:01+02;1589
2014-08-19 06:26:01+02;1579
2014-08-19 10:50:01+02;1569
2014-08-19 15:30:01+02;1509
2014-08-19 17:58:01+02;1489
2014-08-19 21:06:01+02;1569
2014-08-20 06:26:01+02;1569
2014-08-20 11:06:01+02;1559
2014-08-20 13:26:01+02;1539
2014-08-20 14:42:01+02;1509
2014-08-20 21:06:01+02;1589
2014-08-21 06:22:01+02;1579
2014-08-21 11:46:01+02;1569
2014-08-21 13:26:01+02;1519
2014-08-21 21:02:01+02;1599
2014-08-22 06:26:01+02;1589
2014-08-22 12:14:01+02;1569
2014-08-22 13:14:01+02;1569
2014-08-22 14:42:01+02;1539
2014-08-22 15:22:01+02;1509
2014-08-22 18:34:01+02;1499
2014-08-22 21:06:01+02;1579
2014-08-23 12:30:01+02;1559
2014-08-23 13:10:01+02;1519
2014-08-23 17:50:01+02;1509
2014-08-23 21:02:01+02;1589
2014-08-24 10:26:01+02;1579
2014-08-24 17:42:01+02;1509
2014-08-24 21:02:01+02;1589
2014-08-25 13:58:01+02;1509
2014-08-25 15:34:01+02;1499
2014-08-25 21:06:01+02;1579
2014-08-26 14:22:01+02;1529
2014-08-26 16:50:01+02;1499
2014-08-26 21:06:01+02;1579
2014-08-27 10:54:01+02;1579
2014-08-27 12:26:01+02;1579
2014-08-27 17:22:01+02;1499
2014-08-27 21:06:01+02;1579
2014-08-28 11:30:01+02;1529
2014-08-28 15:50:01+02;1509
2014-08-28 21:02:01+02;1589
2014-08-29 06:26:01+02;1589
2014-08-29 10:46:01+02;1579
2014-08-29 11:42:01+02;1579
2014-08-29 13:38:01+02;1529
2014-08-29 19:06:01+02;1499
2014-08-29 21:06:01+02;1579
2014-08-30 10:50:01+02;1559
2014-08-30 13:22:01+02;1529
2014-08-30 14:14:01+02;1519
2014-08-30 21:06:01+02;1599
2014-08-31 10:14:01+02;1509
2014-08-31 21:06:01+02;1589
2014-09-01 12:46:01+02;1579
2014-09-01 14:26:01+02;1529
2014-09-01 15:06:01+02;1529
2014-09-01 16:34:01+02;1519
2014-09-01 21:02:01+02;1599
2014-09-02 10:18:01+02;1589
2014-09-02 14:30:01+02;1529
2014-09-02 17:42:01+02;1509
2014-09-02 21:06:01+02;1589
2014-09-03 11:26:01+02;1579
2014-09-03 12:58:01+02;1559
2014-09-03 16:30:01+02;1539
2014-09-03 18:30:01+02;1519
2014-09-03 21:02:01+02;1589
2014-09-04 10:38:01+02;1589
2014-09-04 11:58:01+02;1589
2014-09-04 13:38:01+02;1519
2014-09-04 15:06:01+02;1519
2014-09-04 21:06:01+02;1589
2014-09-05 09:46:01+02;1589
2014-09-05 12:18:01+02;1589
2014-09-05 13:34:01+02;1539
2014-09-05 14:58:01+02;1539
2014-09-05 16:26:01+02;1529
2014-09-05 17:42:01+02;1519
2014-09-05 21:10:01+02;1589
2014-09-06 11:26:01+02;1589
2014-09-06 11:38:01+02;1579
2014-09-06 12:50:01+02;1549
2014-09-06 15:38:01+02;1529
2014-09-06 21:06:01+02;1589
2014-09-07 11:14:01+02;1519
2014-09-07 18:26:01+02;1519
2014-09-07 21:06:01+02;1589
2014-09-08 06:54:01+02;1589
2014-09-08 11:46:01+02;1569
2014-09-08 12:54:01+02;1569
2014-09-08 14:26:01+02;1529
2014-09-08 17:10:01+02;1519
2014-09-08 21:06:01+02;1589
2014-09-09 14:06:01+02;1549
2014-09-09 16:18:01+02;1529
2014-09-09 21:06:01+02;1589
2014-09-10 10:14:01+02;1579
2014-09-10 13:26:01+02;1529
2014-09-10 15:58:01+02;1529
2014-09-10 17:50:01+02;1509
2014-09-10 21:06:01+02;1589
2014-09-11 13:34:01+02;1549
2014-09-11 17:18:01+02;1529
2014-09-11 21:02:01+02;1609
2014-09-12 10:18:01+02;1599
2014-09-12 12:38:01+02;1579
2014-09-12 13:10:01+02;1549
2014-09-12 15:02:01+02;1539
2014-09-12 16:46:01+02;1509
2014-09-12 21:06:01+02;1589
2014-09-13 12:18:01+02;1559
2014-09-13 13:22:01+02;1559
2014-09-13 15:38:01+02;1519
2014-09-13 21:02:01+02;1599
2014-09-14 14:22:01+02;1509
2014-09-14 17:02:01+02;1489
2014-09-14 21:02:01+02;1569
2014-09-15 13:30:01+02;1549
2014-09-15 15:02:01+02;1529
2014-09-15 17:34:01+02;1509
2014-09-15 21:02:01+02;1589
2014-09-16 11:42:01+02;1579
2014-09-16 13:22:01+02;1529
2014-09-16 16:22:01+02;1509
2014-09-16 21:06:01+02;1589
2014-09-17 10:46:01+02;1589
2014-09-17 12:10:01+02;1569
2014-09-17 14:14:01+02;1519
2014-09-17 16:34:01+02;1519
2014-09-17 21:06:01+02;1599
2014-09-18 11:30:01+02;1589
2014-09-18 12:30:01+02;1569
2014-09-18 13:50:02+02;1539
2014-09-18 14:50:01+02;1529
2014-09-19 15:10:01+02;1519
2014-09-19 21:02:01+02;1599
2014-09-20 11:26:01+02;1579
2014-09-20 13:18:01+02;1529
2014-09-20 15:38:01+02;1509
2014-09-20 21:02:01+02;1589
2014-09-21 09:58:01+02;1549
2014-09-21 14:42:01+02;1529
2014-09-21 21:02:01+02;1599
2014-09-22 10:10:01+02;1589
2014-09-22 12:46:01+02;1529
2014-09-22 15:46:01+02;1519
2014-09-22 16:46:01+02;1509
2014-09-22 21:22:01+02;1589
2014-09-23 10:30:01+02;1589
2014-09-23 13:06:01+02;1569
2014-09-23 14:58:01+02;1519
2014-09-23 21:02:01+02;1599
2014-09-24 10:58:01+02;1589
2014-09-24 12:10:01+02;1549
2014-09-24 14:58:01+02;1519
2014-09-24 16:22:01+02;1519
2014-09-24 21:02:01+02;1589
2014-09-25 10:58:01+02;1569
2014-09-25 11:42:01+02;1549
2014-09-25 15:34:01+02;1509
2014-09-25 15:54:01+02;1509
2014-09-25 16:34:01+02;1509
2014-09-25 21:02:01+02;1589
2014-09-26 10:06:01+02;1569
2014-09-26 11:58:01+02;1539
2014-09-26 15:10:01+02;1519
2014-09-26 17:26:01+02;1509
2014-09-26 21:02:01+02;1589
2014-09-27 14:10:01+02;1509
2014-09-27 21:02:01+02;1589
2014-09-28 10:14:01+02;1509
2014-09-28 21:02:01+02;1589
2014-09-29 11:18:01+02;1579
2014-09-29 13:50:01+02;1519
2014-09-29 21:02:01+02;1589
2014-09-30 09:34:01+02;1589
2014-09-30 11:26:01+02;1579
2014-09-30 12:30:01+02;1559
2014-09-30 14:22:01+02;1519
2014-09-30 15:26:01+02;1519
2014-09-30 16:58:01+02;1509
2014-09-30 21:02:01+02;1589
2014-10-01 11:42:01+02;1569
2014-10-01 12:38:01+02;1539
2014-10-01 17:22:01+02;1519
2014-10-01 21:06:01+02;1589
2014-10-02 10:30:01+02;1569
2014-10-02 11:46:01+02;1539
2014-10-02 13:22:01+02;1529
2014-10-02 21:02:01+02;1589
2014-10-03 06:34:01+02;1589
2014-10-03 14:34:01+02;1509
2014-10-03 21:02:01+02;1589
2014-10-04 12:42:01+02;1549
2014-10-04 12:54:01+02;1509
2014-10-04 21:02:01+02;1589
2014-10-05 11:06:01+02;1499
2014-10-05 21:02:01+02;1579
2014-10-06 11:38:01+02;1569
2014-10-06 14:22:01+02;1529
2014-10-06 21:02:01+02;1589
2014-10-07 07:18:01+02;1589
2014-10-07 16:30:01+02;1499
2014-10-07 21:02:01+02;1579
2014-10-08 06:54:01+02;1579
2014-10-08 10:42:01+02;1519
2014-10-08 15:18:01+02;1509
2014-10-08 21:02:01+02;1589
2014-10-09 07:02:01+02;1589
2014-10-09 10:18:01+02;1549
2014-10-09 14:06:01+02;1529
2014-10-09 18:06:01+02;1489
2014-10-09 21:02:01+02;1569
2014-10-10 07:10:01+02;1569
2014-10-10 13:54:01+02;1529
2014-10-10 15:18:01+02;1509
2014-10-10 16:30:01+02;1499
2014-10-10 21:02:01+02;1569
2014-10-11 09:42:01+02;1559
2014-10-11 12:18:01+02;1559
2014-10-11 14:50:01+02;1499
2014-10-11 15:18:01+02;1499
2014-10-11 16:06:01+02;1499
2014-10-11 21:02:01+02;1569
2014-10-12 13:10:01+02;1499
2014-10-12 21:06:01+02;1569
2014-10-13 08:38:01+02;1559
2014-10-13 12:50:01+02;1499
2014-10-13 19:46:01+02;1499
2014-10-13 20:18:01+02;1479
2014-10-13 21:02:01+02;1559
2014-10-14 11:38:01+02;1549
2014-10-14 12:34:01+02;1509
2014-10-14 14:42:01+02;1489
2014-10-14 21:02:01+02;1559
2014-10-15 06:18:01+02;1539
2014-10-15 12:34:01+02;1509
2014-10-15 16:30:01+02;1479
2014-10-15 21:02:01+02;1559
2014-10-16 06:22:01+02;1539
2014-10-16 09:30:01+02;1529
2014-10-16 11:02:01+02;1509
2014-10-16 12:30:01+02;1469
2014-10-16 15:10:01+02;1469
2014-10-16 21:02:01+02;1549
2014-10-17 06:22:01+02;1509
2014-10-17 10:06:01+02;1489
2014-10-17 10:50:01+02;1459
2014-10-17 14:38:02+02;1449
2014-10-17 21:02:01+02;1529
2014-10-18 08:10:01+02;1509
2014-10-18 12:10:01+02;1499
2014-10-18 13:34:01+02;1469
2014-10-18 21:02:01+02;1549
2014-10-19 10:50:01+02;1489
2014-10-19 15:58:01+02;1419
2014-10-19 21:06:01+02;1499
2014-10-20 09:22:01+02;1489
2014-10-20 12:58:01+02;1469
2014-10-20 17:10:01+02;1449
2014-10-20 21:02:01+02;1529
2014-10-21 11:22:01+02;1499
2014-10-21 13:10:01+02;1489
2014-10-21 14:18:01+02;1469
2014-10-21 14:54:01+02;1469
2014-10-21 18:14:01+02;1449
2014-10-21 21:02:01+02;1529
2014-10-22 09:38:01+02;1509
2014-10-22 11:14:01+02;1449
2014-10-22 21:02:01+02;1529
2014-10-23 08:58:01+02;1489
2014-10-23 14:22:01+02;1429
2014-10-23 21:02:01+02;1509
2014-10-24 09:58:01+02;1499
2014-10-24 13:10:01+02;1459
2014-10-24 17:50:01+02;1429
2014-10-24 21:02:01+02;1509
2014-10-25 13:22:01+02;1459
2014-10-25 15:34:01+02;1449
2014-10-25 21:02:01+02;1529
2014-10-26 14:14:01+01;1429
2014-10-26 21:02:01+01;1509
2014-10-27 06:22:01+01;1499
2014-10-27 12:18:01+01;1479
2014-10-27 12:54:01+01;1449
2014-10-27 16:26:01+01;1429
2014-10-27 17:46:01+01;1419
2014-10-27 21:06:01+01;1499
2014-10-28 11:26:01+01;1489
2014-10-28 11:58:01+01;1479
2014-10-28 13:46:01+01;1449
2014-10-28 17:18:01+01;1439
2014-10-28 21:02:01+01;1519
2014-10-29 06:22:01+01;1499
2014-10-29 11:22:01+01;1489
2014-10-29 11:58:01+01;1489
2014-10-29 12:50:01+01;1439
2014-10-29 16:10:01+01;1439
2014-10-29 18:22:01+01;1429
2014-10-29 21:02:01+01;1509
2014-10-30 06:18:01+01;1499
2014-10-30 11:26:01+01;1489
2014-10-30 13:10:01+01;1449
2014-10-30 21:02:01+01;1529
2014-10-31 06:22:01+01;1509
2014-10-31 09:54:01+01;1509
2014-10-31 12:22:01+01;1489
2014-10-31 13:46:01+01;1439
2014-10-31 21:02:01+01;1519
2014-11-01 14:54:01+01;1449
2014-11-01 21:02:01+01;1529
2014-11-02 14:26:01+01;1429
2014-11-02 20:02:01+01;1509
2014-11-03 08:50:01+01;1499
2014-11-03 13:54:01+01;1449
2014-11-03 20:02:01+01;1529
2014-11-03 21:17:00+01;1529
2014-11-04 10:53:00+01;1509
2014-11-04 11:57:00+01;1499
2014-11-04 13:17:00+01;1469
2014-11-04 14:57:00+01;1459
2014-11-04 17:57:00+01;1439
2014-11-04 21:01:00+01;1519
2014-11-05 10:45:00+01;1499
2014-11-05 12:25:00+01;1489
2014-11-05 15:17:00+01;1439
2014-11-05 18:41:00+01;1419
2014-11-05 21:01:00+01;1499
2014-11-06 11:25:00+01;1499
2014-11-06 12:05:00+01;1489
2014-11-06 12:25:00+01;1459
2014-11-06 14:33:00+01;1439
2014-11-06 21:05:00+01;1519
2014-11-07 09:53:00+01;1499
2014-11-07 12:05:00+01;1499
2014-11-07 15:09:00+01;1449
2014-11-07 16:17:00+01;1439
2014-11-07 19:05:00+01;1439
2014-11-07 21:01:00+01;1519
2014-11-08 10:13:00+01;1509
2014-11-08 13:37:00+01;1459
2014-11-08 15:53:00+01;1439
2014-11-08 18:21:00+01;1439
2014-11-08 21:01:00+01;1519
2014-11-09 14:25:00+01;1429
2014-11-09 21:01:00+01;1509
2014-11-10 12:13:00+01;1439
2014-11-10 16:01:00+01;1429
2014-11-10 21:01:00+01;1509
2014-11-11 10:57:00+01;1499
2014-11-11 13:17:00+01;1469
2014-11-11 14:21:00+01;1449
2014-11-11 16:41:00+01;1449
2014-11-11 21:01:00+01;1519
2014-11-12 06:37:00+01;1509
2014-11-12 11:45:00+01;1499
2014-11-12 12:33:00+01;1459
2014-11-12 14:17:00+01;1449
2014-11-12 16:25:00+01;1449
2014-11-12 21:01:00+01;1519
2014-11-13 06:29:00+01;1509
2014-11-13 09:57:00+01;1499
2014-11-13 11:45:00+01;1459
2014-11-13 12:53:00+01;1459
2014-11-13 16:33:00+01;1439
2014-11-13 21:01:00+01;1519
2014-11-14 06:29:00+01;1509
2014-11-14 10:37:00+01;1489
2014-11-14 11:53:00+01;1459
2014-11-14 11:57:00+01;1459
2014-11-14 12:45:00+01;1449
2014-11-14 17:17:00+01;1429
2014-11-14 21:01:00+01;1509
2014-11-15 12:57:00+01;1459
2014-11-15 13:53:00+01;1459
2014-11-15 14:21:00+01;1459
2014-11-15 17:21:00+01;1429
2014-11-15 21:01:00+01;1509
2014-11-16 11:09:00+01;1469
2014-11-16 11:13:00+01;1469
2014-11-16 12:09:00+01;1419
2014-11-16 12:57:00+01;1419
2014-11-16 16:53:00+01;1409
2014-11-16 21:01:00+01;1489
2014-11-17 15:17:00+01;1429
2014-11-17 21:01:00+01;1499
2014-11-18 10:33:00+01;1489
2014-11-18 12:01:00+01;1479
2014-11-18 16:01:00+01;1419
2014-11-18 21:01:00+01;1499
2014-11-19 06:21:00+01;1499
2014-11-19 12:41:00+01;1449
2014-11-19 15:09:00+01;1429
2014-11-19 15:17:00+01;1419
2014-11-19 21:01:00+01;1499
2014-11-20 09:57:00+01;1429
2014-11-20 16:53:00+01;1399
2014-11-20 21:02:00+01;1479
2014-11-21 11:21:00+01;1479
2014-11-21 14:45:00+01;1439
2014-11-21 21:01:00+01;1499
2014-11-22 13:49:00+01;1459
2014-11-22 16:37:00+01;1409
2014-11-22 21:01:00+01;1489
2014-11-23 13:57:00+01;1409
2014-11-23 21:01:00+01;1489
2014-11-24 10:41:00+01;1469
2014-11-24 11:21:00+01;1439
2014-11-24 13:17:00+01;1429
2014-11-24 15:29:00+01;1409
2014-11-24 21:05:00+01;1489
2014-11-25 10:21:00+01;1489
2014-11-25 11:05:00+01;1469
2014-11-25 12:13:00+01;1429
2014-11-25 13:13:00+01;1419
2014-11-25 17:21:00+01;1409
2014-11-25 21:01:00+01;1489
2014-11-26 11:25:00+01;1479
2014-11-26 12:25:00+01;1479
2014-11-26 13:57:00+01;1459
2014-11-26 14:49:00+01;1419
2014-11-26 21:01:00+01;1499
2014-11-27 06:29:00+01;1489
2014-11-27 11:37:00+01;1479
2014-11-27 13:21:00+01;1429
2014-11-27 21:05:00+01;1489
2014-11-28 06:25:00+01;1479
2014-11-28 11:21:00+01;1459
2014-11-28 13:09:00+01;1439
2014-11-28 15:45:00+01;1409
2014-11-28 21:01:00+01;1469
2014-11-29 09:53:00+01;1459
2014-11-29 12:25:00+01;1419
2014-11-29 14:17:00+01;1399
2014-11-29 21:01:00+01;1469
2014-11-30 09:41:00+01;1459
2014-11-30 14:21:00+01;1399
2014-11-30 21:05:00+01;1469
2014-12-01 06:57:00+01;1459
2014-12-01 11:25:00+01;1429
2014-12-01 12:56:00+01;1409
2014-12-01 16:53:00+01;1399
2014-12-01 21:05:00+01;1449
2014-12-02 06:17:00+01;1449
2014-12-02 11:09:00+01;1449
2014-12-02 14:53:00+01;1389
2014-12-02 21:01:00+01;1449
2014-12-03 12:05:00+01;1419
2014-12-03 15:09:00+01;1369
2014-12-03 16:09:00+01;1349
2014-12-03 21:01:00+01;1429
2014-12-04 09:33:00+01;1419
2014-12-04 13:41:00+01;1389
2014-12-04 15:49:00+01;1369
2014-12-04 17:17:00+01;1359
2014-12-04 21:01:00+01;1429
2014-12-05 06:53:00+01;1419
2014-12-05 13:45:00+01;1379
2014-12-05 18:33:00+01;1349
2014-12-05 21:01:00+01;1429
2014-12-06 12:13:00+01;1379
2014-12-06 13:17:00+01;1349
2014-12-06 16:13:00+01;1349
2014-12-06 21:01:00+01;1429
2014-12-07 06:33:00+01;1409
2014-12-07 13:37:00+01;1349
2014-12-07 21:01:00+01;1429
2014-12-08 06:17:00+01;1409
2014-12-08 11:01:00+01;1399
2014-12-08 13:05:00+01;1359
2014-12-08 14:49:00+01;1349
2014-12-08 16:57:00+01;1339
2014-12-08 21:05:00+01;1419
2014-12-09 06:17:00+01;1409
2014-12-09 10:37:00+01;1399
2014-12-09 12:49:00+01;1369
2014-12-09 16:21:00+01;1339
2014-12-09 21:01:00+01;1419
2014-12-10 06:17:00+01;1399
2014-12-10 11:41:00+01;1399
2014-12-10 12:21:00+01;1389
2014-12-10 13:53:00+01;1379
2014-12-10 17:09:00+01;1329
2014-12-10 21:01:00+01;1409
2014-12-11 06:25:00+01;1399
2014-12-11 11:21:00+01;1389
2014-12-11 12:21:00+01;1349
2014-12-11 14:17:00+01;1339
2014-12-11 15:45:00+01;1309
2014-12-11 16:45:00+01;1309
2014-12-11 21:01:00+01;1389
2014-12-12 06:17:00+01;1379
2014-12-12 10:53:00+01;1369
2014-12-12 13:17:00+01;1339
2014-12-12 15:49:00+01;1329
2014-12-12 21:01:00+01;1409
2014-12-13 10:45:00+01;1379
2014-12-13 13:33:00+01;1329
2014-12-13 14:49:00+01;1319
2014-12-13 21:01:00+01;1399
2014-12-14 09:49:00+01;1389
2014-12-14 10:41:00+01;1309
2014-12-14 16:30:01+01;1309
2014-12-14 21:02:01+01;1389
2014-12-15 09:10:02+01;1369
2014-12-15 11:50:01+01;1309
2014-12-15 14:22:01+01;1309
2014-12-15 17:06:01+01;1289
2014-12-15 18:06:01+01;1289
2014-12-15 21:02:01+01;1369
2014-12-16 06:34:01+01;1359
2014-12-16 14:58:01+01;1309
2014-12-16 16:02:01+01;1279
2014-12-16 21:02:01+01;1359
2014-12-17 06:42:01+01;1359
2014-12-17 11:02:01+01;1349
2014-12-17 11:46:01+01;1339
2014-12-17 15:02:01+01;1289
2014-12-17 16:38:01+01;1289
2014-12-17 21:02:01+01;1369
2014-12-18 06:58:01+01;1339
2014-12-18 12:14:01+01;1299
2014-12-18 17:38:01+01;1279
2014-12-18 19:18:01+01;1269
2014-12-18 21:06:01+01;1349
2014-12-19 06:26:01+01;1339
2014-12-19 11:42:01+01;1329
2014-12-19 14:50:01+01;1289
2014-12-19 17:02:01+01;1269
2014-12-19 21:06:01+01;1349
2014-12-20 13:38:01+01;1289
2014-12-20 16:26:01+01;1279
2014-12-20 21:02:01+01;1359
2014-12-21 10:14:01+01;1279
2014-12-21 21:06:01+01;1359
2014-12-22 10:58:01+01;1339
2014-12-22 12:14:01+01;1309
2014-12-22 13:58:01+01;1269
2014-12-22 16:58:01+01;1259
2014-12-22 21:06:01+01;1339
2014-12-23 10:22:01+01;1329
2014-12-23 12:50:01+01;1279
2014-12-23 21:02:01+01;1359
2014-12-24 06:22:01+01;1339
2014-12-24 09:18:01+01;1339
2014-12-24 10:10:01+01;1309
2014-12-24 12:34:01+01;1299
2014-12-24 14:02:01+01;1269
2014-12-24 21:06:01+01;1349
2014-12-25 06:30:01+01;1339
2014-12-25 12:14:01+01;1269
2014-12-25 21:02:01+01;1349
2014-12-26 11:22:01+01;1339
2014-12-26 13:46:01+01;1309
2014-12-26 21:02:01+01;1389
2014-12-27 13:22:01+01;1279
2014-12-27 17:30:01+01;1269
2014-12-27 21:06:01+01;1349
2014-12-28 10:26:01+01;1269
2014-12-28 21:02:01+01;1349
2014-12-29 12:10:01+01;1309
2014-12-29 13:02:01+01;1299
2014-12-29 14:46:01+01;1259
2014-12-29 21:02:01+01;1339
2014-12-30 12:54:01+01;1279
2014-12-30 21:02:01+01;1359
2014-12-31 13:14:01+01;1289
2014-12-31 16:54:01+01;1259
2014-12-31 21:02:01+01;1339
2015-01-01 13:42:01+01;1259
2015-01-01 21:02:01+01;1339
2015-01-02 12:22:01+01;1289
2015-01-02 17:30:01+01;1259
2015-01-02 21:06:03+01;1339
2015-01-03 10:58:01+01;1319
2015-01-03 13:42:01+01;1309
2015-01-03 14:54:01+01;1289
2015-01-03 15:46:01+01;1269
2015-01-03 21:02:01+01;1349
2015-01-04 10:38:01+01;1329
2015-01-04 14:42:01+01;1259
2015-01-04 21:02:01+01;1339
2015-01-05 08:22:01+01;1329
2015-01-05 10:22:01+01;1289
2015-01-05 15:06:01+01;1269
2015-01-05 21:02:01+01;1349
2015-01-06 08:22:01+01;1329
2015-01-06 11:54:01+01;1309
2015-01-06 12:58:01+01;1289
2015-01-06 15:18:01+01;1269
2015-01-06 21:02:01+01;1349
2015-01-07 06:26:01+01;1319
2015-01-07 11:54:01+01;1289
2015-01-07 15:18:01+01;1259
2015-01-07 17:10:01+01;1249
2015-01-07 21:02:01+01;1329
2015-01-08 06:50:01+01;1319
2015-01-08 13:18:01+01;1279
2015-01-08 14:30:01+01;1279
2015-01-08 15:46:01+01;1249
2015-01-08 17:42:01+01;1239
2015-01-08 21:02:01+01;1319
2015-01-09 13:02:01+01;1309
2015-01-09 15:26:01+01;1279
2015-01-09 21:02:01+01;1339
2015-01-10 10:42:01+01;1339
2015-01-10 12:10:01+01;1319
2015-01-10 13:14:01+01;1299
2015-01-10 13:54:01+01;1259
2015-01-10 21:02:01+01;1339
2015-01-11 10:06:01+01;1319
2015-01-11 14:30:01+01;1239
2015-01-11 21:06:01+01;1319
2015-01-12 11:22:01+01;1299
2015-01-12 13:50:01+01;1279
2015-01-12 19:26:01+01;1239
2015-01-12 21:10:01+01;1319
2015-01-13 06:34:01+01;1279
2015-01-13 12:50:01+01;1269
2015-01-13 13:54:01+01;1259
2015-01-13 18:14:01+01;1249
2015-01-13 19:42:01+01;1229
2015-01-13 21:02:01+01;1309
2015-01-14 12:18:01+01;1289
2015-01-14 15:02:01+01;1239
2015-01-14 16:06:01+01;1229
2015-01-14 18:38:01+01;1219
2015-01-14 21:10:01+01;1299
2015-01-15 13:06:01+01;1249
2015-01-15 14:30:01+01;1229
2015-01-15 18:30:01+01;1229
2015-01-15 21:06:01+01;1309
2015-01-16 06:46:01+01;1299
2015-01-16 10:58:01+01;1289
2015-01-16 14:02:01+01;1239
2015-01-16 15:38:01+01;1229
2015-01-16 21:02:01+01;1309
2015-01-17 10:22:01+01;1299
2015-01-17 11:38:01+01;1259
2015-01-17 13:50:01+01;1239
2015-01-17 14:38:01+01;1229
2015-01-17 21:06:01+01;1309
2015-01-18 21:10:01+01;1309
2015-01-19 12:58:01+01;1239
2015-01-19 14:34:01+01;1229
2015-01-19 21:10:01+01;1309
2015-01-20 14:10:01+01;1229
2015-01-20 16:22:01+01;1229
2015-01-20 21:06:01+01;1309
2015-01-21 11:02:01+01;1279
2015-01-21 11:50:01+01;1279
2015-01-21 12:42:01+01;1249
2015-01-21 16:06:01+01;1229
2015-01-21 21:06:01+01;1309
2015-01-22 10:30:01+01;1289
2015-01-22 12:26:01+01;1249
2015-01-22 13:22:01+01;1229
2015-01-22 21:10:01+01;1309
2015-01-23 12:06:01+01;1289
2015-01-23 13:02:01+01;1229
2015-01-23 14:54:02+01;1229
2015-01-23 21:06:01+01;1309
2015-01-24 11:30:01+01;1299
2015-01-24 14:50:01+01;1229
2015-01-24 21:06:02+01;1309
2015-01-25 14:30:01+01;1229
2015-01-25 21:06:01+01;1309
2015-01-26 12:22:01+01;1279
2015-01-26 14:18:01+01;1249
2015-01-26 15:22:01+01;1239
2015-01-26 21:06:01+01;1319
2015-01-27 11:54:01+01;1279
2015-01-27 13:22:01+01;1279
2015-01-27 14:02:01+01;1249
2015-01-27 15:50:01+01;1239
2015-01-27 17:14:01+01;1239
2015-01-27 21:06:01+01;1319
2015-01-28 11:58:01+01;1279
2015-01-28 14:30:01+01;1239
2015-01-28 17:34:01+01;1239
2015-01-28 21:02:01+01;1319
2015-01-29 10:34:01+01;1279
2015-01-29 11:34:01+01;1279
2015-01-29 14:42:02+01;1239
2015-01-29 17:18:01+01;1229
2015-01-29 21:06:01+01;1309
2015-01-30 11:22:01+01;1289
2015-01-30 15:02:01+01;1249
2015-01-30 21:02:01+01;1329
2015-01-31 09:54:01+01;1319
2015-01-31 12:02:01+01;1309
2015-01-31 15:14:01+01;1249
2015-01-31 21:06:01+01;1329
2015-02-01 08:34:01+01;1329
2015-02-01 14:34:01+01;1249
2015-02-01 21:02:01+01;1329
2015-02-02 11:38:01+01;1309
2015-02-02 14:38:01+01;1259
2015-02-02 21:10:01+01;1339
2015-02-03 08:34:01+01;1329
2015-02-03 11:18:01+01;1319
2015-02-03 12:42:01+01;1279
2015-02-03 16:26:01+01;1269
2015-02-03 21:02:01+01;1349
2015-02-04 08:38:01+01;1329
2015-02-04 13:18:01+01;1309
2015-02-04 14:34:01+01;1299
2015-02-04 21:06:01+01;1379
2015-02-05 09:06:01+01;1369
2015-02-05 09:54:01+01;1369
2015-02-05 12:38:01+01;1329
2015-02-05 13:22:01+01;1299
2015-02-05 17:26:01+01;1279
2015-02-05 21:06:01+01;1359
2015-02-06 08:46:01+01;1359
2015-02-06 11:38:01+01;1349
2015-02-06 15:30:01+01;1289
2015-02-06 18:46:01+01;1269
2015-02-06 21:10:01+01;1349
2015-02-07 11:18:01+01;1299
2015-02-07 14:26:01+01;1279
2015-02-07 21:06:01+01;1359
2015-02-08 11:10:01+01;1279
2015-02-08 21:06:01+01;1359
2015-02-09 09:50:01+01;1349
2015-02-09 14:38:01+01;1309
2015-02-09 15:50:01+01;1289
2015-02-09 21:10:01+01;1369
2015-02-10 13:34:01+01;1319
2015-02-10 15:22:01+01;1309
2015-02-10 16:10:01+01;1309
2015-02-10 18:22:01+01;1299
2015-02-10 21:06:01+01;1379
2015-02-11 10:18:01+01;1369
2015-02-11 16:18:01+01;1299
2015-02-11 21:06:01+01;1379
2015-02-12 11:18:01+01;1379
2015-02-12 12:14:01+01;1349
2015-02-12 13:06:01+01;1339
2015-02-12 15:06:01+01;1319
2015-02-12 15:26:01+01;1299
2015-02-12 21:06:01+01;1379
2015-02-13 14:54:01+01;1289
2015-02-13 21:10:01+01;1369
2015-02-14 12:18:01+01;1329
2015-02-14 13:14:01+01;1309
2015-02-14 21:10:01+01;1389
2015-02-15 14:34:01+01;1309
2015-02-15 16:30:01+01;1289
2015-02-15 21:06:01+01;1369
2015-02-16 11:58:01+01;1329
2015-02-16 18:58:01+01;1319
2015-02-16 21:06:01+01;1399
2015-02-17 12:58:01+01;1369
2015-02-17 17:10:01+01;1319
2015-02-17 21:06:01+01;1399
2015-02-18 10:38:01+01;1389
2015-02-18 11:38:01+01;1389
2015-02-18 12:38:01+01;1359
2015-02-18 13:14:01+01;1339
2015-02-18 21:10:01+01;1419
2015-02-19 06:34:01+01;1409
2015-02-19 09:54:01+01;1399
2015-02-19 11:30:01+01;1389
2015-02-19 12:38:01+01;1359
2015-02-19 21:10:01+01;1419
2015-02-20 06:46:01+01;1409
2015-02-20 10:54:01+01;1399
2015-02-20 13:30:01+01;1329
2015-02-20 17:38:01+01;1299
2015-02-20 21:10:01+01;1379
2015-02-21 10:58:01+01;1379
2015-02-21 12:22:01+01;1359
2015-02-21 13:26:01+01;1329
2015-02-21 15:42:01+01;1329
2015-02-21 21:06:01+01;1409
2015-02-22 11:06:01+01;1399
2015-02-22 15:02:01+01;1319
2015-02-22 21:06:01+01;1399
2015-02-23 11:30:01+01;1389
2015-02-23 13:58:01+01;1339
2015-02-23 14:34:01+01;1309
2015-02-23 21:06:01+01;1389
2015-02-24 12:34:01+01;1379
2015-02-24 13:42:01+01;1339
2015-02-24 18:30:01+01;1329
2015-02-24 21:06:01+01;1409
2015-02-25 01:26:01+01;1409
2015-02-25 10:54:01+01;1379
2015-02-25 12:54:01+01;1349
2015-02-25 16:10:01+01;1329
2015-02-25 19:22:01+01;1319
2015-02-25 21:06:01+01;1399
2015-02-26 11:58:01+01;1369
2015-02-26 13:42:01+01;1329
2015-02-26 16:18:01+01;1309
2015-02-26 21:06:01+01;1389
2015-02-27 12:22:01+01;1389
2015-02-27 13:30:01+01;1349
2015-02-27 15:54:01+01;1339
2015-02-27 21:06:01+01;1419
2015-02-28 11:50:01+01;1369
2015-02-28 14:54:01+01;1339
2015-02-28 21:02:01+01;1419
2015-03-01 13:54:01+01;1389
2015-03-01 15:22:01+01;1339
2015-03-01 16:58:01+01;1329
2015-03-01 21:06:01+01;1409
2015-03-02 12:30:01+01;1359
2015-03-02 14:38:01+01;1339
2015-03-02 19:30:01+01;1329
2015-03-02 21:10:01+01;1409
2015-03-03 11:42:01+01;1409
2015-03-03 14:14:01+01;1369
2015-03-03 15:02:01+01;1339
2015-03-03 21:06:01+01;1419
2015-03-04 11:34:01+01;1399
2015-03-04 15:50:01+01;1349
2015-03-04 21:06:01+01;1429
2015-03-05 11:30:01+01;1429
2015-03-05 12:10:01+01;1409
2015-03-05 15:14:01+01;1369
2015-03-05 16:18:01+01;1349
2015-03-05 21:10:01+01;1429
2015-03-06 11:10:01+01;1419
2015-03-06 13:18:01+01;1369
2015-03-06 15:22:01+01;1349
2015-03-06 21:06:01+01;1429
2015-03-07 12:14:01+01;1379
2015-03-07 14:42:01+01;1349
2015-03-07 16:10:01+01;1349
2015-03-07 21:10:01+01;1429
2015-03-08 14:02:01+01;1389
2015-03-08 18:42:01+01;1349
2015-03-08 21:06:01+01;1429
2015-03-09 11:50:01+01;1419
2015-03-09 12:50:01+01;1399
2015-03-09 14:18:01+01;1369
2015-03-09 21:10:01+01;1449
2015-03-10 10:50:01+01;1439
2015-03-10 13:10:01+01;1379
2015-03-10 14:14:01+01;1359
2015-03-10 21:06:01+01;1439
2015-03-11 12:14:01+01;1439
2015-03-11 15:26:01+01;1379
2015-03-11 21:06:01+01;1459
2015-03-12 11:18:01+01;1439
2015-03-12 12:30:01+01;1429
2015-03-12 14:58:01+01;1379
2015-03-12 17:54:01+01;1369
2015-03-12 21:06:01+01;1449
2015-03-13 09:54:01+01;1439
2015-03-13 11:30:01+01;1429
2015-03-13 12:14:01+01;1399
2015-03-13 13:02:01+01;1389
2015-03-13 15:54:01+01;1379
2015-03-13 21:06:01+01;1459
2015-03-14 09:22:01+01;1439
2015-03-14 15:18:02+01;1379
2015-03-14 21:06:01+01;1459
2015-03-15 08:58:01+01;1459
2015-03-15 15:30:01+01;1409
2015-03-15 17:02:01+01;1349
2015-03-15 21:02:01+01;1429
2015-03-16 08:34:01+01;1429
2015-03-16 12:26:01+01;1429
2015-03-16 13:14:01+01;1399
2015-03-16 14:22:01+01;1379
2015-03-16 15:02:01+01;1369
2015-03-16 21:02:01+01;1429
2015-03-17 11:58:01+01;1419
2015-03-17 13:14:01+01;1389
2015-03-17 15:10:01+01;1369
2015-03-17 16:54:01+01;1359
2015-03-17 21:02:01+01;1419
2015-03-18 10:18:01+01;1409
2015-03-18 11:26:01+01;1409
2015-03-18 11:42:01+01;1399
2015-03-18 12:46:01+01;1369
2015-03-18 15:26:01+01;1349
2015-03-18 21:06:02+01;1419
2015-03-19 12:42:01+01;1419
2015-03-19 13:10:01+01;1389
2015-03-19 16:22:01+01;1359
2015-03-19 16:58:01+01;1349
2015-03-19 21:10:01+01;1429
2015-03-20 10:02:01+01;1409
2015-03-20 12:34:01+01;1379
2015-03-20 14:22:01+01;1349
2015-03-20 21:06:01+01;1429
2015-03-21 12:22:01+01;1389
2015-03-21 14:06:01+01;1359
2015-03-21 21:06:01+01;1429
2015-03-22 15:26:01+01;1359
2015-03-22 16:58:01+01;1349
2015-03-22 21:06:01+01;1429
2015-03-23 11:54:01+01;1429
2015-03-23 13:58:01+01;1389
2015-03-23 15:02:01+01;1369
2015-03-23 16:50:01+01;1359
2015-03-23 18:02:01+01;1349
2015-03-23 21:06:01+01;1429
2015-03-24 11:22:01+01;1419
2015-03-24 14:54:01+01;1369
2015-03-24 21:10:01+01;1439
2015-03-25 13:42:01+01;1379
2015-03-25 14:58:01+01;1359
2015-03-25 17:46:01+01;1349
2015-03-25 21:06:01+01;1429
2015-03-26 12:54:01+01;1389
2015-03-26 14:58:01+01;1379
2015-03-26 16:30:01+01;1359
2015-03-26 21:10:01+01;1459
2015-03-27 12:14:01+01;1429
2015-03-27 14:02:01+01;1389
2015-03-27 14:54:01+01;1379
2015-03-27 17:58:01+01;1369
2015-03-27 21:10:01+01;1469
2015-03-28 12:22:01+01;1389
2015-03-28 13:38:01+01;1389
2015-03-28 21:06:01+01;1469
2015-03-29 15:42:01+02;1379
2015-03-29 21:06:01+02;1469
2015-03-30 11:54:01+02;1439
2015-03-30 13:10:01+02;1369
2015-03-30 21:06:01+02;1449
2015-03-31 13:34:01+02;1409
2015-03-31 14:14:01+02;1389
2015-03-31 15:54:01+02;1379
2015-03-31 21:06:01+02;1449
2015-04-01 12:22:01+02;1399
2015-04-01 21:06:01+02;1459
2015-04-02 10:46:01+02;1429
2015-04-02 11:46:01+02;1399
2015-04-02 12:58:01+02;1399
2015-04-02 15:42:01+02;1379
2015-04-02 21:06:01+02;1449
2015-04-03 13:06:01+02;1379
2015-04-03 14:30:01+02;1369
2015-04-03 21:06:01+02;1449
2015-04-04 15:54:01+02;1369
2015-04-04 21:10:01+02;1449
2015-04-05 13:10:01+02;1369
2015-04-05 17:14:01+02;1359
2015-04-05 21:06:01+02;1449
2015-04-06 14:46:01+02;1419
2015-04-06 16:06:01+02;1389
2015-04-06 17:34:01+02;1369
2015-04-06 21:10:01+02;1449
2015-04-07 11:30:01+02;1399
2015-04-07 14:18:01+02;1379
2015-04-07 21:06:01+02;1449
2015-04-08 12:30:01+02;1399
2015-04-08 14:58:01+02;1389
2015-04-08 18:54:01+02;1369
2015-04-08 21:10:01+02;1429
2015-04-09 12:30:01+02;1399
2015-04-09 13:58:01+02;1399
2015-04-09 14:50:01+02;1379
2015-04-09 21:06:01+02;1459
2015-04-10 10:50:01+02;1449
2015-04-10 11:42:01+02;1429
2015-04-10 12:34:01+02;1399
2015-04-10 14:54:01+02;1379
2015-04-10 15:50:01+02;1369
2015-04-10 21:10:01+02;1449
2015-04-11 11:38:01+02;1439
2015-04-11 12:46:01+02;1419
2015-04-11 13:26:01+02;1369
2015-04-11 21:02:01+02;1449
2015-04-12 14:34:01+02;1409
2015-04-12 16:38:01+02;1369
2015-04-12 21:02:01+02;1449
2015-04-13 11:58:01+02;1409
2015-04-13 17:46:01+02;1379
2015-04-13 21:02:01+02;1459
2015-04-14 11:54:01+02;1449
2015-04-14 13:18:01+02;1419
2015-04-14 14:30:01+02;1389
2015-04-14 16:46:01+02;1379
2015-04-14 21:02:01+02;1469
2015-04-15 11:18:01+02;1459
2015-04-15 11:42:01+02;1429
2015-04-15 12:30:01+02;1399
2015-04-15 13:06:01+02;1399
2015-04-15 15:26:01+02;1389
2015-04-15 17:18:01+02;1379
2015-04-15 21:10:01+02;1469
2015-04-16 11:46:01+02;1439
2015-04-16 12:26:01+02;1409
2015-04-16 18:26:01+02;1389
2015-04-16 21:06:01+02;1479
2015-04-17 13:02:01+02;1409
2015-04-17 15:14:01+02;1409
2015-04-17 16:26:01+02;1389
2015-04-17 21:06:01+02;1479
2015-04-18 13:42:01+02;1429
2015-04-18 15:22:01+02;1419
2015-04-18 19:34:01+02;1399
2015-04-18 21:06:01+02;1479
2015-04-19 14:26:01+02;1439
2015-04-19 15:58:01+02;1419
2015-04-19 21:06:01+02;1479
2015-04-20 11:22:01+02;1479
2015-04-20 11:54:01+02;1469
2015-04-20 12:42:01+02;1439
2015-04-20 14:02:01+02;1419
2015-04-20 15:50:01+02;1409
2015-04-20 17:14:01+02;1399
2015-04-20 21:02:01+02;1489
2015-04-21 13:54:01+02;1429
2015-04-21 15:10:01+02;1419
2015-04-21 16:58:01+02;1409
2015-04-21 17:42:01+02;1409
2015-04-21 21:06:01+02;1489
2015-04-22 11:46:01+02;1479
2015-04-22 12:54:01+02;1449
2015-04-22 14:34:01+02;1429
2015-04-22 15:34:01+02;1419
2015-04-22 18:22:01+02;1409
2015-04-22 21:10:01+02;1479
2015-04-23 12:38:01+02;1449
2015-04-23 14:38:01+02;1439
2015-04-23 15:10:01+02;1439
2015-04-23 15:50:01+02;1419
2015-04-23 21:06:01+02;1489
2015-04-24 11:42:01+02;1489
2015-04-24 13:38:01+02;1439
2015-04-24 15:06:01+02;1419
2015-04-24 21:06:01+02;1479
2015-04-25 12:58:01+02;1459
2015-04-25 17:06:01+02;1429
2015-04-25 19:10:01+02;1409
2015-04-25 21:10:01+02;1499
2015-04-26 13:42:01+02;1489
2015-04-26 14:34:01+02;1409
2015-04-26 21:10:01+02;1499
2015-04-27 11:18:01+02;1489
2015-04-27 12:38:01+02;1459
2015-04-27 14:22:01+02;1429
2015-04-27 17:06:01+02;1419
2015-04-27 21:10:01+02;1519
2015-04-28 09:50:01+02;1509
2015-04-28 14:38:01+02;1429
2015-04-28 16:50:01+02;1429
2015-04-28 21:10:01+02;1519
2015-04-29 12:58:01+02;1479
2015-04-29 14:50:01+02;1439
2015-04-29 16:42:01+02;1429
2015-04-29 17:54:01+02;1419
2015-04-29 21:10:01+02;1519
2015-04-30 09:06:01+02;1509
2015-04-30 13:42:01+02;1449
2015-04-30 14:42:01+02;1439
2015-04-30 17:34:01+02;1419
2015-05-01 05:10:01+02;1519
2015-05-01 10:14:01+02;1509
2015-05-01 11:38:01+02;1479
2015-05-01 13:38:01+02;1439
2015-05-01 17:38:01+02;1419
2015-05-01 21:10:01+02;1519
2015-05-02 11:58:01+02;1459
2015-05-02 13:18:01+02;1449
2015-05-02 14:58:01+02;1439
2015-05-02 16:42:01+02;1419
2015-05-02 21:10:01+02;1519
2015-05-03 08:10:01+02;1509
2015-05-03 14:30:01+02;1499
2015-05-03 21:10:01+02;1559
2015-05-04 10:14:02+02;1509
2015-05-04 12:34:01+02;1459
2015-05-04 13:30:01+02;1429
2015-05-04 15:42:01+02;1419
2015-05-04 17:10:01+02;1419
2015-05-04 21:10:01+02;1519
2015-05-05 11:54:01+02;1509
2015-05-05 12:50:01+02;1489
2015-05-05 14:54:01+02;1429
2015-05-05 17:58:01+02;1419
2015-05-05 21:02:01+02;1529
2015-05-06 10:26:01+02;1519
2015-05-06 11:34:01+02;1509
2015-05-06 12:42:01+02;1489
2015-05-06 14:58:01+02;1439
2015-05-06 15:34:01+02;1419
2015-05-06 19:14:01+02;1419
2015-05-06 21:02:01+02;1529
2015-05-07 11:58:01+02;1499
2015-05-07 13:58:01+02;1449
2015-05-07 14:58:02+02;1429
2015-05-07 21:02:01+02;1529
2015-05-08 10:02:01+02;1439
2015-05-08 11:54:01+02;1409
2015-05-08 17:58:01+02;1399
2015-05-08 21:02:01+02;1529
2015-05-09 09:02:01+02;1499
2015-05-09 12:50:01+02;1459
2015-05-09 14:30:01+02;1419
2015-05-09 21:02:01+02;1529
2015-05-10 10:30:01+02;1499
2015-05-10 21:02:01+02;1559
2015-05-11 10:18:01+02;1499
2015-05-11 13:14:01+02;1419
2015-05-11 21:02:01+02;1509
2015-05-12 06:18:01+02;1499
2015-05-12 11:54:01+02;1479
2015-05-12 13:30:01+02;1449
2015-05-12 17:30:01+02;1419
2015-05-12 19:10:01+02;1419
2015-05-12 21:02:01+02;1509
2015-05-13 06:30:01+02;1499
2015-05-13 11:38:01+02;1469
2015-05-13 13:10:01+02;1429
2015-05-13 16:54:01+02;1409
2015-05-13 21:02:01+02;1509
2015-05-14 11:34:01+02;1489
2015-05-14 12:26:02+02;1459
2015-05-14 16:26:01+02;1409
2015-05-14 21:02:01+02;1509
2015-05-15 12:46:01+02;1449
2015-05-15 14:02:01+02;1409
2015-05-15 15:26:01+02;1399
2015-05-15 21:02:01+02;1509
2015-05-16 13:26:01+02;1459
2015-05-16 17:10:01+02;1409
2015-05-16 21:02:01+02;1509
2015-05-17 09:58:01+02;1499
2015-05-17 14:14:01+02;1419
2015-05-17 21:02:01+02;1509
2015-05-18 15:58:01+02;1409
2015-05-18 16:26:01+02;1399
2015-05-18 21:02:01+02;1509
2015-05-19 11:58:01+02;1489
2015-05-19 12:34:01+02;1459
2015-05-19 15:22:01+02;1399
2015-05-19 21:02:01+02;1509
2015-05-20 09:26:01+02;1499
2015-05-20 11:22:01+02;1489
2015-05-20 12:42:01+02;1429
2015-05-20 14:46:01+02;1419
2015-05-20 17:54:01+02;1399
2015-05-20 21:02:01+02;1509
2015-05-21 10:30:01+02;1489
2015-05-21 13:50:01+02;1439
2015-05-21 15:02:01+02;1409
2015-05-21 21:02:01+02;1509
2015-05-22 09:34:01+02;1469
2015-05-22 12:30:01+02;1429
2015-05-22 15:14:01+02;1419
2015-05-22 16:54:01+02;1409
2015-05-22 21:02:01+02;1509
2015-05-23 10:50:01+02;1439
2015-05-23 15:50:01+02;1409
2015-05-23 21:02:01+02;1509
2015-05-24 09:02:01+02;1499
2015-05-24 18:26:01+02;1409
2015-05-24 21:02:01+02;1509
2015-05-25 11:50:01+02;1409
2015-05-25 21:02:01+02;1509
2015-05-26 10:26:01+02;1509
2015-05-26 11:14:01+02;1489
2015-05-26 13:02:01+02;1429
2015-05-26 13:54:01+02;1429
2015-05-26 14:26:01+02;1419
2015-05-26 21:02:01+02;1509
2015-05-27 11:10:01+02;1479
2015-05-27 13:18:01+02;1449
2015-05-27 15:46:01+02;1439
2015-05-27 21:02:01+02;1519
2015-05-28 09:38:01+02;1469
2015-05-28 12:26:01+02;1449
2015-05-28 14:50:01+02;1419
2015-05-28 21:02:01+02;1519
2015-05-29 10:46:01+02;1469
2015-05-29 12:06:01+02;1459
2015-05-29 15:02:01+02;1429
2015-05-29 21:02:01+02;1519
2015-05-30 14:10:01+02;1429
2015-05-30 21:02:01+02;1519
2015-05-31 18:06:01+02;1439
2015-05-31 21:02:01+02;1519
2015-06-01 10:46:01+02;1479
2015-06-01 12:54:01+02;1459
2015-06-01 14:46:01+02;1449
2015-06-01 15:46:01+02;1439
2015-06-01 16:30:01+02;1429
2015-06-01 21:02:01+02;1539
2015-06-02 12:22:01+02;1469
2015-06-02 14:06:01+02;1429
2015-06-02 19:06:01+02;1419
2015-06-02 21:02:01+02;1539
2015-06-03 10:02:01+02;1499
2015-06-03 21:02:01+02;1559
2015-06-04 12:46:01+02;1439
2015-06-04 21:02:01+02;1529
2015-06-05 09:26:01+02;1489
2015-06-05 11:38:01+02;1449
2015-06-05 14:30:01+02;1439
2015-06-05 15:30:01+02;1419
2015-06-05 21:02:01+02;1529
2015-06-06 10:02:01+02;1489
2015-06-06 12:10:01+02;1439
2015-06-06 13:10:01+02;1439
2015-06-06 21:02:01+02;1529
2015-06-07 14:22:01+02;1429
2015-06-07 21:02:01+02;1529
2015-06-08 08:50:01+02;1499
2015-06-08 11:58:01+02;1479
2015-06-08 12:38:01+02;1449
2015-06-08 14:50:01+02;1439
2015-06-08 18:30:01+02;1429
2015-06-08 21:02:01+02;1539
2015-06-09 10:18:01+02;1479
2015-06-09 18:14:01+02;1429
2015-06-09 21:02:01+02;1539
2015-06-10 08:18:01+02;1479
2015-06-10 12:30:01+02;1449
2015-06-10 13:30:01+02;1439
2015-06-10 16:50:01+02;1439
2015-06-10 17:10:01+02;1429
2015-06-10 21:02:01+02;1539
2015-06-11 07:46:01+02;1479
2015-06-11 13:14:01+02;1439
2015-06-11 14:02:01+02;1439
2015-06-11 16:10:01+02;1419
2015-06-11 21:02:01+02;1539
2015-06-12 10:34:01+02;1459
2015-06-12 14:38:01+02;1449
2015-06-12 18:34:01+02;1419
2015-06-12 21:02:01+02;1529
2015-06-13 13:02:01+02;1449
2015-06-13 13:58:01+02;1439
2015-06-13 15:42:01+02;1429
2015-06-13 21:02:01+02;1529
2015-06-14 09:30:01+02;1489
2015-06-14 14:02:01+02;1439
2015-06-14 21:02:01+02;1529
2015-06-15 09:38:01+02;1489
2015-06-15 11:26:01+02;1449
2015-06-15 15:34:01+02;1439
2015-06-15 21:02:01+02;1539
2015-06-16 11:26:01+02;1479
2015-06-16 12:58:01+02;1459
2015-06-16 14:26:01+02;1439
2015-06-16 21:02:01+02;1539
2015-06-17 10:46:01+02;1459
2015-06-17 13:54:01+02;1449
2015-06-17 16:38:01+02;1439
2015-06-17 21:02:01+02;1549
2015-06-18 09:42:01+02;1499
2015-06-18 12:22:01+02;1459
2015-06-18 19:54:01+02;1439
2015-06-18 21:02:01+02;1549
2015-06-19 09:42:01+02;1499
2015-06-19 11:18:01+02;1499
2015-06-19 13:10:01+02;1489
2015-06-19 15:10:01+02;1459
2015-06-19 21:02:01+02;1549
2015-06-20 11:50:01+02;1509
2015-06-20 17:58:01+02;1419
2015-06-20 18:30:01+02;1449
2015-06-20 22:22:01+02;1549
2015-06-21 11:22:01+02;1509
2015-06-21 15:42:01+02;1429
2015-06-21 21:02:01+02;1549
2015-06-22 08:14:01+02;1519
2015-06-22 08:58:01+02;1509
2015-06-22 10:26:01+02;1489
2015-06-22 11:30:01+02;1459
2015-06-22 12:38:01+02;1449
2015-06-22 14:34:01+02;1449
2015-06-22 21:02:01+02;1539
2015-06-23 08:30:01+02;1519
2015-06-23 11:26:01+02;1459
2015-06-23 12:34:01+02;1439
2015-06-23 17:30:01+02;1429
2015-06-23 21:02:01+02;1539
2015-06-24 07:54:01+02;1509
2015-06-24 10:18:01+02;1479
2015-06-24 10:38:01+02;1449
2015-06-24 12:02:01+02;1479
2015-06-24 12:38:01+02;1459
2015-06-24 13:38:01+02;1429
2015-06-24 21:02:01+02;1539
2015-06-25 09:58:01+02;1499
2015-06-25 10:38:01+02;1449
2015-06-25 12:02:01+02;1479
2015-06-25 13:30:01+02;1429
2015-06-25 16:34:01+02;1409
2015-06-25 21:02:01+02;1529
2015-06-26 08:14:01+02;1519
2015-06-26 10:06:01+02;1449
2015-06-26 11:10:01+02;1439
2015-06-26 12:02:01+02;1469
2015-06-26 15:10:01+02;1439
2015-06-26 17:58:01+02;1429
2015-06-26 21:02:01+02;1519
2015-06-27 11:14:01+02;1479
2015-06-27 12:02:01+02;1509
2015-06-27 13:22:01+02;1459
2015-06-27 14:34:01+02;1449
2015-06-27 18:02:01+02;1429
2015-06-27 21:02:01+02;1519
2015-06-28 10:26:01+02;1419
2015-06-28 12:02:01+02;1449
2015-06-28 15:22:01+02;1419
2015-06-28 21:02:01+02;1519
2015-06-29 12:02:01+02;1549
2015-06-29 12:10:01+02;1479
2015-06-29 14:58:01+02;1479
2015-06-29 15:02:01+02;1449
2015-06-29 16:30:01+02;1449
2015-06-29 21:02:01+02;1519
2015-06-30 12:02:01+02;1549
2015-06-30 12:10:02+02;1479
2015-06-30 13:42:01+02;1449
2015-06-30 15:22:01+02;1439
2015-06-30 16:10:01+02;1439
2015-06-30 18:14:01+02;1429
2015-06-30 21:02:01+02;1519
2015-07-01 10:30:01+02;1469
2015-07-01 12:02:01+02;1499
2015-07-01 14:06:01+02;1459
2015-07-01 15:18:01+02;1449
2015-07-01 15:58:01+02;1449
2015-07-01 16:50:01+02;1439
2015-07-01 18:38:01+02;1419
2015-07-01 21:02:01+02;1519
2015-07-02 12:02:01+02;1549
2015-07-02 12:10:01+02;1479
2015-07-02 14:02:01+02;1459
2015-07-02 15:02:01+02;1449
2015-07-02 17:18:01+02;1439
2015-07-02 21:02:01+02;1519
2015-07-03 10:50:01+02;1479
2015-07-03 12:02:01+02;1509
2015-07-03 12:14:01+02;1479
2015-07-03 14:22:01+02;1459
2015-07-03 14:58:01+02;1429
2015-07-03 21:02:01+02;1529
2015-07-04 10:10:01+02;1509
2015-07-04 12:02:01+02;1539
2015-07-04 14:06:01+02;1449
2015-07-04 15:38:01+02;1419
2015-07-04 21:02:01+02;1529
2015-07-05 11:06:01+02;1489
2015-07-05 12:02:01+02;1519
2015-07-05 14:06:01+02;1429
2015-07-05 21:02:01+02;1529
2015-07-06 10:14:01+02;1509
2015-07-06 12:02:01+02;1539
2015-07-06 13:46:01+02;1459
2015-07-06 17:14:01+02;1429
2015-07-06 21:02:01+02;1529
2015-07-07 09:14:01+02;1499
2015-07-07 12:02:01+02;1529
2015-07-07 12:18:01+02;1499
2015-07-07 13:58:02+02;1459
2015-07-07 15:38:01+02;1449
2015-07-07 16:18:01+02;1439
2015-07-07 18:50:01+02;1429
2015-07-07 21:02:01+02;1529
2015-07-08 10:30:01+02;1509
2015-07-08 12:02:01+02;1539
2015-07-08 12:06:01+02;1479
2015-07-08 14:14:01+02;1479
2015-07-08 16:18:01+02;1439
2015-07-09 07:06:01+02;1549
2015-07-09 10:14:01+02;1449
2015-07-09 12:18:01+02;1479
2015-07-09 16:30:01+02;1449
2015-07-10 07:30:01+02;1559
2015-07-10 12:06:01+02;1479
2015-07-10 17:26:01+02;1449
2015-07-10 21:02:01+02;1559
2015-07-11 10:06:01+02;1509
2015-07-11 12:02:01+02;1539
2015-07-11 14:14:01+02;1519
2015-07-11 15:14:01+02;1489
2015-07-11 17:26:01+02;1479
2015-07-11 21:02:01+02;1559
2015-07-12 10:22:01+02;1519
2015-07-12 12:02:01+02;1549
2015-07-12 13:38:01+02;1489
2015-07-12 14:22:01+02;1459
2015-07-12 21:02:01+02;1559
2015-07-13 09:22:01+02;1519
2015-07-13 11:22:01+02;1499
2015-07-13 12:02:01+02;1529
2015-07-13 13:38:01+02;1499
2015-07-13 15:02:01+02;1489
2015-07-13 17:02:01+02;1469
2015-07-13 21:02:01+02;1559
2015-07-14 09:42:01+02;1589
2015-07-14 10:26:01+02;1519
2015-07-14 12:06:01+02;1549
2015-07-14 12:18:01+02;1549
2015-07-14 14:06:01+02;1529
2015-07-14 14:10:01+02;1519
2015-07-14 15:58:01+02;1489
2015-07-14 17:06:01+02;1479
2015-07-14 18:38:01+02;1459
2015-07-14 21:02:01+02;1539
2015-07-15 09:02:01+02;1569
2015-07-15 10:50:01+02;1499
2015-07-15 12:02:01+02;1529
2015-07-15 12:18:01+02;1519
2015-07-15 13:50:01+02;1489
2015-07-15 17:30:02+02;1459
2015-07-15 21:02:01+02;1539
2015-07-16 08:38:01+02;1499
2015-07-16 12:02:01+02;1529
2015-07-16 13:34:01+02;1469
2015-07-16 15:22:01+02;1439
2015-07-16 18:18:02+02;1429
2015-07-16 21:02:01+02;1539
2015-07-17 08:46:01+02;1489
2015-07-17 12:02:01+02;1519
2015-07-17 12:22:01+02;1509
2015-07-17 14:18:01+02;1489
2015-07-17 15:10:01+02;1469
2015-07-17 21:02:01+02;1529
2015-07-18 09:06:01+02;1469
2015-07-18 12:02:01+02;1499
2015-07-18 14:06:01+02;1469
2015-07-18 16:42:01+02;1449
2015-07-18 21:02:01+02;1529
2015-07-19 11:34:01+02;1469
2015-07-19 12:02:01+02;1499
2015-07-19 13:46:01+02;1429
2015-07-19 21:02:01+02;1529
2015-07-20 09:42:01+02;1469
2015-07-20 12:02:01+02;1499
2015-07-20 12:10:01+02;1499
2015-07-20 13:38:01+02;1479
2015-07-20 14:58:01+02;1439
2015-07-20 16:42:01+02;1429
2015-07-20 21:02:01+02;1529
2015-07-21 09:02:01+02;1559
2015-07-21 09:18:01+02;1479
2015-07-21 10:02:01+02;1469
2015-07-21 12:02:01+02;1499
2015-07-21 13:34:01+02;1459
2015-07-21 14:42:01+02;1429
2015-07-21 21:02:01+02;1529
2015-07-22 09:02:01+02;1559
2015-07-22 09:58:01+02;1479
2015-07-22 12:02:01+02;1509
2015-07-22 13:46:01+02;1459
2015-07-22 15:34:01+02;1429
2015-07-22 18:46:01+02;1429
2015-07-22 21:02:01+02;1529
2015-07-23 06:38:01+02;1489
2015-07-23 09:02:01+02;1519
2015-07-23 09:58:01+02;1489
2015-07-23 11:10:01+02;1429
2015-07-23 12:02:01+02;1459
2015-07-23 16:30:01+02;1429
2015-07-23 21:02:01+02;1519
2015-07-24 06:26:01+02;1489
2015-07-24 09:02:01+02;1519
2015-07-24 09:38:01+02;1479
2015-07-24 10:54:01+02;1459
2015-07-24 12:02:01+02;1489
2015-07-24 12:10:01+02;1459
2015-07-24 15:58:01+02;1429
2015-07-24 21:02:01+02;1519
2015-07-25 09:54:01+02;1469
2015-07-25 12:06:01+02;1499
2015-07-25 13:38:01+02;1459
2015-07-25 15:38:01+02;1429
2015-07-25 21:06:01+02;1519
2015-07-26 10:10:02+02;1479
2015-07-26 10:50:01+02;1429
2015-07-26 12:02:01+02;1459
2015-07-26 12:46:01+02;1449
2015-07-26 14:02:01+02;1419
2015-07-26 21:06:01+02;1519
2015-07-27 06:26:01+02;1469
2015-07-27 09:02:01+02;1499
2015-07-27 09:34:01+02;1469
2015-07-27 11:22:01+02;1449
2015-07-27 12:02:01+02;1479
2015-07-27 13:18:01+02;1459
2015-07-27 15:26:01+02;1419
2015-07-27 21:06:01+02;1519
2015-07-28 06:18:01+02;1459
2015-07-28 09:02:01+02;1489
2015-07-28 09:18:01+02;1459
2015-07-28 12:02:01+02;1439
2015-07-28 12:10:02+02;1469
2015-07-28 14:34:01+02;1399
2015-07-28 21:02:01+02;1509
2015-07-29 07:14:01+02;1459
2015-07-29 09:06:01+02;1489
2015-07-29 09:38:01+02;1449
2015-07-29 12:02:01+02;1479
2015-07-29 15:22:01+02;1459
2015-07-29 17:54:01+02;1409
2015-07-29 21:02:01+02;1509
2015-07-30 06:38:01+02;1459
2015-07-30 09:02:01+02;1489
2015-07-30 09:34:01+02;1459
2015-07-30 11:02:01+02;1429
2015-07-30 12:10:01+02;1459
2015-07-30 13:54:01+02;1449
2015-07-30 16:06:01+02;1419
2015-07-30 21:02:01+02;1519
2015-07-31 06:38:01+02;1459
2015-07-31 09:02:01+02;1489
2015-07-31 10:22:01+02;1459
2015-07-31 12:02:01+02;1489
2015-07-31 13:26:01+02;1469
2015-07-31 15:10:01+02;1439
2015-07-31 17:14:01+02;1419
2015-07-31 21:02:01+02;1529
2015-08-01 07:38:01+02;1459
2015-08-01 09:38:01+02;1459
2015-08-01 12:02:01+02;1489
2015-08-01 17:06:01+02;1429
2015-08-01 17:22:01+02;1419
2015-08-01 19:18:01+02;1409
2015-08-01 21:02:01+02;1529
2015-08-02 07:02:01+02;1469
2015-08-02 09:50:01+02;1429
2015-08-02 12:02:01+02;1459
2015-08-02 13:46:01+02;1449
2015-08-02 15:22:01+02;1419
2015-08-02 21:02:01+02;1529
2015-08-03 06:38:01+02;1479
2015-08-03 09:34:01+02;1469
2015-08-03 12:02:01+02;1499
2015-08-03 12:10:01+02;1459
2015-08-03 15:18:01+02;1439
2015-08-03 16:02:01+02;1469
2015-08-03 17:46:01+02;1419
2015-08-03 21:02:01+02;1519
2015-08-04 06:26:01+02;1479
2015-08-04 09:14:01+02;1469
2015-08-04 12:02:01+02;1499
2015-08-04 13:26:01+02;1459
2015-08-04 14:58:01+02;1439
2015-08-04 16:02:01+02;1469
2015-08-04 16:54:01+02;1449
2015-08-04 17:46:01+02;1419
2015-08-04 21:02:01+02;1519
2015-08-05 06:22:01+02;1479
2015-08-05 08:30:01+02;1469
2015-08-05 10:58:01+02;1459
2015-08-05 12:02:01+02;1489
2015-08-05 13:38:01+02;1439
2015-08-05 16:02:01+02;1469
2015-08-05 19:06:01+02;1409
2015-08-05 21:02:01+02;1519
2015-08-06 06:18:01+02;1469
2015-08-06 10:54:01+02;1449
2015-08-06 12:02:01+02;1479
2015-08-06 12:10:01+02;1449
2015-08-06 13:18:01+02;1439
2015-08-06 16:02:01+02;1469
2015-08-06 16:10:01+02;1449
2015-08-06 18:26:01+02;1409
2015-08-06 21:02:01+02;1519
2015-08-07 06:18:01+02;1459
2015-08-07 10:02:01+02;1459
2015-08-07 12:02:01+02;1489
2015-08-07 13:54:01+02;1439
2015-08-07 15:26:01+02;1409
2015-08-07 16:02:01+02;1439
2015-08-07 18:18:01+02;1409
2015-08-07 21:02:01+02;1499
2015-08-08 09:42:01+02;1459
2015-08-08 12:02:01+02;1489
2015-08-08 14:02:01+02;1459
2015-08-08 15:50:01+02;1439
2015-08-08 21:02:01+02;1499
2015-08-09 08:34:01+02;1459
2015-08-09 12:02:01+02;1489
2015-08-09 13:34:01+02;1439
2015-08-09 15:46:01+02;1409
2015-08-09 21:02:01+02;1499
2015-08-10 10:46:01+02;1429
2015-08-10 12:02:01+02;1459
2015-08-10 13:22:01+02;1439
2015-08-10 14:58:01+02;1419
2015-08-10 16:02:01+02;1449
2015-08-10 17:18:01+02;1429
2015-08-10 17:42:01+02;1399
2015-08-10 21:02:01+02;1489
2015-08-11 06:26:01+02;1449
2015-08-11 09:34:01+02;1439
2015-08-11 12:02:02+02;1469
2015-08-11 12:10:01+02;1429
2015-08-11 13:42:01+02;1429
2015-08-11 15:10:01+02;1419
2015-08-11 16:02:01+02;1449
2015-08-11 18:22:01+02;1389
2015-08-11 21:02:01+02;1479
2015-08-12 09:10:01+02;1439
2015-08-12 12:02:01+02;1469
2015-08-12 14:22:01+02;1399
2015-08-12 15:02:01+02;1369
2015-08-12 16:02:01+02;1399
2015-08-12 17:38:01+02;1369
2015-08-12 21:02:01+02;1479
2015-08-13 06:38:01+02;1429
2015-08-13 10:54:01+02;1409
2015-08-13 12:02:01+02;1439
2015-08-13 13:38:01+02;1419
2015-08-13 16:02:01+02;1449
2015-08-13 19:18:01+02;1399
2015-08-13 21:02:01+02;1479
2015-08-14 09:34:01+02;1419
2015-08-14 12:02:01+02;1449
2015-08-14 14:34:01+02;1419
2015-08-14 14:50:01+02;1419
2015-08-14 16:02:01+02;1449
2015-08-14 18:34:01+02;1369
2015-08-14 21:02:01+02;1459
2015-08-15 09:30:01+02;1419
2015-08-15 11:18:01+02;1389
2015-08-15 12:02:01+02;1419
2015-08-15 14:26:01+02;1369
2015-08-15 18:18:01+02;1369
2015-08-15 21:02:01+02;1459
2015-08-16 11:42:01+02;1399
2015-08-16 12:02:01+02;1429
2015-08-16 13:50:01+02;1369
2015-08-16 20:02:01+02;1349
2015-08-16 21:02:01+02;1349
2015-08-17 09:26:02+02;1349
2015-08-17 12:02:01+02;1379
2015-08-17 14:46:01+02;1349
2015-08-17 17:42:01+02;1349
2015-08-17 21:02:01+02;1459
2015-08-18 11:02:01+02;1399
2015-08-18 12:02:01+02;1439
2015-08-18 13:34:01+02;1409
2015-08-18 14:22:01+02;1379
2015-08-18 17:42:01+02;1369
2015-08-18 21:02:01+02;1449
2015-08-19 06:38:01+02;1429
2015-08-19 09:18:01+02;1409
2015-08-19 12:02:01+02;1449
2015-08-19 14:26:01+02;1389
2015-08-19 21:02:01+02;1449
2015-08-20 11:10:01+02;1389
2015-08-20 12:02:01+02;1429
2015-08-20 13:22:01+02;1399
2015-08-20 16:06:01+02;1369
2015-08-20 21:02:01+02;1449
2015-08-21 09:02:01+02;1409
2015-08-21 09:58:01+02;1399
2015-08-21 10:38:01+02;1369
2015-08-21 12:02:01+02;1409
2015-08-21 14:50:01+02;1379
2015-08-21 17:46:02+02;1349
2015-08-21 21:02:01+02;1439
2015-08-22 10:22:01+02;1389
2015-08-22 12:02:01+02;1429
2015-08-22 13:30:01+02;1399
2015-08-22 14:38:01+02;1379
2015-08-22 16:42:01+02;1359
2015-08-22 21:02:01+02;1439
2015-08-23 10:10:01+02;1369
2015-08-23 12:02:01+02;1409
2015-08-23 13:46:01+02;1389
2015-08-23 17:14:01+02;1359
2015-08-23 21:02:01+02;1439
2015-08-24 06:18:01+02;1399
2015-08-24 09:42:01+02;1389
2015-08-24 12:02:01+02;1429
2015-08-24 14:10:01+02;1379
2015-08-24 15:54:01+02;1369
2015-08-24 17:30:01+02;1359
2015-08-24 17:46:01+02;1349
2015-08-24 21:02:01+02;1419
2015-08-25 06:42:01+02;1399
2015-08-25 08:10:01+02;1389
2015-08-25 12:02:01+02;1429
2015-08-25 12:10:01+02;1399
2015-08-25 13:34:01+02;1379
2015-08-25 14:26:01+02;1349
2015-08-25 19:22:01+02;1339
2015-08-25 21:02:01+02;1419
2015-08-26 00:26:01+02;1419
2015-08-26 00:42:01+02;1419
2015-08-26 06:22:01+02;1379
2015-08-26 09:54:01+02;1359
2015-08-26 12:02:01+02;1399
2015-08-26 13:58:01+02;1359
2015-08-26 14:58:01+02;1339
2015-08-26 17:34:01+02;1319
2015-08-26 21:02:01+02;1419
2015-08-27 06:22:01+02;1369
2015-08-27 09:38:01+02;1359
2015-08-27 11:10:01+02;1339
2015-08-27 12:02:01+02;1379
2015-08-27 13:50:01+02;1359
2015-08-27 14:30:01+02;1339
2015-08-27 16:38:01+02;1329
2015-08-27 17:14:01+02;1329
2015-08-27 18:18:01+02;1319
2015-08-27 21:02:01+02;1409
2015-08-28 06:14:01+02;1359
2015-08-28 09:22:01+02;1359
2015-08-28 09:54:01+02;1349
2015-08-28 12:02:01+02;1389
2015-08-28 13:42:01+02;1349
2015-08-28 14:18:01+02;1339
2015-08-28 16:10:01+02;1329
2015-08-28 17:54:01+02;1319
2015-08-28 19:02:01+02;1309
2015-08-28 21:02:01+02;1419
2015-08-29 09:14:01+02;1359
2015-08-29 09:54:01+02;1349
2015-08-29 12:02:01+02;1389
2015-08-29 13:26:01+02;1369
2015-08-29 14:18:01+02;1339
2015-08-29 17:26:01+02;1299
2015-08-29 21:02:01+02;1419
2015-08-30 06:26:01+02;1359
2015-08-30 11:14:01+02;1329
2015-08-30 12:02:01+02;1369
2015-08-30 13:26:01+02;1339
2015-08-30 14:14:01+02;1339
2015-08-30 15:30:01+02;1309
2015-08-30 21:06:01+02;1419
2015-08-31 06:18:01+02;1369
2015-08-31 08:38:01+02;1359
2015-08-31 09:42:01+02;1339
2015-08-31 12:02:01+02;1379
2015-08-31 12:10:01+02;1379
2015-08-31 14:30:01+02;1339
2015-08-31 19:22:01+02;1309
2015-08-31 21:02:01+02;1429
2015-09-01 06:14:01+02;1379
2015-09-01 09:26:01+02;1369
2015-09-01 10:54:01+02;1339
2015-09-01 12:02:01+02;1379
2015-09-01 14:18:01+02;1349
2015-09-01 15:22:01+02;1329
2015-09-01 16:30:01+02;1319
2015-09-01 21:02:01+02;1439
2015-09-02 06:26:01+02;1379
2015-09-02 10:18:01+02;1369
2015-09-02 12:02:01+02;1409
2015-09-02 12:10:01+02;1399
2015-09-02 14:38:01+02;1359
2015-09-02 16:22:01+02;1339
2015-09-02 16:38:01+02;1329
2015-09-02 21:02:01+02;1429
2015-09-03 06:38:01+02;1379
2015-09-03 12:02:01+02;1419
2015-09-03 12:14:01+02;1379
2015-09-03 13:30:01+02;1349
2015-09-03 16:10:01+02;1309
2015-09-03 17:14:01+02;1309
2015-09-03 21:02:01+02;1429
2015-09-04 08:50:01+02;1369
2015-09-04 10:02:01+02;1339
2015-09-04 10:38:01+02;1339
2015-09-04 12:02:01+02;1379
2015-09-04 13:34:01+02;1349
2015-09-04 16:10:02+02;1339
2015-09-04 21:02:01+02;1429
2015-09-05 09:54:01+02;1339
2015-09-05 12:02:01+02;1379
2015-09-05 14:22:01+02;1339
2015-09-05 21:02:01+02;1429
2015-09-06 06:30:01+02;1389
2015-09-06 10:02:01+02;1339
2015-09-06 12:02:01+02;1379
2015-09-06 12:10:01+02;1369
2015-09-06 13:34:01+02;1359
2015-09-06 14:58:01+02;1329
2015-09-06 21:02:01+02;1429
2015-09-07 06:26:01+02;1389
2015-09-07 08:42:01+02;1369
2015-09-07 09:50:01+02;1309
2015-09-07 12:02:01+02;1349
2015-09-07 14:14:01+02;1309
2015-09-07 21:02:01+02;1429
2015-09-08 06:42:01+02;1369
2015-09-08 10:34:01+02;1319
2015-09-08 12:02:01+02;1359
2015-09-08 12:06:01+02;1359
2015-09-08 14:02:01+02;1339
2015-09-08 15:10:01+02;1309
2015-09-08 21:02:01+02;1429
2015-09-09 06:46:01+02;1369
2015-09-09 08:58:01+02;1359
2015-09-09 12:02:01+02;1399
2015-09-09 14:58:01+02;1309
2015-09-09 16:50:01+02;1299
2015-09-09 21:02:01+02;1429
2015-09-10 06:38:01+02;1369
2015-09-10 08:14:01+02;1359
2015-09-10 10:30:02+02;1359
2015-09-10 12:02:01+02;1399
2015-09-10 13:38:01+02;1359
2015-09-10 15:50:01+02;1339
2015-09-10 16:34:01+02;1329
2015-09-10 17:42:01+02;1329
2015-09-10 21:02:01+02;1429
2015-09-11 07:14:01+02;1389
2015-09-11 08:42:01+02;1369
2015-09-11 12:02:01+02;1409
2015-09-11 12:10:01+02;1359
2015-09-11 14:42:01+02;1339
2015-09-11 16:50:01+02;1309
2015-09-11 21:02:01+02;1429
2015-09-12 10:26:01+02;1349
2015-09-12 12:02:01+02;1389
2015-09-12 13:42:01+02;1349
2015-09-12 14:18:02+02;1329
2015-09-12 17:02:01+02;1329
2015-09-12 21:02:01+02;1429
2015-09-13 09:42:01+02;1329
2015-09-13 12:02:01+02;1369
2015-09-13 13:38:01+02;1349
2015-09-13 16:06:01+02;1319
2015-09-13 21:02:01+02;1429
2015-09-14 10:58:01+02;1329
2015-09-14 12:02:01+02;1369
2015-09-14 14:02:01+02;1339
2015-09-14 17:02:01+02;1329
2015-09-14 21:02:01+02;1429
2015-09-15 09:14:01+02;1369
2015-09-15 10:30:01+02;1339
2015-09-15 12:02:01+02;1379
2015-09-15 15:02:01+02;1309
2015-09-15 18:02:01+02;1309
2015-09-15 21:02:01+02;1399
2015-09-16 09:54:01+02;1339
2015-09-16 12:02:01+02;1379
2015-09-16 13:42:02+02;1359
2015-09-16 14:22:01+02;1329
2015-09-16 16:50:01+02;1319
2015-09-16 21:02:01+02;1399
2015-09-17 10:50:02+02;1329
2015-09-17 12:02:01+02;1369
2015-09-17 13:54:01+02;1339
2015-09-17 18:26:01+02;1319
2015-09-17 21:02:01+02;1399
2015-09-18 09:30:01+02;1349
2015-09-18 10:02:01+02;1339
2015-09-18 12:02:01+02;1379
2015-09-18 13:42:01+02;1339
2015-09-18 16:26:01+02;1309
2015-09-18 21:02:01+02;1399
2015-09-19 09:34:01+02;1369
2015-09-19 10:02:01+02;1369
2015-09-19 12:02:01+02;1409
2015-09-19 13:46:01+02;1349
2015-09-19 14:14:01+02;1349
2015-09-19 14:46:01+02;1319
2015-09-19 18:06:01+02;1289
2015-09-19 21:02:01+02;1399
2015-09-20 09:30:01+02;1329
2015-09-20 12:02:01+02;1369
2015-09-20 12:06:01+02;1349
2015-09-20 14:18:01+02;1289
2015-09-20 21:02:01+02;1399
2015-09-21 06:46:01+02;1349
2015-09-21 09:30:01+02;1339
2015-09-21 10:18:01+02;1329
2015-09-21 12:02:01+02;1369
2015-09-21 14:58:01+02;1339
2015-09-21 15:30:01+02;1329
2015-09-21 18:34:01+02;1319
2015-09-21 21:02:01+02;1399
2015-09-22 06:42:01+02;1359
2015-09-22 10:26:01+02;1349
2015-09-22 12:02:01+02;1389
2015-09-22 12:58:01+02;1379
2015-09-22 15:02:01+02;1339
2015-09-22 16:26:01+02;1329
2015-09-22 17:58:01+02;1309
2015-09-22 21:02:01+02;1399
2015-09-23 06:42:01+02;1369
2015-09-23 12:02:01+02;1409
2015-09-23 13:06:01+02;1379
2015-09-23 14:58:01+02;1329
2015-09-23 18:34:01+02;1309
2015-09-23 21:02:01+02;1399
2015-09-24 06:34:01+02;1369
2015-09-24 10:50:01+02;1309
2015-09-24 12:02:01+02;1349
2015-09-24 13:42:01+02;1339
2015-09-24 15:10:01+02;1309
2015-09-24 21:02:01+02;1399
2015-09-25 07:06:01+02;1359
2015-09-25 08:18:01+02;1339
2015-09-25 10:30:01+02;1329
2015-09-25 12:34:01+02;1369
2015-09-25 12:42:01+02;1359
2015-09-25 13:30:01+02;1349
2015-09-25 14:58:01+02;1309
2015-09-25 17:58:01+02;1299
2015-09-25 21:02:01+02;1399
2015-09-26 10:06:01+02;1339
2015-09-26 12:02:01+02;1379
2015-09-26 13:22:01+02;1349
2015-09-26 14:26:01+02;1319
2015-09-26 15:54:01+02;1309
2015-09-26 17:18:01+02;1299
2015-09-26 21:02:01+02;1399
2015-09-27 07:22:01+02;1359
2015-09-27 10:58:01+02;1329
2015-09-27 12:02:01+02;1369
2015-09-27 14:10:01+02;1339
2015-09-27 17:10:01+02;1309
2015-09-27 21:02:01+02;1399
2015-09-28 06:18:01+02;1359
2015-09-28 07:58:01+02;1349
2015-09-28 09:58:01+02;1339
2015-09-28 12:02:01+02;1379
2015-09-28 13:38:01+02;1339
2015-09-28 16:54:01+02;1319
2015-09-28 21:02:01+02;1399
2015-09-29 07:46:01+02;1359
2015-09-29 09:54:01+02;1359
2015-09-29 10:18:01+02;1339
2015-09-29 12:02:01+02;1379
2015-09-29 12:06:01+02;1369
2015-09-29 13:46:01+02;1339
2015-09-29 16:34:01+02;1319
2015-09-29 21:02:01+02;1389
2015-09-30 06:18:01+02;1369
2015-09-30 07:46:01+02;1359
2015-09-30 10:30:01+02;1349
2015-09-30 12:14:01+02;1389
2015-09-30 13:34:01+02;1339
2015-09-30 16:10:02+02;1319
2015-09-30 21:02:01+02;1389
2015-10-01 06:18:01+02;1339
2015-10-01 12:02:01+02;1379
2015-10-01 12:14:01+02;1349
2015-10-01 13:26:01+02;1339
2015-10-01 14:30:01+02;1309
2015-10-01 15:18:01+02;1279
2015-10-01 17:54:01+02;1279
2015-10-01 21:02:01+02;1389
2015-10-02 06:18:01+02;1339
2015-10-02 12:02:01+02;1379
2015-10-02 13:30:01+02;1339
2015-10-02 16:14:01+02;1329
2015-10-02 18:54:01+02;1279
2015-10-02 21:02:01+02;1379
2015-10-03 10:22:01+02;1339
2015-10-03 12:02:01+02;1379
2015-10-03 12:38:01+02;1309
2015-10-03 13:26:01+02;1279
2015-10-03 16:54:01+02;1269
2015-10-03 21:02:01+02;1379
2015-10-04 10:02:01+02;1299
2015-10-04 12:02:01+02;1339
2015-10-04 21:02:01+02;1399
2015-10-05 06:42:01+02;1329
2015-10-05 12:02:01+02;1369
2015-10-05 14:38:01+02;1319
2015-10-05 15:50:01+02;1309
2015-10-05 21:02:01+02;1379
2015-10-06 06:30:01+02;1339
2015-10-06 12:02:01+02;1379
2015-10-06 13:58:01+02;1319
2015-10-06 15:50:01+02;1289
2015-10-06 21:02:01+02;1379
2015-10-07 06:54:01+02;1339
2015-10-07 11:14:01+02;1309
2015-10-07 11:22:01+02;1309
2015-10-07 12:02:01+02;1349
2015-10-07 14:02:01+02;1319
2015-10-07 16:02:01+02;1309
2015-10-07 18:10:01+02;1289
2015-10-07 21:02:01+02;1379
2015-10-08 06:14:01+02;1339
2015-10-08 10:22:01+02;1309
2015-10-08 12:02:01+02;1349
2015-10-08 13:46:01+02;1329
2015-10-08 15:02:01+02;1309
2015-10-08 21:02:01+02;1379
2015-10-09 06:46:01+02;1359
2015-10-09 10:18:01+02;1349
2015-10-09 12:02:01+02;1389
2015-10-09 14:50:01+02;1339
2015-10-09 15:42:01+02;1319
2015-10-09 17:18:01+02;1299
2015-10-09 19:18:01+02;1279
2015-10-09 21:02:01+02;1389
2015-10-10 09:42:01+02;1339
2015-10-10 12:02:02+02;1379
2015-10-10 14:02:01+02;1339
2015-10-10 14:38:01+02;1339
2015-10-10 17:02:01+02;1309
2015-10-10 21:02:01+02;1389
2015-10-11 06:22:01+02;1359
2015-10-11 12:02:01+02;1399
2015-10-11 12:06:01+02;1349
2015-10-11 15:14:01+02;1319
2015-10-11 15:50:01+02;1309
2015-10-11 21:02:01+02;1389
2015-10-12 09:42:01+02;1309
2015-10-12 12:02:01+02;1349
2015-10-12 14:10:01+02;1309
2015-10-12 21:02:01+02;1389
2015-10-13 06:22:01+02;1349
2015-10-13 10:30:01+02;1339
2015-10-13 12:02:01+02;1379
2015-10-13 13:30:01+02;1339
2015-10-13 14:14:01+02;1309
2015-10-13 21:02:01+02;1389
2015-10-14 06:18:01+02;1349
2015-10-14 10:10:01+02;1349
2015-10-14 12:02:01+02;1389
2015-10-14 12:14:01+02;1329
2015-10-14 13:30:01+02;1319
2015-10-14 15:50:01+02;1309
2015-10-14 21:02:01+02;1389
2015-10-15 06:18:01+02;1349
2015-10-15 10:18:01+02;1349
2015-10-15 12:02:01+02;1389
2015-10-15 13:58:01+02;1339
2015-10-15 16:10:01+02;1299
2015-10-15 21:02:01+02;1389
2015-10-16 06:18:01+02;1349
2015-10-16 10:02:01+02;1329
2015-10-16 12:02:01+02;1369
2015-10-16 13:30:02+02;1339
2015-10-16 17:38:01+02;1289
2015-10-16 21:02:01+02;1399
2015-10-17 10:10:01+02;1339
2015-10-17 12:02:01+02;1379
2015-10-17 13:30:01+02;1329
2015-10-17 16:18:01+02;1299
2015-10-17 21:02:01+02;1399
2015-10-18 09:38:01+02;1299
2015-10-18 12:02:01+02;1339
2015-10-18 13:42:01+02;1329
2015-10-18 14:18:01+02;1309
2015-10-18 15:34:01+02;1299
2015-10-18 18:26:01+02;1269
2015-10-18 21:02:01+02;1399
2015-10-19 06:22:01+02;1329
2015-10-19 12:02:01+02;1369
2015-10-19 13:54:01+02;1289
2015-10-19 17:10:01+02;1289
2015-10-19 21:02:01+02;1389
2015-10-20 06:22:01+02;1329
2015-10-20 12:02:01+02;1369
2015-10-20 14:42:01+02;1269
2015-10-20 21:02:01+02;1379
2015-10-21 06:26:01+02;1329
2015-10-21 12:02:01+02;1369
2015-10-21 12:10:01+02;1319
2015-10-21 13:42:01+02;1279
2015-10-21 21:02:01+02;1369
2015-10-22 06:22:01+02;1329
2015-10-22 11:06:01+02;1319
2015-10-22 12:06:01+02;1359
2015-10-22 13:46:01+02;1309
2015-10-22 15:18:01+02;1289
2015-10-22 16:14:01+02;1279
2015-10-22 17:14:01+02;1259
2015-10-22 21:02:01+02;1369
2015-10-23 06:26:01+02;1319
2015-10-23 09:30:01+02;1309
2015-10-23 12:02:01+02;1349
2015-10-23 13:54:01+02;1309
2015-10-23 15:38:01+02;1289
2015-10-23 17:58:01+02;1279
2015-10-23 21:02:01+02;1369
2015-10-24 09:42:01+02;1319
2015-10-24 12:02:01+02;1359
2015-10-24 13:58:01+02;1259
2015-10-24 16:34:01+02;1259
2015-10-24 21:02:01+02;1369
2015-10-25 06:26:01+01;1319
2015-10-25 12:02:01+01;1359
2015-10-25 13:18:02+01;1289
2015-10-25 14:58:01+01;1259
2015-10-25 21:02:01+01;1369
2015-10-26 06:22:01+01;1319
2015-10-26 10:26:01+01;1299
2015-10-26 12:02:01+01;1339
2015-10-26 13:46:01+01;1309
2015-10-26 13:54:01+01;1299
2015-10-26 15:46:01+01;1279
2015-10-26 21:02:01+01;1369
2015-10-27 08:02:01+01;1319
2015-10-27 11:14:01+01;1279
2015-10-27 12:06:01+01;1319
2015-10-27 16:38:01+01;1269
2015-10-27 19:18:01+01;1259
2015-10-27 21:02:01+01;1359
2015-10-28 06:22:01+01;1319
2015-10-28 09:22:01+01;1319
2015-10-28 10:46:01+01;1279
2015-10-28 12:02:01+01;1319
2015-10-28 13:30:01+01;1289
2015-10-28 15:14:01+01;1279
2015-10-28 21:02:01+01;1359
2015-10-29 06:22:01+01;1339
2015-10-29 08:38:01+01;1329
2015-10-29 11:10:01+01;1319
2015-10-29 12:02:01+01;1359
2015-10-29 14:10:01+01;1299
2015-10-29 18:22:01+01;1289
2015-10-29 19:18:01+01;1259
2015-10-29 21:02:01+01;1369
2015-10-30 08:54:01+01;1259
2015-10-30 10:38:01+01;1259
2015-10-30 12:02:01+01;1299
2015-10-30 13:30:01+01;1289
2015-10-30 14:14:01+01;1259
2015-10-30 21:02:01+01;1369
2015-10-31 07:14:01+01;1339
2015-10-31 09:50:01+01;1329
2015-10-31 12:02:01+01;1369
2015-10-31 14:38:01+01;1289
2015-10-31 21:02:01+01;1369
2015-11-01 08:18:01+01;1339
2015-11-01 12:02:01+01;1379
2015-11-01 21:02:01+01;1439
2015-11-02 06:18:01+01;1339
2015-11-02 10:38:01+01;1329
2015-11-02 12:02:01+01;1369
2015-11-02 13:42:01+01;1319
2015-11-02 14:58:01+01;1289
2015-11-02 21:02:01+01;1379
2015-11-03 06:18:01+01;1339
2015-11-03 09:42:01+01;1339
2015-11-03 10:50:01+01;1289
2015-11-03 12:02:01+01;1329
2015-11-03 14:14:01+01;1289
2015-11-03 18:14:01+01;1289
2015-11-03 21:02:01+01;1389
2015-11-04 06:18:01+01;1339
2015-11-04 12:02:01+01;1379
2015-11-04 12:10:01+01;1359
2015-11-04 15:54:01+01;1309
2015-11-04 17:10:01+01;1289
2015-11-04 21:02:01+01;1399
2015-11-05 06:30:01+01;1359
2015-11-05 11:18:01+01;1299
2015-11-05 12:02:01+01;1339
2015-11-05 14:22:01+01;1299
2015-11-05 21:02:01+01;1399
2015-11-06 06:18:01+01;1359
2015-11-06 09:46:01+01;1309
2015-11-06 12:02:01+01;1349
2015-11-06 14:34:01+01;1309
2015-11-06 21:02:01+01;1399
2015-11-07 06:58:01+01;1359
2015-11-07 11:14:01+01;1309
2015-11-07 12:34:01+01;1349
2015-11-07 13:14:01+01;1319
2015-11-07 13:54:01+01;1289
2015-11-07 21:02:01+01;1399
2015-11-08 06:58:01+01;1359
2015-11-08 09:34:01+01;1329
2015-11-08 12:02:01+01;1369
2015-11-08 12:06:01+01;1349
2015-11-08 15:34:01+01;1309
2015-11-08 21:02:01+01;1399
2015-11-09 06:18:01+01;1369
2015-11-09 09:54:01+01;1339
2015-11-09 12:02:01+01;1379
2015-11-09 13:42:01+01;1349
2015-11-09 14:06:01+01;1299
2015-11-09 15:26:01+01;1299
2015-11-09 17:14:01+01;1299
2015-11-09 21:02:01+01;1409
2015-11-10 06:26:01+01;1359
2015-11-10 09:46:01+01;1339
2015-11-10 10:38:01+01;1309
2015-11-10 12:02:01+01;1349
2015-11-10 13:50:01+01;1309
2015-11-10 17:26:01+01;1289
2015-11-11 03:14:01+01;1399
2015-11-11 06:26:01+01;1369
2015-11-11 10:10:02+01;1359
2015-11-11 11:30:01+01;1349
2015-11-11 12:02:01+01;1389
2015-11-11 13:38:01+01;1349
2015-11-11 14:38:01+01;1309
2015-11-11 17:42:01+01;1299
2015-11-11 21:02:01+01;1399
2015-11-12 06:18:01+01;1369
2015-11-12 12:02:01+01;1409
2015-11-12 13:42:01+01;1349
2015-11-12 16:42:01+01;1319
2015-11-12 17:22:01+01;1299
2015-11-12 21:02:01+01;1399
2015-11-13 06:38:01+01;1359
2015-11-13 08:42:01+01;1359
2015-11-13 10:02:01+01;1359
2015-11-13 10:58:01+01;1359
2015-11-13 12:02:01+01;1399
2015-11-13 13:42:01+01;1349
2015-11-13 14:10:01+01;1339
2015-11-13 15:22:01+01;1299
2015-11-13 21:02:01+01;1389
2015-11-14 06:30:01+01;1359
2015-11-14 10:42:01+01;1359
2015-11-14 12:02:01+01;1399
2015-11-14 13:58:01+01;1299
2015-11-14 19:18:01+01;1299
2015-11-14 21:02:01+01;1389
2015-11-15 12:02:01+01;1429
2015-11-15 12:10:01+01;1339
2015-11-15 13:38:01+01;1329
2015-11-15 16:02:01+01;1299
2015-11-15 21:02:01+01;1389
2015-11-16 06:22:01+01;1359
2015-11-16 09:34:01+01;1359
2015-11-16 12:02:01+01;1399
2015-11-16 12:06:01+01;1359
2015-11-16 13:50:02+01;1349
2015-11-16 14:10:01+01;1329
2015-11-16 15:58:01+01;1309
2015-11-16 18:42:01+01;1289
2015-11-16 21:02:01+01;1379
2015-11-17 06:22:01+01;1339
2015-11-17 10:46:01+01;1259
2015-11-17 12:02:01+01;1299
2015-11-17 13:22:01+01;1279
2015-11-17 14:14:01+01;1259
2015-11-17 21:02:01+01;1369
2015-11-18 06:18:01+01;1319
2015-11-18 10:18:01+01;1309
2015-11-18 12:02:01+01;1349
2015-11-18 14:54:01+01;1309
2015-11-18 16:02:01+01;1289
2015-11-18 19:22:01+01;1279
2015-11-18 21:02:01+01;1369
2015-11-19 06:38:01+01;1339
2015-11-19 10:54:01+01;1299
2015-11-19 16:22:01+01;1279
2015-11-19 21:02:01+01;1379
2015-11-20 06:18:01+01;1339
2015-11-20 10:10:01+01;1329
2015-11-20 12:02:01+01;1369
2015-11-20 13:58:01+01;1299
2015-11-20 15:58:01+01;1269
2015-11-20 21:02:01+01;1379
2015-11-21 06:38:01+01;1329
2015-11-21 10:46:01+01;1329
2015-11-21 12:02:01+01;1369
2015-11-21 15:02:01+01;1309
2015-11-21 17:10:01+01;1299
2015-11-21 21:02:01+01;1379
2015-11-22 06:22:01+01;1339
2015-11-22 10:10:01+01;1299
2015-11-22 12:02:01+01;1339
2015-11-22 15:10:01+01;1329
2015-11-22 16:06:01+01;1299
2015-11-22 21:02:01+01;1379
2015-11-23 07:38:01+01;1329
2015-11-23 09:42:01+01;1329
2015-11-23 12:02:01+01;1369
2015-11-23 13:26:02+01;1319
2015-11-23 13:58:01+01;1289
2015-11-23 21:02:01+01;1379
2015-11-24 06:30:01+01;1339
2015-11-24 09:58:01+01;1329
2015-11-24 11:14:01+01;1299
2015-11-24 12:02:01+01;1339
2015-11-24 12:10:01+01;1329
2015-11-24 13:30:01+01;1319
2015-11-24 15:22:01+01;1299
2015-11-24 21:02:01+01;1379
2015-11-25 06:26:01+01;1339
2015-11-25 12:02:01+01;1379
2015-11-25 13:42:02+01;1339
2015-11-25 15:26:01+01;1309
2015-11-25 18:22:01+01;1289
2015-11-25 21:02:01+01;1379
2015-11-26 06:18:01+01;1349
2015-11-26 09:46:01+01;1339
2015-11-26 12:02:01+01;1379
2015-11-26 12:10:01+01;1349
2015-11-26 13:30:01+01;1329
2015-11-26 14:10:01+01;1319
2015-11-26 21:02:01+01;1379
2015-11-27 08:42:01+01;1349
2015-11-27 09:38:01+01;1339
2015-11-27 11:02:01+01;1309
2015-11-27 12:02:01+01;1349
2015-11-27 15:10:01+01;1309
2015-11-27 17:50:01+01;1299
2015-11-27 21:02:01+01;1379
2015-11-28 09:38:01+01;1309
2015-11-28 12:02:01+01;1349
2015-11-28 13:34:01+01;1339
2015-11-28 13:58:01+01;1309
2015-11-28 21:02:01+01;1379
2015-11-29 09:10:01+01;1349
2015-11-29 11:10:01+01;1289
2015-11-29 12:02:02+01;1329
2015-11-29 14:18:01+01;1319
2015-11-29 15:30:01+01;1289
2015-11-29 21:02:01+01;1379
2015-11-30 06:18:01+01;1339
2015-11-30 10:26:01+01;1309
2015-11-30 12:02:01+01;1349
2015-11-30 12:10:01+01;1329
2015-11-30 13:58:01+01;1309
2015-11-30 18:02:01+01;1299
2015-11-30 19:18:01+01;1289
2015-12-01 00:42:01+01;1379
2015-12-01 06:26:01+01;1349
2015-12-01 12:02:01+01;1389
2015-12-01 13:42:01+01;1319
2015-12-01 15:02:01+01;1289
2015-12-01 17:34:01+01;1289
2015-12-01 18:34:01+01;1279
2015-12-01 21:06:01+01;1379
2015-12-02 06:22:01+01;1339
2015-12-02 12:02:01+01;1379
2015-12-02 13:58:01+01;1319
2015-12-02 16:42:01+01;1309
2015-12-02 16:46:01+01;1299
2015-12-02 17:34:01+01;1299
2015-12-02 21:02:01+01;1379
2015-12-03 06:22:01+01;1339
2015-12-03 10:06:01+01;1329
2015-12-03 12:02:01+01;1369
2015-12-03 13:38:01+01;1329
2015-12-03 14:34:01+01;1319
2015-12-03 16:18:01+01;1299
2015-12-03 16:38:01+01;1289
2015-12-03 18:34:01+01;1279
2015-12-03 21:02:01+01;1369
2015-12-04 06:22:01+01;1339
2015-12-04 09:34:01+01;1329
2015-12-04 11:10:01+01;1319
2015-12-04 12:02:01+01;1359
2015-12-04 13:34:01+01;1329
2015-12-04 14:18:01+01;1309
2015-12-04 16:38:01+01;1309
2015-12-04 16:54:01+01;1279
2015-12-04 20:46:01+01;1269
2015-12-04 21:02:01+01;1359
2015-12-05 07:54:01+01;1269
2015-12-05 12:02:01+01;1309
2015-12-05 13:46:01+01;1299
2015-12-05 14:42:01+01;1249
2015-12-05 21:02:01+01;1359
2015-12-06 06:26:01+01;1309
2015-12-06 09:26:01+01;1279
2015-12-06 12:02:01+01;1319
2015-12-06 12:42:01+01;1309
2015-12-06 13:46:01+01;1299
2015-12-06 15:02:01+01;1269
2015-12-06 21:02:01+01;1359
2015-12-07 06:34:01+01;1319
2015-12-07 10:30:01+01;1309
2015-12-07 12:02:01+01;1349
2015-12-07 12:42:01+01;1339
2015-12-07 13:54:01+01;1299
2015-12-07 15:06:01+01;1289
2015-12-07 16:42:01+01;1279
2015-12-07 17:14:01+01;1279
2015-12-07 21:02:01+01;1349
2015-12-08 06:22:01+01;1329
2015-12-08 08:38:01+01;1309
2015-12-08 12:02:01+01;1349
2015-12-08 12:10:01+01;1339
2015-12-08 13:50:01+01;1319
2015-12-08 14:54:01+01;1289
2015-12-08 16:30:01+01;1259
2015-12-08 21:02:01+01;1339
2015-12-09 07:10:01+01;1319
2015-12-09 12:02:01+01;1359
2015-12-09 12:06:01+01;1309
2015-12-09 14:02:01+01;1269
2015-12-09 16:18:01+01;1259
2015-12-09 21:02:01+01;1329
2015-12-10 06:46:01+01;1319
2015-12-10 09:38:01+01;1309
2015-12-10 11:10:01+01;1279
2015-12-10 12:02:01+01;1319
2015-12-10 13:42:02+01;1289
2015-12-10 14:26:01+01;1279
2015-12-10 21:02:02+01;1339
2015-12-11 06:38:01+01;1299
2015-12-11 12:02:01+01;1339
2015-12-11 12:10:01+01;1319
2015-12-11 14:02:01+01;1269
2015-12-11 16:18:01+01;1259
2015-12-11 17:54:01+01;1239
2015-12-11 21:02:01+01;1339
2015-12-12 06:18:01+01;1299
2015-12-12 09:50:01+01;1239
2015-12-12 12:02:01+01;1279
2015-12-12 13:42:01+01;1269
2015-12-12 14:26:01+01;1239
2015-12-12 17:46:01+01;1229
2015-12-12 21:02:01+01;1339
2015-12-13 06:46:01+01;1299
2015-12-13 12:02:01+01;1339
2015-12-13 14:30:01+01;1279
2015-12-13 15:22:01+01;1239
2015-12-13 18:34:01+01;1229
2015-12-13 21:02:01+01;1339
2015-12-14 06:30:01+01;1299
2015-12-14 10:34:01+01;1229
2015-12-14 12:02:01+01;1269
2015-12-14 13:42:02+01;1259
2015-12-14 14:30:01+01;1229
2015-12-14 21:02:01+01;1339
2015-12-15 06:22:01+01;1299
2015-12-15 12:02:01+01;1339
2015-12-15 13:38:01+01;1289
2015-12-15 14:34:01+01;1269
2015-12-15 16:58:01+01;1259
2015-12-15 18:10:01+01;1249
2015-12-15 18:58:01+01;1249
2015-12-15 21:02:01+01;1339
2015-12-16 06:22:01+01;1309
2015-12-16 09:58:02+01;1289
2015-12-16 12:02:01+01;1329
2015-12-16 12:14:01+01;1299
2015-12-16 13:30:01+01;1289
2015-12-16 14:50:01+01;1269
2015-12-16 16:18:01+01;1249
2015-12-16 18:18:01+01;1239
2015-12-16 21:02:01+01;1329
2015-12-17 06:30:01+01;1299
2015-12-17 10:54:01+01;1259
2015-12-17 12:02:01+01;1299
2015-12-17 13:42:01+01;1259
2015-12-17 15:50:02+01;1239
2015-12-17 17:34:01+01;1229
2015-12-17 21:02:01+01;1329
2015-12-18 06:30:01+01;1289
2015-12-18 10:10:01+01;1259
2015-12-18 12:02:01+01;1299
2015-12-18 12:10:01+01;1299
2015-12-18 13:38:01+01;1279
2015-12-18 13:50:01+01;1259
2015-12-18 14:58:02+01;1259
2015-12-18 17:58:01+01;1229
2015-12-18 21:02:01+01;1329
2015-12-19 08:58:01+01;1289
2015-12-19 10:58:01+01;1289
2015-12-19 12:02:01+01;1329
2015-12-19 13:58:01+01;1239
2015-12-19 16:10:01+01;1229
2015-12-19 21:02:01+01;1329
2015-12-20 06:22:01+01;1289
2015-12-20 10:18:01+01;1259
2015-12-20 12:02:01+01;1299
2015-12-20 14:02:01+01;1259
2015-12-20 16:26:01+01;1239
2015-12-20 21:02:01+01;1329
2015-12-21 06:34:01+01;1329
2015-12-21 06:58:01+01;1299
2015-12-21 09:10:01+01;1289
2015-12-21 09:46:01+01;1289
2015-12-21 10:14:01+01;1259
2015-12-21 12:02:01+01;1299
2015-12-21 13:42:01+01;1289
2015-12-21 14:38:01+01;1259
2015-12-21 16:30:01+01;1249
2015-12-21 21:02:01+01;1319
2015-12-22 06:14:01+01;1289
2015-12-22 09:26:01+01;1289
2015-12-22 10:26:01+01;1259
2015-12-22 12:02:01+01;1299
2015-12-22 13:34:01+01;1289
2015-12-22 14:22:01+01;1259
2015-12-22 16:50:01+01;1249
2015-12-22 21:02:01+01;1319
2015-12-23 06:14:01+01;1289
2015-12-23 09:26:01+01;1279
2015-12-23 12:02:01+01;1319
2015-12-23 13:18:01+01;1299
2015-12-23 14:02:01+01;1279
2015-12-23 15:22:01+01;1279
2015-12-23 16:50:01+01;1239
2015-12-23 21:02:01+01;1319
2015-12-24 06:26:01+01;1289
2015-12-24 09:42:01+01;1259
2015-12-24 12:02:01+01;1299
2015-12-24 12:10:01+01;1269
2015-12-24 14:10:01+01;1229
2015-12-24 21:02:01+01;1319
2015-12-25 06:50:01+01;1289
2015-12-25 12:02:01+01;1329
2015-12-25 12:06:01+01;1269
2015-12-25 14:30:02+01;1259
2015-12-25 15:30:01+01;1229
2015-12-25 21:02:01+01;1319
2015-12-26 09:50:01+01;1239
2015-12-26 12:02:01+01;1279
2015-12-26 14:14:01+01;1259
2015-12-26 15:34:01+01;1229
2015-12-26 20:22:01+01;1229
2015-12-26 21:02:01+01;1319
2015-12-27 06:46:01+01;1289
2015-12-27 10:54:01+01;1239
2015-12-27 12:02:01+01;1279
2015-12-27 13:38:01+01;1259
2015-12-27 15:26:01+01;1229
2015-12-27 21:02:01+01;1319
2015-12-28 06:38:01+01;1279
2015-12-28 10:22:01+01;1259
2015-12-28 12:02:01+01;1299
2015-12-28 13:46:01+01;1259
2015-12-28 19:30:01+01;1229
2015-12-28 21:02:01+01;1319
2015-12-29 06:26:01+01;1289
2015-12-29 12:02:01+01;1329
2015-12-29 13:42:01+01;1279
2015-12-29 14:42:01+01;1229
2015-12-29 21:02:01+01;1319
2015-12-30 06:26:01+01;1279
2015-12-30 10:50:01+01;1259
2015-12-30 12:02:02+01;1299
2015-12-30 14:34:01+01;1249
2015-12-30 16:46:01+01;1239
2015-12-30 21:02:01+01;1319
2015-12-31 06:26:01+01;1289
2015-12-31 10:58:01+01;1269
2015-12-31 12:02:01+01;1309
2015-12-31 12:46:01+01;1309
2015-12-31 13:46:01+01;1249
2015-12-31 16:10:01+01;1239
2015-12-31 21:02:01+01;1319
2016-01-01 11:06:01+01;1239
2016-01-01 12:02:01+01;1279
2016-01-01 13:30:01+01;1269
2016-01-01 16:14:01+01;1239
2016-01-01 18:06:01+01;1239
2016-01-01 21:02:01+01;1319
2016-01-02 09:46:01+01;1289
2016-01-02 12:02:01+01;1329
2016-01-02 13:58:01+01;1239
2016-01-02 15:46:01+01;1229
2016-01-02 21:02:01+01;1319
2016-01-03 10:06:01+01;1249
2016-01-03 12:02:01+01;1289
2016-01-03 14:18:01+01;1269
2016-01-03 15:26:02+01;1229
2016-01-03 21:02:01+01;1319
2016-01-04 08:38:01+01;1229
2016-01-04 12:02:01+01;1269
2016-01-04 15:22:01+01;1229
2016-01-04 21:02:01+01;1329
2016-01-05 09:46:01+01;1279
2016-01-05 10:18:01+01;1259
2016-01-05 12:02:01+01;1299
2016-01-05 14:10:01+01;1259
2016-01-05 17:10:01+01;1249
2016-01-05 18:18:01+01;1239
2016-01-05 21:02:01+01;1339
2016-01-06 08:34:01+01;1299
2016-01-06 10:02:01+01;1269
2016-01-06 11:22:01+01;1229
2016-01-06 12:02:01+01;1269
2016-01-06 14:02:01+01;1229
2016-01-06 21:02:01+01;1339
2016-01-07 06:14:01+01;1299
2016-01-07 09:50:01+01;1279
2016-01-07 10:38:01+01;1249
2016-01-07 12:02:01+01;1289
2016-01-07 13:30:01+01;1279
2016-01-07 14:38:01+01;1249
2016-01-07 17:22:01+01;1209
2016-01-07 21:02:01+01;1329
2016-01-08 06:14:01+01;1279
2016-01-08 12:02:01+01;1319
2016-01-08 13:26:01+01;1289
2016-01-08 13:58:01+01;1269
2016-01-08 16:58:01+01;1239
2016-01-08 19:34:01+01;1229
2016-01-08 21:02:01+01;1329
2016-01-09 09:06:01+01;1239
2016-01-09 12:02:01+01;1279
2016-01-09 13:38:01+01;1269
2016-01-09 13:54:01+01;1229
2016-01-09 21:02:01+01;1329
2016-01-10 08:54:01+01;1289
2016-01-10 09:46:01+01;1249
2016-01-10 12:02:01+01;1289
2016-01-10 15:30:01+01;1229
2016-01-10 21:02:01+01;1329
2016-01-11 06:38:01+01;1289
2016-01-11 09:10:01+01;1269
2016-01-11 12:02:01+01;1309
2016-01-11 14:14:01+01;1269
2016-01-11 14:54:01+01;1249
2016-01-11 16:46:01+01;1239
2016-01-11 17:46:01+01;1229
2016-01-11 21:02:01+01;1319
2016-01-12 06:30:01+01;1279
2016-01-12 07:50:02+01;1279
2016-01-12 10:46:02+01;1219
2016-01-12 12:02:02+01;1259
2016-01-12 13:38:01+01;1249
2016-01-12 15:10:02+01;1219
2016-01-12 18:54:01+01;1209
2016-01-12 21:02:01+01;1319
2016-01-13 07:38:01+01;1269
2016-01-13 08:42:01+01;1259
2016-01-13 12:10:02+01;1299
2016-01-13 13:46:01+01;1279
2016-01-13 14:34:01+01;1239
2016-01-13 17:30:01+01;1179
2016-01-13 21:02:01+01;1299
2016-01-14 06:18:01+01;1249
2016-01-14 10:14:01+01;1249
2016-01-14 12:02:01+01;1289
2016-01-14 13:42:01+01;1269
2016-01-14 14:42:01+01;1249
2016-01-14 15:42:01+01;1229
2016-01-14 16:50:01+01;1209
2016-01-14 18:22:01+01;1199
2016-01-14 18:34:01+01;1179
2016-01-14 21:02:01+01;1289
2016-01-15 06:22:01+01;1239
2016-01-15 09:22:01+01;1239
2016-01-15 12:02:01+01;1279
2016-01-15 13:38:01+01;1259
2016-01-15 14:22:01+01;1229
2016-01-15 15:50:02+01;1229
2016-01-15 16:10:02+01;1209
2016-01-15 18:06:01+01;1209
2016-01-15 18:26:01+01;1199
2016-01-15 21:02:01+01;1279
2016-01-16 09:54:01+01;1239
2016-01-16 10:42:02+01;1229
2016-01-16 12:02:01+01;1269
2016-01-16 13:38:01+01;1249
2016-01-16 14:30:01+01;1219
2016-01-16 18:18:01+01;1199
2016-01-16 21:02:01+01;1279
2016-01-17 06:26:01+01;1259
2016-01-17 09:06:01+01;1259
2016-01-17 11:10:01+01;1199
2016-01-17 12:02:01+01;1239
2016-01-17 14:26:01+01;1229
2016-01-17 16:30:01+01;1199
2016-01-17 21:02:02+01;1279
2016-01-18 06:18:01+01;1249
2016-01-18 09:02:01+01;1239
2016-01-18 09:58:01+01;1219
2016-01-18 10:38:01+01;1179
2016-01-18 12:02:01+01;1219
2016-01-18 13:38:01+01;1209
2016-01-18 14:42:01+01;1179
2016-01-18 16:26:01+01;1179
2016-01-18 16:58:01+01;1169
2016-01-18 21:02:01+01;1279
2016-01-19 06:18:01+01;1239
2016-01-19 11:06:01+01;1209
2016-01-19 12:02:01+01;1249
2016-01-19 13:22:01+01;1229
2016-01-19 13:46:01+01;1209
2016-01-19 16:42:01+01;1199
2016-01-19 21:02:01+01;1279
2016-01-20 06:18:01+01;1249
2016-01-20 08:54:01+01;1249
2016-01-20 10:42:01+01;1209
2016-01-20 12:02:01+01;1249
2016-01-20 14:42:01+01;1209
2016-01-20 21:02:01+01;1279
2016-01-21 06:22:01+01;1239
2016-01-21 09:10:02+01;1239
2016-01-21 12:02:01+01;1279
2016-01-21 13:18:01+01;1249
2016-01-21 14:14:01+01;1219
2016-01-21 15:42:01+01;1209
2016-01-21 16:42:01+01;1199
2016-01-21 18:38:01+01;1179
2016-01-21 22:02:01+01;1279
2016-01-22 06:18:01+01;1239
2016-01-22 10:22:01+01;1209
2016-01-22 12:02:01+01;1249
2016-01-22 13:26:01+01;1229
2016-01-22 15:42:01+01;1209
2016-01-22 17:18:01+01;1189
2016-01-22 20:34:01+01;1179
2016-01-22 22:02:02+01;1289
2016-01-23 07:42:01+01;1239
2016-01-23 12:02:01+01;1279
2016-01-23 13:22:01+01;1239
2016-01-23 13:58:01+01;1209
2016-01-23 16:02:01+01;1209
2016-01-23 17:46:01+01;1189
2016-01-23 22:02:01+01;1289
2016-01-24 09:34:01+01;1199
2016-01-24 12:02:01+01;1239
2016-01-24 14:18:01+01;1219
2016-01-24 15:22:01+01;1189
2016-01-24 22:02:01+01;1289
2016-01-25 06:18:01+01;1259
2016-01-25 09:58:01+01;1249
2016-01-25 12:02:01+01;1289
2016-01-25 13:42:01+01;1239
2016-01-25 14:18:01+01;1239
2016-01-25 15:26:01+01;1229
2016-01-25 16:30:01+01;1219
2016-01-25 17:30:01+01;1199
2016-01-25 20:02:01+01;1189
2016-01-25 22:02:01+01;1289
2016-01-26 06:18:01+01;1259
2016-01-26 12:02:01+01;1299
2016-01-26 14:22:01+01;1219
2016-01-26 16:22:01+01;1209
2016-01-26 17:50:01+01;1189
2016-01-26 22:02:01+01;1289
2016-01-27 06:18:01+01;1249
2016-01-27 12:02:01+01;1289
2016-01-27 13:38:01+01;1239
2016-01-27 14:50:01+01;1229
2016-01-27 16:38:01+01;1209
2016-01-27 17:38:01+01;1189
2016-01-27 22:02:01+01;1289
2016-01-28 06:22:01+01;1249
2016-01-28 10:06:01+01;1189
2016-01-28 12:02:01+01;1229
2016-01-28 13:38:02+01;1219
2016-01-28 13:50:01+01;1189
2016-01-28 17:18:01+01;1179
2016-01-28 22:02:01+01;1299
2016-01-29 06:30:01+01;1239
2016-01-29 09:38:01+01;1239
2016-01-29 11:14:01+01;1209
2016-01-29 12:02:01+01;1249
2016-01-29 14:54:01+01;1209
2016-01-29 19:50:01+01;1189
2016-01-29 22:02:01+01;1299
2016-01-30 09:50:01+01;1239
2016-01-30 12:02:01+01;1279
2016-01-30 13:38:01+01;1249
2016-01-30 15:30:01+01;1209
2016-01-30 15:46:01+01;1199
2016-01-30 22:02:01+01;1299
2016-01-31 06:34:01+01;1259
2016-01-31 09:58:01+01;1209
2016-01-31 12:02:01+01;1249
2016-01-31 14:22:01+01;1229
2016-01-31 15:22:01+01;1199
2016-01-31 22:02:01+01;1299
2016-02-01 06:22:01+01;1259
2016-02-01 12:02:01+01;1299
2016-02-01 12:06:01+01;1269
2016-02-01 13:38:01+01;1249
2016-02-01 14:58:01+01;1229
2016-02-01 16:18:01+01;1209
2016-02-01 19:26:01+01;1199
2016-02-01 22:02:01+01;1299
2016-02-02 07:54:01+01;1259
2016-02-02 09:42:01+01;1239
2016-02-02 10:34:01+01;1229
2016-02-02 12:02:02+01;1269
2016-02-02 13:26:01+01;1249
2016-02-02 15:58:01+01;1199
2016-02-02 16:42:01+01;1189
2016-02-02 22:02:01+01;1289
2016-02-03 07:50:01+01;1259
2016-02-03 09:38:01+01;1259
2016-02-03 09:58:01+01;1229
2016-02-03 12:02:01+01;1269
2016-02-03 13:34:01+01;1249
2016-02-03 14:42:01+01;1209
2016-02-03 15:46:02+01;1199
2016-02-03 22:02:01+01;1289
2016-02-04 06:22:01+01;1249
2016-02-04 09:30:01+01;1239
2016-02-04 12:02:01+01;1279
2016-02-04 12:06:01+01;1279
2016-02-04 13:42:01+01;1209
2016-02-04 16:54:01+01;1199
2016-02-04 18:38:01+01;1189
2016-02-04 22:02:01+01;1289
2016-02-05 06:26:01+01;1239
2016-02-05 09:14:01+01;1189
2016-02-05 10:26:01+01;1179
2016-02-05 12:02:01+01;1219
2016-02-05 13:46:01+01;1209
2016-02-05 13:50:01+01;1179
2016-02-05 22:02:01+01;1289
2016-02-06 09:54:01+01;1239
2016-02-06 10:46:01+01;1239
2016-02-06 12:02:01+01;1279
2016-02-06 13:38:01+01;1219
2016-02-06 15:46:01+01;1189
2016-02-06 17:58:01+01;1179
2016-02-06 22:02:01+01;1289
2016-02-07 07:50:01+01;1219
2016-02-07 12:02:01+01;1259
2016-02-07 14:10:01+01;1219
2016-02-07 17:22:01+01;1179
2016-02-07 22:02:01+01;1289
2016-02-08 06:42:01+01;1229
2016-02-08 08:22:01+01;1229
2016-02-08 10:02:01+01;1219
2016-02-08 11:22:01+01;1219
2016-02-08 12:02:01+01;1259
2016-02-08 13:42:01+01;1219
2016-02-08 14:46:01+01;1189
2016-02-08 16:22:02+01;1189
2016-02-08 17:26:01+01;1179
2016-02-08 22:02:01+01;1289
2016-02-09 06:34:02+01;1239
2016-02-09 09:50:01+01;1229
2016-02-09 11:02:01+01;1229
2016-02-09 12:02:01+01;1269
2016-02-09 14:22:01+01;1209
2016-02-09 15:18:01+01;1199
2016-02-09 16:30:01+01;1179
2016-02-09 18:46:01+01;1179
2016-02-09 22:02:01+01;1269
2016-02-10 08:18:01+01;1229
2016-02-10 11:14:01+01;1229
2016-02-10 12:02:01+01;1269
2016-02-10 12:06:01+01;1259
2016-02-10 13:46:01+01;1229
2016-02-10 13:50:01+01;1199
2016-02-10 16:30:01+01;1189
2016-02-10 18:26:01+01;1179
2016-02-10 22:02:01+01;1259
2016-02-11 06:30:01+01;1229
2016-02-11 09:30:01+01;1219
2016-02-11 10:26:01+01;1209
2016-02-11 12:02:01+01;1249
2016-02-11 13:42:01+01;1219
2016-02-11 13:50:01+01;1199
2016-02-11 16:54:01+01;1189
2016-02-11 17:26:01+01;1179
2016-02-11 17:46:01+01;1179
2016-02-11 19:26:01+01;1169
2016-02-11 22:02:01+01;1169
2016-02-12 06:26:01+01;1169
2016-02-12 11:06:01+01;1169
2016-02-12 12:02:01+01;1209
2016-02-12 13:42:01+01;1199
2016-02-12 14:34:01+01;1159
2016-02-12 14:50:01+01;1139
2016-02-12 18:02:01+01;1139
2016-02-12 22:02:01+01;1269
2016-02-13 06:42:01+01;1199
2016-02-13 08:50:01+01;1199
2016-02-13 12:06:01+01;1239
2016-02-13 14:34:01+01;1149
2016-02-13 22:02:01+01;1269
2016-02-14 06:26:01+01;1209
2016-02-14 12:02:01+01;1249
2016-02-14 14:06:01+01;1169
2016-02-14 15:38:01+01;1139
2016-02-14 22:02:01+01;1269
2016-02-15 06:30:01+01;1209
2016-02-15 11:14:01+01;1159
2016-02-15 12:02:01+01;1199
2016-02-15 12:06:01+01;1199
2016-02-15 13:50:01+01;1159
2016-02-15 17:18:01+01;1149
2016-02-15 22:02:01+01;1279
2016-02-16 06:38:01+01;1209
2016-02-16 09:22:01+01;1169
2016-02-16 12:02:01+01;1209
2016-02-16 12:06:01+01;1189
2016-02-16 13:30:01+01;1179
2016-02-16 14:22:01+01;1159
2016-02-16 22:02:01+01;1279
2016-02-17 06:26:01+01;1219
2016-02-17 09:58:01+01;1159
2016-02-17 12:02:01+01;1199
2016-02-17 13:50:02+01;1179
2016-02-17 14:30:01+01;1149
2016-02-17 22:02:01+01;1279
2016-02-18 06:26:01+01;1219
2016-02-18 10:22:01+01;1179
2016-02-18 12:02:01+01;1219
2016-02-18 12:06:01+01;1209
2016-02-18 13:30:02+01;1179
2016-02-18 14:58:01+01;1179
2016-02-18 16:02:01+01;1149
2016-02-18 22:02:01+01;1279
2016-02-19 06:34:01+01;1209
2016-02-19 09:06:01+01;1149
2016-02-19 12:02:01+01;1189
2016-02-19 13:46:01+01;1179
2016-02-19 14:42:01+01;1149
2016-02-19 22:02:01+01;1279
2016-02-20 09:02:01+01;1209
2016-02-20 10:10:01+01;1209
2016-02-20 10:26:01+01;1189
2016-02-20 12:02:01+01;1229
2016-02-20 13:50:01+01;1169
2016-02-20 15:46:01+01;1169
2016-02-20 17:06:01+01;1149
2016-02-20 22:02:01+01;1279
2016-02-21 08:42:01+01;1209
2016-02-21 09:22:01+01;1179
2016-02-21 12:02:01+01;1219
2016-02-21 12:06:01+01;1209
2016-02-21 13:46:01+01;1199
2016-02-21 15:10:01+01;1189
2016-02-21 22:02:01+01;1279
2016-02-22 06:38:01+01;1219
2016-02-22 09:46:01+01;1179
2016-02-22 12:02:01+01;1219
2016-02-22 12:06:01+01;1209
2016-02-22 13:38:01+01;1199
2016-02-22 14:22:01+01;1169
2016-02-22 16:06:01+01;1159
2016-02-22 16:54:01+01;1129
2016-02-22 22:06:01+01;1269
2016-02-23 06:26:01+01;1199
2016-02-23 12:02:01+01;1239
2016-02-23 12:06:01+01;1219
2016-02-23 13:38:01+01;1199
2016-02-23 13:54:01+01;1159
2016-02-23 16:10:01+01;1159
2016-02-23 22:02:01+01;1269
2016-02-24 06:50:01+01;1209
2016-02-24 10:06:01+01;1209
2016-02-24 11:10:01+01;1179
2016-02-24 12:02:01+01;1219
2016-02-24 13:50:02+01;1179
2016-02-24 14:18:01+01;1159
2016-02-24 18:02:01+01;1149
2016-02-24 22:02:01+01;1269
2016-02-25 06:34:01+01;1209
2016-02-25 12:02:01+01;1249
2016-02-25 13:50:01+01;1189
2016-02-25 14:02:01+01;1169
2016-02-25 16:18:01+01;1159
2016-02-25 18:42:01+01;1149
2016-02-25 22:02:01+01;1279
2016-02-26 06:34:01+01;1209
2016-02-26 12:02:01+01;1249
2016-02-26 12:06:01+01;1249
2016-02-26 13:38:01+01;1189
2016-02-26 13:54:02+01;1169
2016-02-26 16:26:01+01;1159
2016-02-26 22:02:01+01;1279
2016-02-27 09:02:01+01;1219
2016-02-27 09:26:01+01;1159
2016-02-27 12:02:01+01;1199
2016-02-27 14:04:01+01;1159
2016-02-27 18:55:01+01;1149
2016-02-27 22:02:01+01;1279
2016-02-28 06:36:01+01;1229
2016-02-28 09:55:01+01;1179
2016-02-28 10:49:01+01;1149
2016-02-28 12:02:01+01;1189
2016-02-28 13:57:01+01;1169
2016-02-28 17:32:01+01;1159
2016-02-28 18:46:01+01;1149
2016-02-28 22:02:01+01;1279
2016-02-29 08:55:01+01;1229
2016-02-29 10:18:01+01;1209
2016-02-29 12:02:01+01;1249
2016-02-29 12:03:01+01;1239
2016-02-29 13:41:01+01;1179
2016-02-29 15:03:01+01;1159
2016-02-29 17:15:01+01;1159
2016-02-29 22:02:01+01;1279
2016-03-01 06:25:01+01;1229
2016-03-01 09:32:01+01;1209
2016-03-01 12:02:01+01;1249
2016-03-01 12:03:01+01;1229
2016-03-01 13:27:01+01;1219
2016-03-01 14:27:01+01;1159
2016-03-01 19:17:01+01;1149
2016-03-01 22:02:01+01;1289
2016-03-02 06:24:01+01;1219
2016-03-02 08:54:01+01;1219
2016-03-02 10:55:01+01;1189
2016-03-02 12:02:01+01;1229
2016-03-02 12:08:01+01;1229
2016-03-02 13:36:01+01;1209
2016-03-02 14:17:01+01;1179
2016-03-02 18:54:01+01;1169
2016-03-02 22:02:01+01;1279
2016-03-03 06:24:01+01;1229
2016-03-03 10:40:01+01;1189
2016-03-03 12:02:01+01;1229
2016-03-03 12:03:01+01;1219
2016-03-03 13:27:01+01;1199
2016-03-03 14:40:01+01;1169
2016-03-03 16:55:01+01;1159
2016-03-03 22:02:01+01;1279
2016-03-04 06:25:01+01;1219
2016-03-04 10:02:01+01;1209
2016-03-04 10:07:01+01;1209
2016-03-04 12:03:01+01;1249
2016-03-04 13:43:01+01;1209
2016-03-04 15:31:01+01;1189
2016-03-04 16:55:01+01;1169
2016-03-04 18:30:02+01;1169
2016-03-04 22:02:01+01;1279
2016-03-05 06:54:01+01;1219
2016-03-05 11:17:01+01;1179
2016-03-05 12:02:01+01;1219
2016-03-05 13:37:01+01;1189
2016-03-05 15:32:01+01;1169
2016-03-05 22:02:01+01;1279
2016-03-06 07:17:01+01;1229
2016-03-06 10:27:01+01;1179
2016-03-06 12:02:01+01;1219
2016-03-06 13:51:01+01;1189
2016-03-06 15:17:01+01;1169
2016-03-06 22:02:01+01;1279
2016-03-07 06:36:01+01;1219
2016-03-07 09:03:01+01;1219
2016-03-07 10:55:01+01;1219
2016-03-07 12:03:01+01;1259
2016-03-07 13:40:01+01;1209
2016-03-07 14:09:01+01;1179
2016-03-07 16:46:01+01;1169
2016-03-07 22:02:01+01;1289
2016-03-08 06:35:02+01;1219
2016-03-08 10:17:01+01;1219
2016-03-08 11:26:01+01;1199
2016-03-08 12:02:01+01;1239
2016-03-08 13:43:01+01;1209
2016-03-08 14:01:01+01;1179
2016-03-08 16:25:01+01;1179
2016-03-08 22:02:01+01;1299
2016-03-09 06:33:01+01;1229
2016-03-09 10:17:01+01;1229
2016-03-09 12:02:01+01;1269
2016-03-09 14:39:01+01;1179
2016-03-09 15:53:01+01;1179
2016-03-09 22:02:01+01;1309
2016-03-10 06:35:02+01;1239
2016-03-10 09:33:01+01;1239
2016-03-10 10:01:01+01;1209
2016-03-10 12:02:01+01;1249
2016-03-10 13:58:01+01;1199
2016-03-10 17:02:01+01;1189
2016-03-10 22:02:00+01;1319
2016-03-11 06:34:01+01;1249
2016-03-11 09:25:01+01;1239
2016-03-11 09:52:01+01;1209
2016-03-11 10:41:01+01;1199
2016-03-11 12:02:01+01;1239
2016-03-11 13:43:01+01;1199
2016-03-11 14:01:02+01;1189
2016-03-11 22:02:02+01;1329
2016-03-12 08:33:01+01;1259
2016-03-12 10:09:01+01;1209
2016-03-12 10:38:01+01;1209
2016-03-12 12:02:01+01;1249
2016-03-12 14:18:01+01;1209
2016-03-12 15:33:01+01;1189
2016-03-12 16:24:01+01;1189
2016-03-12 22:02:01+01;1329
2016-03-13 06:43:01+01;1239
2016-03-13 09:27:01+01;1219
2016-03-13 10:49:01+01;1199
2016-03-13 12:02:01+01;1239
2016-03-13 16:10:01+01;1209
2016-03-13 18:03:01+01;1189
2016-03-13 22:02:01+01;1329
2016-03-14 06:25:01+01;1239
2016-03-14 12:02:01+01;1279
2016-03-14 12:03:01+01;1259
2016-03-14 13:42:01+01;1209
2016-03-14 14:02:01+01;1189
2016-03-14 22:02:01+01;1329
2016-03-15 06:35:01+01;1239
2016-03-15 11:03:01+01;1219
2016-03-15 12:02:01+01;1259
2016-03-15 13:25:01+01;1209
2016-03-15 14:26:01+01;1189
2016-03-15 16:35:01+01;1179
2016-03-15 16:47:01+01;1169
2016-03-15 18:01:01+01;1169
2016-03-15 22:02:01+01;1319
2016-03-16 06:27:01+01;1239
2016-03-16 10:48:01+01;1219
2016-03-16 12:02:01+01;1259
2016-03-16 12:03:01+01;1239
2016-03-16 13:39:01+01;1229
2016-03-16 15:06:01+01;1209
2016-03-16 15:43:01+01;1179
2016-03-16 18:28:01+01;1179
2016-03-16 22:02:01+01;1319
2016-03-17 06:28:01+01;1229
2016-03-17 09:56:02+01;1219
2016-03-17 10:43:01+01;1179
2016-03-17 12:02:01+01;1219
2016-03-17 13:42:01+01;1199
2016-03-17 14:43:01+01;1179
2016-03-17 22:02:01+01;1319
2016-03-18 06:28:01+01;1239
2016-03-18 09:21:01+01;1239
2016-03-18 10:49:01+01;1239
2016-03-18 12:02:01+01;1279
2016-03-18 12:03:01+01;1269
2016-03-18 13:43:01+01;1219
2016-03-18 15:13:01+01;1199
2016-03-18 15:18:01+01;1189
2016-03-18 16:51:01+01;1189
2016-03-18 22:02:01+01;1319
2016-03-19 06:27:01+01;1239
2016-03-19 11:13:01+01;1219
2016-03-19 12:02:01+01;1259
2016-03-19 13:38:01+01;1199
2016-03-19 18:28:01+01;1189
2016-03-19 22:02:01+01;1319
2016-03-20 07:36:01+01;1249
2016-03-20 12:02:01+01;1289
2016-03-20 14:15:01+01;1199
2016-03-20 15:59:01+01;1189
2016-03-20 22:02:01+01;1319
2016-03-21 06:32:01+01;1249
2016-03-21 11:14:01+01;1249
2016-03-21 12:02:01+01;1289
2016-03-21 13:44:01+01;1229
2016-03-21 14:29:01+01;1209
2016-03-21 15:41:01+01;1199
2016-03-21 15:57:01+01;1189
2016-03-21 17:31:01+01;1189
2016-03-21 22:02:01+01;1319
2016-03-22 06:31:01+01;1249
2016-03-22 12:02:01+01;1289
2016-03-22 12:42:01+01;1249
2016-03-22 13:44:01+01;1229
2016-03-22 15:08:01+01;1199
2016-03-22 17:21:01+01;1199
2016-03-22 22:02:01+01;1329
2016-03-23 06:32:01+01;1249
2016-03-23 12:02:01+01;1289
2016-03-23 13:43:01+01;1229
2016-03-23 14:36:01+01;1209
2016-03-23 16:19:01+01;1199
2016-03-23 22:02:02+01;1339
2016-03-24 06:29:01+01;1259
2016-03-24 10:50:01+01;1219
2016-03-24 12:02:01+01;1259
2016-03-24 13:38:01+01;1209
2016-03-24 15:07:01+01;1199
2016-03-24 16:37:01+01;1199
2016-03-24 22:02:01+01;1349
2016-03-25 06:29:01+01;1269
2016-03-25 12:02:01+01;1309
2016-03-25 12:36:01+01;1219
2016-03-25 13:34:01+01;1199
2016-03-25 14:14:01+01;1199
2016-03-25 22:02:01+01;1349
2016-03-26 06:39:01+01;1269
2016-03-26 12:02:01+01;1309
2016-03-26 13:41:01+01;1279
2016-03-26 14:37:01+01;1259
2016-03-26 15:56:01+01;1199
2016-03-26 22:02:01+01;1349
2016-03-27 06:29:01+02;1279
2016-03-27 11:12:02+02;1199
2016-03-27 12:02:01+02;1239
2016-03-27 17:21:01+02;1199
2016-03-27 22:02:02+02;1349
2016-03-28 06:37:01+02;1279
2016-03-28 09:59:01+02;1269
2016-03-28 12:02:01+02;1309
2016-03-28 12:03:01+02;1249
2016-03-28 13:32:01+02;1219
2016-03-28 14:14:01+02;1199
2016-03-28 22:02:01+02;1349
2016-03-29 06:23:01+02;1279
2016-03-29 09:42:01+02;1219
2016-03-29 10:51:01+02;1219
2016-03-29 12:02:01+02;1259
2016-03-29 13:47:01+02;1239
2016-03-29 16:20:01+02;1219
2016-03-29 22:02:01+02;1359
2016-03-30 06:29:01+02;1279
2016-03-30 10:12:01+02;1249
2016-03-30 11:12:01+02;1229
2016-03-30 12:02:01+02;1269
2016-03-30 13:20:02+02;1249
2016-03-30 14:05:01+02;1229
2016-03-30 18:11:01+02;1229
2016-03-30 22:02:01+02;1359
2016-03-31 06:27:01+02;1279
2016-03-31 12:02:01+02;1319
2016-03-31 13:31:01+02;1239
2016-03-31 14:23:01+02;1229
2016-03-31 22:02:00+02;1359
2016-04-01 06:27:01+02;1279
2016-04-01 10:18:01+02;1249
2016-04-01 12:02:01+02;1289
2016-04-01 12:05:01+02;1269
2016-04-01 13:20:01+02;1249
2016-04-01 13:54:01+02;1249
2016-04-01 14:07:01+02;1239
2016-04-01 18:42:01+02;1239
2016-04-01 22:02:01+02;1359
2016-04-02 09:44:01+02;1279
2016-04-02 12:02:01+02;1319
2016-04-02 13:50:01+02;1239
2016-04-02 16:51:01+02;1239
2016-04-02 22:02:01+02;1359
2016-04-03 09:44:02+02;1279
2016-04-03 12:02:01+02;1319
2016-04-03 14:37:01+02;1279
2016-04-03 15:21:01+02;1239
2016-04-03 22:02:01+02;1359
2016-04-04 07:02:01+02;1289
2016-04-04 09:21:01+02;1279
2016-04-04 12:02:01+02;1319
2016-04-04 13:48:01+02;1229
2016-04-04 17:07:01+02;1219
2016-04-04 22:02:01+02;1349
2016-04-05 06:37:01+02;1289
2016-04-05 08:09:01+02;1289
2016-04-05 10:56:01+02;1269
2016-04-05 12:02:01+02;1309
2016-04-05 13:42:01+02;1259
2016-04-05 15:08:01+02;1249
2016-04-05 16:28:01+02;1249
2016-04-05 17:06:01+02;1249
2016-04-05 17:27:01+02;1229
2016-04-05 22:02:01+02;1339
2016-04-06 06:38:01+02;1279
2016-04-06 12:02:02+02;1319
2016-04-06 12:03:01+02;1279
2016-04-06 15:20:01+02;1239
2016-04-06 15:49:01+02;1219
2016-04-06 22:02:01+02;1339
2016-04-07 06:22:01+02;1219
2016-04-07 12:02:01+02;1259
2016-04-07 13:44:01+02;1239
2016-04-07 15:27:01+02;1229
2016-04-07 15:34:01+02;1229
2016-04-07 22:02:01+02;1349
2016-04-08 06:21:01+02;1279
2016-04-08 09:29:01+02;1229
2016-04-08 12:02:01+02;1269
2016-04-08 14:50:01+02;1219
2016-04-08 22:02:01+02;1349
2016-04-09 09:58:01+02;1279
2016-04-09 12:02:01+02;1319
2016-04-09 14:21:01+02;1229
2016-04-09 14:49:01+02;1229
2016-04-09 22:02:01+02;1349
2016-04-10 06:28:01+02;1289
2016-04-10 10:23:01+02;1279
2016-04-10 12:02:01+02;1319
2016-04-10 14:36:01+02;1239
2016-04-10 15:36:01+02;1229
2016-04-10 22:02:02+02;1349
2016-04-11 07:26:01+02;1289
2016-04-11 10:34:01+02;1259
2016-04-11 12:03:01+02;1299
2016-04-11 13:32:01+02;1239
2016-04-11 17:13:01+02;1239
2016-04-11 18:27:01+02;1229
2016-04-11 22:02:01+02;1359
2016-04-12 07:36:01+02;1289
2016-04-12 10:51:01+02;1289
2016-04-12 12:02:01+02;1329
2016-04-12 14:07:01+02;1259
2016-04-12 15:59:01+02;1249
2016-04-12 22:02:01+02;1369
2016-04-13 06:38:01+02;1299
2016-04-13 10:57:01+02;1249
2016-04-13 12:02:01+02;1289
2016-04-13 13:39:01+02;1249
2016-04-13 22:02:01+02;1369
2016-04-14 06:40:01+02;1309
2016-04-14 12:02:01+02;1349
2016-04-14 15:06:01+02;1249
2016-04-14 16:36:01+02;1249
2016-04-14 22:02:01+02;1379
2016-04-15 06:39:01+02;1309
2016-04-15 09:22:01+02;1289
2016-04-15 11:06:01+02;1279
2016-04-15 12:02:01+02;1319
2016-04-15 13:50:02+02;1249
2016-04-15 17:29:01+02;1239
2016-04-15 22:02:01+02;1379
2016-04-16 09:21:02+02;1309
2016-04-16 12:02:01+02;1349
2016-04-16 13:51:01+02;1259
2016-04-16 15:52:01+02;1239
2016-04-16 22:02:01+02;1379
2016-04-17 14:12:01+02;1259
2016-04-17 14:16:01+02;1299
2016-04-17 14:31:01+02;1279
2016-04-17 14:34:01+02;1339
2016-04-17 14:35:01+02;1319
2016-04-17 14:36:01+02;1319
2016-04-17 16:52:01+02;1249
2016-04-17 22:02:01+02;1379
2016-04-18 06:29:01+02;1299
2016-04-18 10:22:01+02;1269
2016-04-18 12:02:01+02;1309
2016-04-18 15:00:01+02;1269
2016-04-18 15:19:01+02;1249
2016-04-18 16:12:02+02;1239
2016-04-18 18:36:01+02;1239
2016-04-18 19:04:01+02;1229
2016-04-18 22:02:01+02;1369
2016-04-19 06:21:01+02;1299
2016-04-19 12:02:01+02;1339
2016-04-19 13:51:01+02;1249
2016-04-19 16:05:01+02;1239
2016-04-19 22:03:01+02;1369
2016-04-20 06:22:01+02;1289
2016-04-20 12:02:02+02;1329
2016-04-20 12:03:01+02;1289
2016-04-20 14:22:01+02;1249
2016-04-20 15:06:01+02;1229
2016-04-20 15:51:01+02;1229
2016-04-21 03:31:01+02;1369
2016-04-21 06:31:01+02;1299
2016-04-21 10:12:01+02;1289
2016-04-21 12:02:01+02;1329
2016-04-21 13:50:01+02;1279
2016-04-21 15:05:01+02;1259
2016-04-21 15:26:01+02;1239
2016-04-21 22:02:01+02;1379
2016-04-22 06:32:01+02;1299
2016-04-22 12:02:01+02;1339
2016-04-22 13:59:01+02;1249
2016-04-22 18:27:01+02;1239
2016-04-22 22:02:01+02;1379
2016-04-23 09:49:01+02;1299
2016-04-23 10:28:01+02;1299
2016-04-23 12:02:01+02;1339
2016-04-23 15:08:01+02;1239
2016-04-23 22:02:01+02;1379
2016-04-24 06:30:01+02;1319
2016-04-24 12:02:01+02;1359
2016-04-24 14:18:01+02;1309
2016-04-24 16:42:01+02;1289
2016-04-24 17:15:01+02;1269
2016-04-24 21:46:01+02;1269
2016-04-24 22:02:01+02;1379
2016-04-25 06:32:02+02;1319
2016-04-25 10:34:01+02;1299
2016-04-25 12:02:01+02;1339
2016-04-25 12:03:01+02;1309
2016-04-25 13:43:01+02;1259
2016-04-25 15:27:01+02;1249
2016-04-25 16:12:01+02;1249
2016-04-25 16:31:01+02;1249
2016-04-25 16:33:01+02;1249
2016-04-25 22:02:01+02;1379
2016-04-26 06:31:01+02;1319
2016-04-26 09:43:01+02;1309
2016-04-26 11:12:01+02;1279
2016-04-26 12:02:01+02;1319
2016-04-26 12:03:01+02;1279
2016-04-26 13:55:01+02;1259
2016-04-26 15:53:01+02;1249
2016-04-26 22:02:01+02;1379
2016-04-27 06:28:01+02;1309
2016-04-27 09:27:01+02;1259
2016-04-27 12:02:01+02;1299
2016-04-27 13:43:01+02;1279
2016-04-27 15:49:01+02;1259
2016-04-27 22:02:01+02;1389
2016-04-28 06:31:01+02;1319
2016-04-28 09:50:01+02;1259
2016-04-28 12:02:01+02;1299
2016-04-28 13:45:01+02;1279
2016-04-28 14:43:01+02;1269
2016-04-28 15:20:01+02;1259
2016-04-28 17:07:01+02;1259
2016-04-28 17:17:01+02;1259
2016-04-28 22:02:02+02;1389
2016-04-29 07:51:01+02;1289
2016-04-29 08:11:01+02;1279
2016-04-29 12:02:00+02;1319
2016-04-29 13:38:01+02;1299
2016-04-29 14:59:01+02;1279
2016-04-29 22:02:01+02;1399
2016-04-30 07:49:01+02;1319
2016-04-30 10:05:01+02;1289
2016-04-30 12:02:01+02;1329
2016-04-30 13:37:01+02;1279
2016-04-30 15:42:01+02;1259
2016-04-30 22:02:01+02;1399
2016-05-01 08:29:01+02;1329
2016-05-01 12:02:01+02;1369
2016-05-01 12:42:01+02;1349
2016-05-01 14:20:01+02;1319
2016-05-01 15:13:01+02;1309
2016-05-01 16:13:01+02;1259
2016-05-01 21:26:06+02;1259
2016-05-01 22:02:01+02;1399
2016-05-01 22:05:02+02;1399
2016-05-02 06:33:01+02;1329
2016-05-02 08:45:01+02;1329
2016-05-02 10:37:01+02;1319
2016-05-02 10:49:01+02;1289
2016-05-02 12:05:01+02;1329
2016-05-02 13:53:01+02;1309
2016-05-02 15:21:01+02;1289
2016-05-02 16:49:01+02;1269
2016-05-02 18:21:01+02;1269
2016-05-02 22:02:01+02;1399
2016-05-03 06:41:01+02;1329
2016-05-03 10:33:01+02;1309
2016-05-03 12:02:01+02;1349
2016-05-03 13:57:01+02;1289
2016-05-03 15:03:01+02;1289
2016-05-03 16:33:01+02;1249
2016-05-03 18:27:01+02;1249
2016-05-03 22:02:01+02;1389
2016-05-04 06:29:01+02;1319
2016-05-04 12:02:01+02;1359
2016-05-04 12:03:01+02;1319
2016-05-04 13:49:01+02;1289
2016-05-04 14:40:01+02;1279
2016-05-04 16:27:01+02;1269
2016-05-04 22:02:01+02;1389
2016-05-05 06:29:01+02;1319
2016-05-05 12:02:01+02;1359
2016-05-05 14:12:01+02;1279
2016-05-05 22:02:01+02;1389
2016-05-06 06:38:01+02;1319
2016-05-06 12:02:01+02;1359
2016-05-06 14:13:01+02;1279
2016-05-06 17:27:01+02;1259
2016-05-06 22:02:01+02;1379
2016-05-07 08:04:01+02;1309
2016-05-07 09:19:02+02;1299
2016-05-07 11:10:01+02;1289
2016-05-07 12:02:01+02;1329
2016-05-07 14:48:01+02;1259
2016-05-07 22:02:01+02;1379
2016-05-08 06:27:01+02;1309
2016-05-08 10:57:01+02;1289
2016-05-08 12:02:01+02;1329
2016-05-08 15:57:01+02;1269
2016-05-08 22:02:01+02;1379
2016-05-09 06:28:01+02;1319
2016-05-09 11:06:01+02;1279
2016-05-09 12:02:01+02;1299
2016-05-09 13:28:01+02;1279
2016-05-09 16:05:01+02;1259
2016-05-09 18:35:01+02;1249
2016-05-09 22:02:01+02;1319
2016-05-10 06:29:01+02;1309
2016-05-10 11:18:01+02;1279
2016-05-10 12:02:01+02;1299
2016-05-10 12:11:01+02;1289
2016-05-10 13:36:01+02;1269
2016-05-10 16:56:01+02;1249
2016-05-10 22:02:01+02;1319
2016-05-11 06:28:01+02;1299
2016-05-11 09:04:01+02;1239
2016-05-11 12:02:01+02;1259
2016-05-11 16:25:01+02;1239
2016-05-11 22:02:01+02;1319
2016-05-12 06:29:01+02;1299
2016-05-12 09:48:01+02;1289
2016-05-12 10:33:01+02;1279
2016-05-12 10:57:01+02;1259
2016-05-12 12:02:01+02;1279
2016-05-12 13:29:01+02;1269
2016-05-12 16:25:02+02;1239
2016-05-12 22:02:01+02;1339
2016-05-13 06:29:01+02;1319
2016-05-13 07:48:01+02;1309
2016-05-13 09:10:01+02;1309
2016-05-13 09:32:01+02;1299
2016-05-13 11:20:01+02;1299
2016-05-13 12:02:01+02;1319
2016-05-13 12:03:01+02;1309
2016-05-13 13:37:01+02;1279
2016-05-13 14:25:02+02;1269
2016-05-13 15:26:02+02;1259
2016-05-13 22:02:01+02;1339
2016-05-14 09:48:01+02;1309
2016-05-14 10:41:01+02;1289
2016-05-14 12:02:01+02;1309
2016-05-14 12:03:01+02;1309
2016-05-14 13:41:01+02;1309
2016-05-14 15:26:01+02;1269
2016-05-14 15:54:01+02;1259
2016-05-14 22:02:01+02;1339
2016-05-15 08:49:01+02;1329
2016-05-15 09:49:01+02;1319
2016-05-15 12:02:01+02;1339
2016-05-15 14:22:01+02;1289
2016-05-15 18:56:01+02;1259
2016-05-15 22:02:01+02;1339
2016-05-16 06:26:01+02;1329
2016-05-16 10:56:01+02;1259
2016-05-16 12:03:01+02;1279
2016-05-16 16:56:01+02;1259
2016-05-16 22:02:01+02;1339
2016-05-17 06:27:01+02;1329
2016-05-17 12:02:01+02;1349
2016-05-17 14:41:01+02;1269
2016-05-17 22:02:01+02;1349
2016-05-18 06:35:01+02;1339
2016-05-18 12:02:01+02;1359
2016-05-18 12:03:01+02;1289
2016-05-18 13:36:01+02;1279
2016-05-18 14:48:01+02;1279
2016-05-18 22:02:01+02;1359
2016-05-19 06:28:01+02;1339
2016-05-19 12:02:01+02;1359
2016-05-19 12:03:01+02;1349
2016-05-19 14:19:01+02;1289
2016-05-19 15:05:01+02;1269
2016-05-19 22:02:01+02;1359
2016-05-20 06:28:01+02;1339
2016-05-20 09:11:01+02;1329
2016-05-20 11:20:01+02;1269
2016-05-20 15:33:01+02;1279
2016-05-20 22:02:01+02;1369
2016-05-21 08:04:01+02;1339
2016-05-21 12:02:01+02;1359
2016-05-21 12:03:01+02;1289
2016-05-21 14:26:01+02;1279
2016-05-21 22:02:01+02;1369
2016-05-22 06:27:01+02;1339
2016-05-22 10:48:01+02;1319
2016-05-22 11:02:01+02;1299
2016-05-22 12:02:01+02;1319
2016-05-22 14:26:01+02;1289
2016-05-22 17:09:01+02;1279
2016-05-22 17:40:01+02;1279
2016-05-22 22:02:01+02;1369
2016-05-23 06:29:01+02;1339
2016-05-23 08:49:01+02;1339
2016-05-23 10:49:01+02;1329
2016-05-23 11:20:01+02;1299
2016-05-23 12:02:01+02;1319
2016-05-23 14:19:01+02;1289
2016-05-23 15:50:01+02;1269
2016-05-23 22:02:01+02;1369
2016-05-24 06:19:01+02;1339
2016-05-24 10:04:01+02;1329
2016-05-24 10:47:01+02;1299
2016-05-24 12:02:01+02;1319
2016-05-24 15:04:01+02;1289
2016-05-24 16:18:01+02;1269
2016-05-24 22:02:01+02;1379
2016-05-25 06:19:01+02;1339
2016-05-25 10:33:01+02;1329
2016-05-25 12:02:01+02;1349
2016-05-25 12:03:01+02;1329
2016-05-25 13:36:01+02;1299
2016-05-25 14:33:01+02;1289
2016-05-25 22:02:02+02;1379
2016-05-26 06:18:01+02;1349
2016-05-26 09:34:01+02;1339
2016-05-26 10:49:01+02;1339
2016-05-26 12:02:01+02;1359
2016-05-26 13:49:01+02;1299
2016-05-26 14:35:01+02;1289
2016-05-26 22:02:02+02;1379
2016-05-27 06:19:01+02;1359
2016-05-27 09:50:01+02;1339
2016-05-27 11:04:01+02;1319
2016-05-27 12:02:01+02;1339
2016-05-27 13:28:01+02;1329
2016-05-27 14:05:02+02;1329
2016-05-27 16:05:01+02;1289
2016-05-27 18:50:02+02;1289
2016-05-27 22:02:01+02;1379
2016-05-28 09:43:01+02;1349
2016-05-28 10:49:01+02;1319
2016-05-28 12:02:02+02;1339
2016-05-28 14:58:01+02;1279
2016-05-28 22:02:01+02;1379
2016-05-29 09:35:01+02;1359
2016-05-29 10:29:01+02;1279
2016-05-29 12:02:01+02;1299
2016-05-29 14:09:01+02;1279
2016-05-29 22:02:01+02;1379
2016-05-30 06:30:02+02;1359
2016-05-30 09:28:01+02;1339
2016-05-30 10:59:01+02;1329
2016-05-30 12:02:01+02;1349
2016-05-30 13:28:01+02;1329
2016-05-30 14:51:01+02;1309
2016-05-30 15:29:01+02;1289
2016-05-30 22:02:01+02;1379
2016-05-31 12:02:01+02;1399
2016-05-31 14:16:01+02;1359
2016-05-31 14:27:01+02;1309
2016-05-31 22:02:01+02;1379
2016-06-01 09:35:01+02;1339
2016-06-01 12:02:01+02;1359
2016-06-01 13:34:01+02;1329
2016-06-01 15:19:01+02;1309
2016-06-01 19:20:01+02;1299
2016-06-01 22:02:01+02;1379
2016-06-02 09:49:01+02;1369
2016-06-02 12:02:01+02;1389
2016-06-02 12:03:01+02;1339
2016-06-02 13:41:01+02;1339
2016-06-02 14:50:01+02;1319
2016-06-02 18:56:01+02;1299
2016-06-02 22:02:01+02;1379
2016-06-03 06:27:01+02;1369
2016-06-03 09:50:01+02;1299
2016-06-03 12:02:01+02;1319
2016-06-03 15:04:02+02;1309
2016-06-03 15:50:01+02;1289
2016-06-03 22:02:01+02;1379
2016-06-04 10:27:01+02;1359
2016-06-04 11:04:01+02;1349
2016-06-04 12:02:01+02;1369
2016-06-04 13:50:01+02;1319
2016-06-04 14:05:01+02;1299
2016-06-04 16:04:01+02;1289
2016-06-04 22:02:01+02;1379
2016-06-05 06:26:01+02;1369
2016-06-05 10:42:01+02;1329
2016-06-05 12:02:01+02;1349
2016-06-05 15:26:01+02;1299
2016-06-05 17:25:02+02;1289
2016-06-05 18:27:01+02;1289
2016-06-05 22:03:01+02;1379
2016-06-06 06:20:02+02;1369
2016-06-06 10:19:01+02;1359
2016-06-06 10:50:01+02;1349
2016-06-06 12:02:01+02;1369
2016-06-06 13:40:01+02;1329
2016-06-06 15:12:01+02;1299
2016-06-06 16:26:01+02;1299
2016-06-06 22:02:01+02;1379
2016-06-07 07:49:01+02;1359
2016-06-07 10:02:01+02;1349
2016-06-07 10:18:01+02;1349
2016-06-07 12:02:01+02;1369
2016-06-07 12:03:01+02;1359
2016-06-07 13:34:01+02;1359
2016-06-07 15:04:01+02;1309
2016-06-07 16:33:01+02;1279
2016-06-07 22:02:01+02;1379
2016-06-08 06:28:01+02;1279
2016-06-08 12:02:01+02;1299
2016-06-08 15:34:01+02;1279
2016-06-08 22:02:01+02;1369
2016-06-09 06:19:01+02;1279
2016-06-09 12:02:01+02;1299
2016-06-09 14:35:01+02;1279
2016-06-09 22:02:01+02;1369
2016-06-10 06:28:01+02;1359
2016-06-10 08:48:01+02;1359
2016-06-10 11:10:01+02;1279
2016-06-10 12:02:01+02;1299
2016-06-10 12:03:01+02;1299
2016-06-10 13:43:01+02;1299
2016-06-10 14:56:01+02;1289
2016-06-10 17:33:01+02;1279
2016-06-10 22:02:01+02;1369
2016-06-11 09:57:01+02;1349
2016-06-11 12:02:01+02;1369
2016-06-11 13:56:01+02;1289
2016-06-11 15:03:01+02;1289
2016-06-11 15:56:01+02;1279
2016-06-11 16:42:01+02;1279
2016-06-11 22:02:01+02;1369
2016-06-12 10:27:01+02;1349
2016-06-12 12:02:01+02;1369
2016-06-12 14:11:01+02;1319
2016-06-12 17:56:01+02;1299
2016-06-12 22:02:01+02;1379
2016-06-13 06:29:01+02;1359
2016-06-13 08:57:01+02;1359
2016-06-13 10:12:01+02;1319
2016-06-13 12:02:01+02;1339
2016-06-13 13:44:01+02;1329
2016-06-13 14:34:01+02;1319
2016-06-13 17:26:01+02;1299
2016-06-13 22:02:01+02;1379
2016-06-13 22:03:01+02;1369
2016-06-14 06:37:01+02;1359
2016-06-14 12:02:01+02;1379
2016-06-14 12:03:01+02;1339
2016-06-14 14:02:01+02;1319
2016-06-14 14:58:01+02;1299
2016-06-14 17:02:01+02;1299
2016-06-14 18:26:01+02;1289
2016-06-14 22:02:01+02;1369
2016-06-15 07:56:01+02;1359
2016-06-15 11:12:01+02;1319
2016-06-15 12:02:01+02;1339
2016-06-15 12:03:01+02;1319
2016-06-15 14:57:01+02;1299
2016-06-15 17:26:01+02;1269
2016-06-15 22:02:01+02;1359
2016-06-16 06:28:01+02;1349
2016-06-16 08:56:02+02;1269
2016-06-16 12:02:01+02;1289
2016-06-16 14:46:01+02;1269
2016-06-16 22:02:01+02;1349
2016-06-17 09:30:01+02;1339
2016-06-17 10:52:01+02;1309
2016-06-17 12:02:02+02;1329
2016-06-17 14:01:01+02;1309
2016-06-17 14:52:01+02;1289
2016-06-17 18:15:01+02;1269
2016-06-17 22:02:01+02;1349
2016-06-18 09:00:01+02;1339
2016-06-18 12:02:01+02;1359
2016-06-18 13:46:01+02;1289
2016-06-18 15:02:01+02;1269
2016-06-18 22:02:01+02;1349
2016-06-18 22:03:01+02;1349
2016-06-19 06:22:01+02;1339
2016-06-19 10:45:01+02;1329
2016-06-19 12:02:01+02;1349
2016-06-19 14:23:01+02;1289
2016-06-19 15:23:01+02;1279
2016-06-19 22:02:01+02;1359
2016-06-20 06:23:01+02;1339
2016-06-20 10:32:01+02;1329
2016-06-20 12:02:01+02;1349
2016-06-20 12:03:01+02;1319
2016-06-20 13:29:01+02;1319
2016-06-20 15:45:01+02;1299
2016-06-20 17:14:02+02;1289
2016-06-20 22:02:01+02;1369
2016-06-21 06:25:01+02;1349
2016-06-21 10:30:01+02;1339
2016-06-21 12:02:01+02;1359
2016-06-21 13:32:01+02;1309
2016-06-21 15:09:01+02;1289
2016-06-21 17:14:01+02;1279
2016-06-21 22:02:01+02;1359
2016-06-22 10:00:01+02;1349
2016-06-22 10:45:01+02;1319
2016-06-22 12:02:01+02;1339
2016-06-22 13:23:02+02;1319
2016-06-22 14:38:01+02;1299
2016-06-22 17:38:01+02;1289
2016-06-22 22:02:01+02;1369
2016-06-23 06:24:01+02;1359
2016-06-23 09:53:01+02;1349
2016-06-23 12:02:01+02;1369
2016-06-23 12:03:01+02;1339
2016-06-23 15:37:01+02;1299
2016-06-23 22:02:01+02;1379
2016-06-24 06:24:01+02;1349
2016-06-24 11:16:01+02;1349
2016-06-24 12:02:01+02;1369
2016-06-24 12:03:01+02;1329
2016-06-24 14:40:01+02;1309
2016-06-24 16:53:01+02;1309
2016-06-24 22:02:01+02;1389
2016-06-25 10:23:01+02;1329
2016-06-25 12:02:01+02;1349
2016-06-25 13:53:01+02;1309
2016-06-25 15:30:01+02;1309
2016-06-25 22:02:01+02;1389
2016-06-26 09:53:01+02;1359
2016-06-26 11:15:01+02;1329
2016-06-26 12:02:01+02;1349
2016-06-26 13:39:01+02;1339
2016-06-26 15:00:01+02;1339
2016-06-26 15:38:01+02;1299
2016-06-26 16:22:01+02;1299
2016-06-26 18:52:01+02;1289
2016-06-26 22:02:01+02;1369
2016-06-27 12:02:01+02;1389
2016-06-27 13:41:01+02;1319
2016-06-27 15:23:01+02;1299
2016-06-27 15:54:01+02;1279
2016-06-27 22:02:01+02;1369
2016-06-28 06:22:01+02;1359
2016-06-28 09:53:01+02;1349
2016-06-28 10:38:01+02;1339
2016-06-28 12:02:01+02;1359
2016-06-28 15:08:01+02;1289
2016-06-28 15:52:01+02;1269
2016-06-29 02:42:01+02;1359
2016-06-29 06:22:01+02;1349
2016-06-29 12:02:01+02;1369
2016-06-29 14:01:01+02;1309
2016-06-29 14:37:01+02;1289
2016-06-29 16:23:01+02;1269
2016-06-29 22:02:01+02;1359
2016-06-30 06:22:01+02;1349
2016-06-30 12:02:01+02;1369
2016-06-30 13:53:02+02;1309
2016-06-30 15:02:01+02;1289
2016-06-30 22:02:01+02;1369
2016-07-01 06:35:01+02;1359
2016-07-01 11:16:01+02;1309
2016-07-01 12:02:01+02;1329
2016-07-01 13:23:01+02;1319
2016-07-01 14:52:01+02;1299
2016-07-01 19:15:02+02;1289
2016-07-01 22:02:01+02;1369
2016-07-01 22:03:01+02;1359
2016-07-02 10:46:01+02;1339
2016-07-02 12:02:01+02;1359
2016-07-02 13:46:01+02;1289
2016-07-02 16:01:01+02;1279
2016-07-02 22:02:01+02;1359
2016-07-03 10:53:01+02;1339
2016-07-03 12:02:01+02;1359
2016-07-03 13:46:01+02;1329
2016-07-03 15:22:01+02;1309
2016-07-03 22:02:01+02;1389
2016-07-04 09:02:01+02;1359
2016-07-04 12:02:01+02;1379
2016-07-04 13:46:01+02;1319
2016-07-04 14:01:01+02;1319
2016-07-04 15:02:01+02;1299
2016-07-04 16:08:01+02;1289
2016-07-04 22:02:01+02;1369
2016-07-05 12:02:01+02;1389
2016-07-05 12:03:01+02;1319
2016-07-05 15:33:01+02;1299
2016-07-05 17:03:01+02;1299
2016-07-05 22:02:01+02;1379
2016-07-06 09:48:01+02;1339
2016-07-06 12:02:01+02;1359
2016-07-06 14:41:01+02;1299
2016-07-06 22:02:01+02;1379
2016-07-07 07:33:01+02;1349
2016-07-07 08:55:02+02;1269
2016-07-07 12:02:01+02;1289
2016-07-07 15:33:01+02;1269
2016-07-07 16:33:01+02;1259
2016-07-07 22:02:01+02;1349
2016-07-08 08:10:01+02;1329
2016-07-08 09:26:01+02;1269
2016-07-08 12:02:01+02;1289
2016-07-08 14:03:01+02;1279
2016-07-08 16:18:01+02;1259
2016-07-08 18:10:01+02;1249
2016-07-08 22:02:01+02;1339
2016-07-09 09:41:01+02;1299
2016-07-09 12:02:01+02;1319
2016-07-09 14:32:01+02;1249
2016-07-09 16:30:01+02;1249
2016-07-09 16:41:02+02;1249
2016-07-09 22:02:01+02;1339
2016-07-10 09:18:01+02;1329
2016-07-10 12:02:01+02;1349
2016-07-10 13:28:01+02;1299
2016-07-10 13:56:01+02;1289
2016-07-10 15:32:01+02;1269
2016-07-10 15:55:01+02;1259
2016-07-10 18:47:01+02;1259
2016-07-10 22:02:01+02;1339
2016-07-11 08:10:01+02;1329
2016-07-11 09:18:02+02;1289
2016-07-11 10:55:01+02;1269
2016-07-11 12:02:01+02;1289
2016-07-11 14:12:02+02;1279
2016-07-11 14:49:01+02;1259
2016-07-11 18:47:01+02;1259
2016-07-11 22:02:01+02;1339
2016-07-12 08:48:01+02;1319
2016-07-12 10:03:01+02;1269
2016-07-12 12:02:01+02;1289
2016-07-12 14:12:01+02;1279
2016-07-12 14:25:01+02;1279
2016-07-12 15:41:01+02;1259
2016-07-12 17:25:01+02;1249
2016-07-12 22:02:01+02;1329
2016-07-13 07:56:01+02;1319
2016-07-13 09:33:01+02;1269
2016-07-13 12:02:01+02;1289
2016-07-13 15:20:01+02;1269
2016-07-13 22:02:01+02;1349
2016-07-14 08:36:01+02;1319
2016-07-14 10:36:01+02;1289
2016-07-14 12:02:01+02;1309
2016-07-14 14:36:01+02;1259
2016-07-14 17:28:01+02;1259
2016-07-14 22:02:01+02;1339
2016-07-15 09:28:01+02;1309
2016-07-15 10:58:02+02;1299
2016-07-15 12:02:01+02;1319
2016-07-15 16:52:01+02;1239
2016-07-15 18:42:01+02;1229
2016-07-15 22:02:01+02;1319
2016-07-16 08:51:01+02;1309
2016-07-16 11:13:01+02;1289
2016-07-16 12:02:01+02;1309
2016-07-16 13:37:01+02;1279
2016-07-16 16:21:01+02;1249
2016-07-16 18:06:01+02;1229
2016-07-16 22:02:01+02;1319
2016-07-17 11:06:01+02;1279
2016-07-17 12:02:01+02;1299
2016-07-17 15:13:01+02;1259
2016-07-17 15:37:01+02;1249
2016-07-17 22:02:01+02;1329
2016-07-18 06:32:01+02;1319
2016-07-18 09:06:01+02;1239
2016-07-18 12:02:01+02;1259
2016-07-18 14:50:01+02;1249
2016-07-18 16:43:01+02;1239
2016-07-18 22:02:01+02;1319
2016-07-19 09:43:01+02;1279
2016-07-19 12:02:01+02;1299
2016-07-19 14:13:01+02;1259
2016-07-19 14:59:01+02;1239
2016-07-19 22:02:01+02;1319
2016-07-20 06:40:01+02;1319
2016-07-20 08:05:01+02;1309
2016-07-20 09:36:01+02;1299
2016-07-20 12:02:01+02;1319
2016-07-20 13:31:01+02;1279
2016-07-20 15:36:01+02;1249
2016-07-20 22:02:01+02;1329
2016-07-20 22:03:01+02;1319
2016-07-21 09:06:01+02;1309
2016-07-21 10:06:01+02;1309
2016-07-21 11:22:02+02;1249
2016-07-21 12:02:01+02;1269
2016-07-21 13:52:01+02;1269
2016-07-21 14:52:01+02;1249
2016-07-21 18:58:01+02;1239
2016-07-21 22:02:01+02;1319
2016-07-22 09:28:01+02;1309
2016-07-22 10:58:01+02;1309
2016-07-22 12:02:01+02;1329
2016-07-22 13:52:01+02;1269
2016-07-22 14:29:01+02;1249
2016-07-22 15:22:01+02;1239
2016-07-22 18:21:01+02;1239
2016-07-22 22:02:01+02;1319
2016-07-23 08:57:01+02;1309
2016-07-23 10:13:01+02;1289
2016-07-23 12:02:01+02;1309
2016-07-23 14:37:01+02;1249
2016-07-23 15:51:01+02;1239
2016-07-23 22:02:01+02;1319
2016-07-24 08:35:01+02;1309
2016-07-24 10:35:01+02;1279
2016-07-24 11:42:01+02;1259
2016-07-24 12:02:01+02;1279
2016-07-24 14:21:01+02;1269
2016-07-24 16:42:01+02;1239
2016-07-24 22:02:01+02;1319
2016-07-25 06:22:01+02;1299
2016-07-25 12:02:01+02;1319
2016-07-25 14:14:01+02;1269
2016-07-25 14:23:01+02;1259
2016-07-25 15:57:01+02;1239
2016-07-25 18:06:01+02;1229
2016-07-25 22:02:01+02;1309
2016-07-26 12:02:01+02;1329
2016-07-26 13:34:01+02;1259
2016-07-26 14:53:01+02;1239
2016-07-26 22:02:01+02;1319
2016-07-27 07:32:02+02;1309
2016-07-27 09:02:01+02;1309
2016-07-27 10:47:02+02;1279
2016-07-27 11:22:02+02;1259
2016-07-27 12:02:01+02;1279
2016-07-27 13:32:01+02;1279
2016-07-27 15:03:01+02;1239
2016-07-27 22:02:01+02;1319
2016-07-28 07:38:01+02;1309
2016-07-28 10:08:01+02;1289
2016-07-28 12:02:01+02;1309
2016-07-28 13:40:01+02;1269
2016-07-28 22:02:01+02;1349
2016-07-29 06:28:01+02;1299
2016-07-29 10:36:01+02;1279
2016-07-29 12:02:01+02;1299
2016-07-29 13:36:01+02;1269
2016-07-29 14:42:01+02;1259
2016-07-29 15:32:01+02;1239
2016-07-29 22:02:01+02;1319
2016-07-30 06:46:01+02;1299
2016-07-30 11:01:02+02;1289
2016-07-30 12:02:01+02;1309
2016-07-30 13:35:01+02;1249
2016-07-30 15:03:01+02;1229
2016-07-30 22:02:01+02;1309
2016-07-31 06:35:01+02;1299
2016-07-31 08:17:01+02;1239
2016-07-31 12:02:01+02;1259
2016-07-31 12:04:01+02;1249
2016-07-31 19:08:01+02;1219
2016-07-31 22:02:01+02;1299
2016-08-01 06:40:01+02;1299
2016-08-01 10:20:01+02;1279
2016-08-01 11:16:01+02;1249
2016-08-01 12:02:01+02;1269
2016-08-01 13:35:01+02;1259
2016-08-01 14:55:01+02;1239
2016-08-01 17:39:01+02;1229
2016-08-01 22:02:02+02;1309
2016-08-02 06:25:01+02;1299
2016-08-02 09:47:01+02;1299
2016-08-02 10:46:01+02;1289
2016-08-02 12:02:01+02;1309
2016-08-02 12:03:01+02;1269
2016-08-02 13:24:01+02;1269
2016-08-02 15:39:01+02;1249
2016-08-02 17:17:01+02;1239
2016-08-02 18:46:01+02;1219
2016-08-02 22:02:01+02;1299
2016-08-03 06:24:01+02;1299
2016-08-03 09:39:01+02;1279
2016-08-03 11:31:01+02;1269
2016-08-03 12:02:01+02;1289
2016-08-03 12:15:01+02;1269
2016-08-03 13:35:01+02;1259
2016-08-03 14:47:01+02;1229
2016-08-03 18:39:01+02;1219
2016-08-03 22:02:01+02;1299
2016-08-04 06:25:01+02;1299
2016-08-04 07:46:01+02;1289
2016-08-04 09:25:01+02;1279
2016-08-04 09:53:01+02;1269
2016-08-04 11:46:01+02;1229
2016-08-04 12:02:01+02;1249
2016-08-04 13:24:01+02;1249
2016-08-04 14:46:01+02;1219
2016-08-04 22:02:01+02;1299
2016-08-05 06:24:01+02;1289
2016-08-05 10:02:01+02;1279
2016-08-05 11:36:01+02;1259
2016-08-05 12:24:01+02;1279
2016-08-05 14:09:01+02;1249
2016-08-05 14:48:01+02;1229
2016-08-05 22:02:01+02;1309
2016-08-06 06:48:01+02;1299
2016-08-06 12:02:01+02;1319
2016-08-06 13:33:01+02;1259
2016-08-06 14:47:01+02;1239
2016-08-06 16:47:01+02;1229
2016-08-06 22:02:01+02;1309
2016-08-07 07:47:01+02;1299
2016-08-07 11:19:01+02;1259
2016-08-07 12:02:01+02;1279
2016-08-07 14:02:01+02;1259
2016-08-07 15:39:01+02;1219
2016-08-07 22:02:01+02;1299
2016-08-08 10:19:01+02;1289
2016-08-08 11:24:01+02;1259
2016-08-08 12:02:01+02;1279
2016-08-08 13:45:01+02;1239
2016-08-08 15:23:01+02;1229
2016-08-08 22:02:01+02;1309
2016-08-09 06:24:01+02;1299
2016-08-09 10:00:01+02;1299
2016-08-09 11:24:01+02;1269
2016-08-09 12:02:01+02;1289
2016-08-09 15:00:01+02;1239
2016-08-09 22:02:01+02;1319
2016-08-09 22:03:01+02;1309
2016-08-10 10:29:01+02;1289
2016-08-10 11:08:01+02;1279
2016-08-10 12:02:01+02;1299
2016-08-10 14:31:01+02;1219
2016-08-10 22:02:01+02;1309
2016-08-11 09:23:02+02;1299
2016-08-11 10:23:01+02;1279
2016-08-11 10:44:01+02;1269
2016-08-11 12:02:01+02;1289
2016-08-11 14:53:01+02;1239
2016-08-11 18:49:01+02;1229
2016-08-11 22:02:01+02;1309
2016-08-12 09:53:01+02;1299
2016-08-12 11:08:01+02;1269
2016-08-12 12:02:01+02;1289
2016-08-12 14:15:01+02;1269
2016-08-12 15:02:01+02;1239
2016-08-12 16:06:01+02;1229
2016-08-12 22:02:01+02;1319
2016-08-13 07:45:01+02;1299
2016-08-13 09:31:01+02;1289
2016-08-13 10:32:01+02;1279
2016-08-13 12:02:01+02;1299
2016-08-13 12:06:01+02;1269
2016-08-13 14:15:01+02;1259
2016-08-13 15:37:01+02;1239
2016-08-13 22:02:01+02;1319
2016-08-14 06:46:01+02;1309
2016-08-14 10:46:01+02;1289
2016-08-14 12:02:01+02;1309
2016-08-14 13:31:01+02;1259
2016-08-14 14:07:01+02;1259
2016-08-14 15:37:01+02;1239
2016-08-14 16:23:01+02;1239
2016-08-14 22:02:01+02;1319
2016-08-15 06:27:01+02;1309
2016-08-15 09:23:01+02;1299
2016-08-15 10:23:01+02;1269
2016-08-15 11:31:01+02;1249
2016-08-15 12:02:01+02;1269
2016-08-15 14:01:01+02;1259
2016-08-15 15:07:01+02;1229
2016-08-15 22:02:01+02;1309
2016-08-16 08:31:01+02;1299
2016-08-16 10:01:01+02;1279
2016-08-16 11:16:01+02;1259
2016-08-16 12:02:01+02;1279
2016-08-16 13:24:01+02;1279
2016-08-16 15:01:01+02;1259
2016-08-16 17:16:01+02;1239
2016-08-16 19:15:01+02;1229
2016-08-16 22:02:02+02;1319
2016-08-17 06:27:01+02;1309
2016-08-17 09:37:01+02;1299
2016-08-17 11:45:02+02;1289
2016-08-17 12:02:01+02;1309
2016-08-17 14:37:01+02;1239
2016-08-17 16:52:01+02;1239
2016-08-17 18:15:01+02;1229
2016-08-17 22:02:01+02;1319
2016-08-18 09:23:01+02;1319
2016-08-18 11:31:01+02;1279
2016-08-18 12:02:01+02;1299
2016-08-18 13:24:01+02;1259
2016-08-18 15:15:01+02;1239
2016-08-18 22:02:01+02;1329
2016-08-19 06:28:01+02;1319
2016-08-19 09:16:01+02;1299
2016-08-19 10:07:01+02;1299
2016-08-19 11:37:01+02;1269
2016-08-19 12:02:01+02;1289
2016-08-19 13:31:02+02;1269
2016-08-19 14:53:01+02;1249
2016-08-19 22:02:01+02;1339
2016-08-20 06:45:01+02;1329
2016-08-20 09:21:02+02;1329
2016-08-20 10:31:01+02;1319
2016-08-20 10:51:01+02;1309
2016-08-20 11:11:01+02;1299
2016-08-20 11:31:01+02;1299
2016-08-20 12:02:01+02;1319
2016-08-20 12:24:01+02;1289
2016-08-20 14:11:01+02;1269
2016-08-20 16:08:01+02;1249
2016-08-20 22:02:01+02;1339
2016-08-21 10:23:01+02;1329
2016-08-21 12:02:01+02;1349
2016-08-21 14:23:01+02;1259
2016-08-21 16:16:01+02;1249
2016-08-21 22:02:01+02;1339
2016-08-22 09:31:01+02;1269
2016-08-22 11:16:01+02;1249
2016-08-22 12:02:01+02;1269
2016-08-22 16:16:01+02;1249
2016-08-22 22:02:01+02;1339
2016-08-23 08:24:01+02;1319
2016-08-23 10:47:01+02;1309
2016-08-23 12:02:01+02;1329
2016-08-23 16:01:01+02;1269
2016-08-23 17:45:01+02;1259
2016-08-23 19:00:01+02;1249
2016-08-23 22:02:01+02;1329
2016-08-24 10:37:01+02;1299
2016-08-24 12:02:01+02;1319
2016-08-24 13:53:01+02;1319
2016-08-24 13:59:01+02;1299
2016-08-24 16:23:01+02;1259
2016-08-24 22:02:01+02;1349
2016-08-25 08:39:01+02;1329
2016-08-25 09:32:01+02;1319
2016-08-25 12:02:01+02;1339
2016-08-25 14:39:01+02;1259
2016-08-25 15:23:01+02;1259
2016-08-25 18:52:01+02;1249
2016-08-25 22:02:01+02;1339
2016-08-26 09:31:01+02;1309
2016-08-26 11:01:02+02;1289
2016-08-26 12:02:01+02;1309
2016-08-26 13:51:01+02;1289
2016-08-26 16:24:01+02;1259
2016-08-26 17:39:01+02;1249
2016-08-26 22:02:02+02;1349
2016-08-27 10:16:01+02;1319
2016-08-27 12:02:01+02;1339
2016-08-27 13:46:01+02;1279
2016-08-27 15:23:01+02;1249
2016-08-27 19:00:01+02;1249
2016-08-27 22:02:01+02;1349
2016-08-28 12:02:01+02;1369
2016-08-28 13:33:01+02;1299
2016-08-28 14:46:01+02;1279
2016-08-28 17:01:01+02;1269
2016-08-28 17:31:01+02;1259
2016-08-28 18:55:01+02;1259
2016-08-28 22:02:01+02;1349
2016-08-29 06:25:01+02;1339
2016-08-29 10:02:01+02;1329
2016-08-29 10:46:01+02;1329
2016-08-29 12:02:01+02;1349
2016-08-29 13:33:02+02;1279
2016-08-29 15:02:01+02;1259
2016-08-29 17:16:01+02;1259
2016-08-29 19:16:01+02;1249
2016-08-29 22:02:01+02;1349
2016-08-30 06:24:01+02;1339
2016-08-30 09:39:01+02;1319
2016-08-30 10:46:01+02;1299
2016-08-30 11:37:01+02;1269
2016-08-30 12:02:01+02;1289
2016-08-30 12:08:01+02;1279
2016-08-30 15:16:01+02;1269
2016-08-30 16:46:01+02;1269
2016-08-30 22:02:01+02;1359
2016-08-31 06:25:01+02;1339
2016-08-31 10:19:01+02;1319
2016-08-31 11:38:01+02;1309
2016-08-31 12:02:01+02;1329
2016-08-31 13:33:01+02;1299
2016-08-31 15:32:01+02;1289
2016-08-31 19:02:01+02;1259
2016-08-31 22:02:01+02;1349
2016-09-01 06:27:01+02;1349
2016-09-01 08:18:01+02;1329
2016-09-01 10:25:01+02;1319
2016-09-01 11:17:01+02;1299
2016-09-01 12:02:01+02;1319
2016-09-01 13:34:01+02;1289
2016-09-01 16:23:02+02;1249
2016-09-01 22:02:01+02;1349
2016-09-02 06:25:01+02;1339
2016-09-02 10:02:01+02;1279
2016-09-02 10:32:01+02;1269
2016-09-02 11:48:01+02;1259
2016-09-02 12:03:01+02;1279
2016-09-02 18:17:01+02;1249
2016-09-02 22:02:01+02;1349
2016-09-03 09:24:01+02;1329
2016-09-03 10:33:01+02;1289
2016-09-03 12:02:01+02;1309
2016-09-03 13:34:01+02;1289
2016-09-03 15:18:01+02;1269
2016-09-03 17:01:01+02;1259
2016-09-03 18:17:01+02;1259
2016-09-03 22:02:01+02;1349
2016-09-04 10:24:01+02;1269
2016-09-04 12:02:01+02;1289
2016-09-04 14:39:01+02;1269
2016-09-04 15:47:01+02;1249
2016-09-04 22:02:01+02;1349
2016-09-05 10:26:01+02;1299
2016-09-05 10:58:01+02;1279
2016-09-05 11:22:02+02;1259
2016-09-05 12:02:01+02;1279
2016-09-05 12:24:01+02;1279
2016-09-05 13:32:01+02;1279
2016-09-05 13:51:01+02;1259
2016-09-05 18:01:01+02;1259
2016-09-05 22:02:02+02;1349
2016-09-06 07:32:01+02;1329
2016-09-06 08:30:01+02;1319
2016-09-06 09:29:01+02;1309
2016-09-06 10:09:01+02;1299
2016-09-06 10:39:02+02;1289
2016-09-06 12:02:01+02;1309
2016-09-06 12:25:01+02;1289
2016-09-06 13:51:01+02;1279
2016-09-06 14:11:01+02;1249
2016-09-06 14:49:01+02;1239
2016-09-06 22:02:01+02;1349
2016-09-07 06:27:31+02;1329
2016-09-07 08:23:31+02;1319
2016-09-07 10:08:31+02;1309
2016-09-07 10:28:31+02;1309
2016-09-07 11:08:32+02;1289
2016-09-07 12:01:31+02;1309
2016-09-07 12:02:31+02;1309
2016-09-07 12:22:31+02;1289
2016-09-07 12:28:31+02;1289
2016-09-07 14:19:31+02;1279
2016-09-07 16:18:31+02;1269
2016-09-07 18:10:32+02;1269
2016-09-07 22:01:31+02;1359
2016-09-08 06:25:31+02;1339
2016-09-08 07:41:31+02;1329
2016-09-08 09:00:31+02;1319
2016-09-08 10:08:31+02;1319
2016-09-08 10:38:31+02;1299
2016-09-08 11:28:31+02;1289
2016-09-08 12:01:31+02;1309
2016-09-08 12:23:31+02;1289
2016-09-08 13:20:31+02;1289
2016-09-08 13:50:31+02;1279
2016-09-08 15:10:31+02;1259
2016-09-08 15:57:31+02;1249
2016-09-08 22:01:31+02;1359
2016-09-09 06:24:31+02;1329
2016-09-09 07:49:31+02;1309
2016-09-09 08:11:31+02;1299
2016-09-09 10:48:31+02;1289
2016-09-09 11:30:31+02;1279
2016-09-09 12:01:30+02;1299
2016-09-09 12:23:31+02;1299
2016-09-09 14:50:31+02;1289
2016-09-09 16:18:31+02;1279
2016-09-09 16:30:31+02;1279
2016-09-09 16:39:31+02;1279
2016-09-09 22:01:31+02;1369
2016-09-10 08:28:31+02;1359
2016-09-10 09:30:31+02;1349
2016-09-10 10:09:31+02;1319
2016-09-10 12:01:31+02;1339
2016-09-10 12:30:31+02;1319
2016-09-10 14:23:31+02;1309
2016-09-10 14:50:31+02;1279
2016-09-10 17:38:31+02;1269
2016-09-10 22:01:31+02;1359
2016-09-11 08:12:31+02;1299
2016-09-11 08:39:31+02;1279
2016-09-11 09:08:31+02;1269
2016-09-11 12:01:31+02;1289
2016-09-11 14:10:31+02;1279
2016-09-11 14:22:31+02;1279
2016-09-11 14:29:31+02;1269
2016-09-11 14:58:31+02;1269
2016-09-11 22:01:31+02;1359
2016-09-12 07:50:31+02;1339
2016-09-12 09:28:31+02;1339
2016-09-12 11:09:31+02;1329
2016-09-12 12:01:31+02;1349
2016-09-12 12:30:31+02;1329
2016-09-12 13:28:31+02;1309
2016-09-12 14:18:31+02;1299
2016-09-12 14:57:31+02;1279
2016-09-12 17:45:31+02;1269
2016-09-12 22:01:31+02;1359
2016-09-13 07:16:31+02;1299
2016-09-13 08:09:31+02;1289
2016-09-13 09:28:31+02;1259
2016-09-13 11:21:31+02;1249
2016-09-13 12:01:31+02;1269
2016-09-13 14:26:31+02;1249
2016-09-13 22:01:31+02;1349
2016-09-14 05:30:31+02;1349
2016-09-14 09:17:31+02;1339
2016-09-14 09:48:31+02;1329
2016-09-14 10:28:31+02;1319
2016-09-14 10:46:31+02;1319
2016-09-14 10:56:31+02;1309
2016-09-14 11:16:31+02;1249
2016-09-14 12:01:31+02;1269
2016-09-14 16:17:31+02;1249
2016-09-14 17:57:32+02;1249
2016-09-14 22:01:31+02;1349
2016-09-15 05:33:31+02;1339
2016-09-15 09:16:31+02;1319
2016-09-15 10:06:31+02;1309
2016-09-15 11:16:31+02;1299
2016-09-15 11:47:31+02;1289
2016-09-15 12:01:31+02;1309
2016-09-15 13:18:31+02;1309
2016-09-15 13:48:31+02;1309
2016-09-15 14:18:31+02;1299
2016-09-15 14:26:31+02;1299
2016-09-15 15:17:31+02;1289
2016-09-15 16:35:31+02;1259
2016-09-15 17:50:31+02;1259
2016-09-15 19:05:31+02;1249
2016-09-15 19:45:31+02;1249
2016-09-15 22:01:31+02;1339
2016-09-16 05:33:31+02;1339
2016-09-16 09:46:31+02;1329
2016-09-16 10:45:31+02;1329
2016-09-16 10:48:31+02;1309
2016-09-16 11:47:31+02;1309
2016-09-16 12:01:31+02;1329
2016-09-16 12:30:31+02;1319
2016-09-16 12:47:31+02;1319
2016-09-16 12:58:31+02;1309
2016-09-16 14:19:31+02;1299
2016-09-16 15:28:31+02;1279
2016-09-16 17:58:32+02;1269
2016-09-16 19:55:31+02;1259
2016-09-16 20:15:31+02;1249
2016-09-16 22:01:31+02;1349
2016-09-17 09:29:31+02;1289
2016-09-17 10:17:31+02;1289
2016-09-17 11:17:31+02;1289
2016-09-17 12:01:31+02;1309
2016-09-17 12:02:31+02;1309
2016-09-17 14:27:31+02;1289
2016-09-17 16:56:31+02;1259
2016-09-17 17:26:31+02;1249
2016-09-17 22:01:31+02;1349
2016-09-18 08:34:31+02;1289
2016-09-18 10:29:31+02;1269
2016-09-18 10:57:31+02;1259
2016-09-18 12:01:31+02;1279
2016-09-18 14:54:31+02;1259
2016-09-18 16:15:31+02;1259
2016-09-18 17:32:31+02;1259
2016-09-18 18:44:31+02;1259
2016-09-18 19:30:31+02;1259
2016-09-18 22:01:31+02;1349
2016-09-19 05:35:31+02;1339
2016-09-19 08:36:31+02;1339
2016-09-19 08:56:31+02;1339
2016-09-19 09:16:31+02;1329
2016-09-19 09:36:31+02;1279
2016-09-19 09:46:31+02;1279
2016-09-19 12:01:31+02;1299
2016-09-19 12:31:31+02;1289
2016-09-19 14:28:31+02;1269
2016-09-19 15:17:31+02;1249
2016-09-19 22:01:30+02;1359
2016-09-20 05:31:31+02;1339
2016-09-20 09:07:31+02;1339
2016-09-20 09:48:31+02;1329
2016-09-20 10:18:31+02;1319
2016-09-20 11:17:31+02;1309
2016-09-20 11:36:31+02;1279
2016-09-20 12:01:31+02;1299
2016-09-20 13:28:31+02;1299
2016-09-20 14:18:31+02;1289
2016-09-20 14:48:31+02;1259
2016-09-20 18:46:31+02;1249
2016-09-20 22:01:31+02;1349
2016-09-21 06:59:31+02;1289
2016-09-21 11:17:31+02;1279
2016-09-21 11:46:31+02;1279
2016-09-21 12:01:31+02;1299
2016-09-21 12:31:31+02;1289
2016-09-21 14:18:31+02;1279
2016-09-21 14:48:31+02;1269
2016-09-21 18:25:31+02;1259
2016-09-21 22:01:31+02;1349
2016-09-22 05:31:31+02;1349
2016-09-22 08:18:31+02;1339
2016-09-22 09:28:31+02;1339
2016-09-22 09:36:31+02;1329
2016-09-22 09:46:31+02;1329
2016-09-22 10:18:31+02;1319
2016-09-22 11:17:31+02;1309
2016-09-22 11:36:31+02;1309
2016-09-22 11:46:31+02;1299
2016-09-22 12:01:31+02;1319
2016-09-22 12:31:31+02;1299
2016-09-22 13:18:31+02;1299
2016-09-22 14:18:31+02;1289
2016-09-22 14:47:31+02;1279
2016-09-22 19:25:31+02;1259
2016-09-22 19:45:31+02;1259
2016-09-22 22:01:31+02;1349
2016-09-23 07:38:31+02;1339
2016-09-23 08:27:31+02;1339
2016-09-23 10:17:31+02;1309
2016-09-23 12:01:31+02;1329
2016-09-23 12:30:31+02;1299
2016-09-23 13:27:31+02;1299
2016-09-23 14:17:31+02;1289
2016-09-23 14:47:31+02;1279
2016-09-23 16:57:32+02;1269
2016-09-23 19:15:31+02;1269
2016-09-23 19:25:31+02;1259
2016-09-23 19:55:31+02;1249
2016-09-23 22:01:31+02;1349
2016-09-24 09:28:31+02;1329
2016-09-24 10:28:31+02;1319
2016-09-24 10:48:31+02;1309
2016-09-24 11:17:31+02;1289
2016-09-24 11:37:31+02;1289
2016-09-24 12:01:31+02;1309
2016-09-24 12:31:31+02;1309
2016-09-24 12:37:31+02;1289
2016-09-24 14:50:31+02;1289
2016-09-24 16:26:31+02;1279
2016-09-24 22:01:31+02;1369
2016-09-25 08:09:31+02;1329
2016-09-25 08:33:31+02;1309
2016-09-25 10:28:31+02;1289
2016-09-25 11:17:31+02;1279
2016-09-25 12:01:31+02;1299
2016-09-25 14:51:31+02;1279
2016-09-25 22:01:31+02;1369
2016-09-26 05:33:31+02;1349
2016-09-26 09:33:31+02;1339
2016-09-26 11:17:31+02;1329
2016-09-26 11:37:31+02;1299
2016-09-26 12:01:31+02;1319
2016-09-26 13:12:31+02;1319
2016-09-26 13:47:31+02;1299
2016-09-26 16:56:31+02;1279
2016-09-26 17:46:31+02;1279
2016-09-26 18:55:31+02;1259
2016-09-26 22:01:31+02;1349
2016-09-27 07:47:31+02;1339
2016-09-27 08:47:31+02;1339
2016-09-27 09:27:31+02;1329
2016-09-27 10:17:31+02;1319
2016-09-27 11:17:31+02;1309
2016-09-27 11:37:31+02;1259
2016-09-27 12:01:31+02;1279
2016-09-27 12:29:31+02;1279
2016-09-27 14:17:31+02;1269
2016-09-27 14:47:31+02;1269
2016-09-27 14:56:32+02;1259
2016-09-27 15:46:31+02;1239
2016-09-27 19:25:31+02;1239
2016-09-27 22:01:31+02;1349
2016-09-28 05:28:31+02;1339
2016-09-28 07:45:31+02;1329
2016-09-28 08:27:31+02;1319
2016-09-28 09:54:31+02;1309
2016-09-28 11:24:31+02;1289
2016-09-28 12:01:31+02;1309
2016-09-28 12:27:31+02;1289
2016-09-28 14:15:31+02;1279
2016-09-28 15:14:31+02;1269
2016-09-28 17:04:31+02;1259
2016-09-28 18:23:31+02;1249
2016-09-28 18:34:31+02;1249
2016-09-28 22:01:31+02;1349
2016-09-29 05:30:31+02;1339
2016-09-29 07:55:31+02;1329
2016-09-29 09:26:31+02;1319
2016-09-29 10:05:31+02;1309
2016-09-29 10:54:31+02;1289
2016-09-29 11:34:31+02;1279
2016-09-29 12:01:31+02;1299
2016-09-29 12:28:31+02;1289
2016-09-29 14:15:31+02;1279
2016-09-29 14:45:31+02;1269
2016-09-29 18:38:31+02;1249
2016-09-29 22:01:31+02;1359
2016-09-30 05:28:31+02;1339
2016-09-30 08:29:31+02;1329
2016-09-30 09:29:31+02;1319
2016-09-30 10:09:31+02;1309
2016-09-30 11:09:31+02;1299
2016-09-30 11:29:31+02;1299
2016-09-30 11:39:31+02;1289
2016-09-30 12:01:31+02;1309
2016-09-30 12:23:32+02;1299
2016-09-30 12:50:31+02;1279
2016-09-30 13:49:31+02;1259
2016-09-30 22:01:31+02;1359
2016-10-01 09:30:31+02;1339
2016-10-01 10:10:31+02;1329
2016-10-01 12:01:31+02;1349
2016-10-01 12:02:31+02;1329
2016-10-01 12:23:31+02;1309
2016-10-01 14:21:31+02;1299
2016-10-01 14:59:31+02;1279
2016-10-01 17:39:31+02;1269
2016-10-01 22:01:31+02;1359
2016-10-02 09:59:31+02;1339
2016-10-02 12:01:31+02;1359
2016-10-02 12:23:31+02;1339
2016-10-02 14:21:31+02;1329
2016-10-02 14:40:31+02;1319
2016-10-02 15:19:31+02;1309
2016-10-02 16:29:31+02;1299
2016-10-02 18:59:31+02;1289
2016-10-02 19:19:31+02;1279
2016-10-02 20:09:31+02;1269
2016-10-02 22:01:31+02;1359
2016-10-03 08:39:31+02;1359
2016-10-03 09:09:31+02;1349
2016-10-03 11:09:31+02;1299
2016-10-03 12:01:31+02;1319
2016-10-03 12:23:31+02;1289
2016-10-03 14:39:31+02;1279
2016-10-03 17:29:31+02;1269
2016-10-03 18:28:31+02;1259
2016-10-03 19:48:31+02;1249
2016-10-03 22:01:31+02;1359
2016-10-04 08:49:31+02;1349
2016-10-04 09:40:31+02;1329
2016-10-04 10:29:31+02;1319
2016-10-04 11:10:31+02;1309
2016-10-04 12:01:31+02;1329
2016-10-04 12:25:31+02;1289
2016-10-04 14:59:31+02;1289
2016-10-04 16:09:31+02;1269
2016-10-04 16:39:31+02;1269
2016-10-04 19:18:31+02;1259
2016-10-04 22:01:31+02;1369
2016-10-05 05:28:31+02;1359
2016-10-05 08:00:31+02;1349
2016-10-05 11:00:31+02;1319
2016-10-05 11:29:31+02;1319
2016-10-05 12:01:31+02;1339
2016-10-05 12:02:31+02;1319
2016-10-05 13:20:31+02;1319
2016-10-05 14:20:31+02;1309
2016-10-05 14:49:31+02;1299
2016-10-05 15:49:31+02;1289
2016-10-05 17:59:31+02;1289
2016-10-05 18:28:31+02;1279
2016-10-05 19:18:31+02;1269
2016-10-05 22:01:31+02;1379
2016-10-06 05:27:31+02;1369
2016-10-06 08:01:31+02;1349
2016-10-06 09:09:31+02;1329
2016-10-06 10:20:31+02;1319
2016-10-06 12:01:31+02;1339
2016-10-06 12:02:31+02;1299
2016-10-06 13:49:31+02;1279
2016-10-06 18:01:31+02;1279
2016-10-06 22:01:31+02;1379
2016-10-07 05:33:31+02;1369
2016-10-07 07:43:31+02;1349
2016-10-07 08:41:31+02;1329
2016-10-07 10:41:31+02;1309
2016-10-07 12:01:31+02;1329
2016-10-07 12:24:31+02;1319
2016-10-07 13:51:31+02;1309
2016-10-07 16:21:31+02;1299
2016-10-07 17:21:31+02;1289
2016-10-07 18:11:31+02;1289
2016-10-07 22:01:31+02;1389
2016-10-08 08:25:31+02;1379
2016-10-08 09:32:32+02;1379
2016-10-08 10:13:31+02;1359
2016-10-08 11:12:31+02;1339
2016-10-08 12:01:31+02;1359
2016-10-08 12:32:31+02;1339
2016-10-08 14:23:31+02;1329
2016-10-08 14:42:31+02;1309
2016-10-08 15:32:31+02;1299
2016-10-08 17:31:31+02;1289
2016-10-08 18:02:31+02;1289
2016-10-08 22:01:31+02;1389
2016-10-09 09:12:31+02;1289
2016-10-09 12:01:31+02;1309
2016-10-09 14:42:31+02;1289
2016-10-09 17:11:31+02;1289
2016-10-09 22:01:31+02;1389
2016-10-10 05:29:31+02;1379
2016-10-10 07:03:31+02;1279
2016-10-10 12:01:31+02;1299
2016-10-10 14:11:31+02;1289
2016-10-10 15:02:31+02;1279
2016-10-10 22:01:31+02;1389
2016-10-11 05:26:31+02;1379
2016-10-11 07:42:31+02;1359
2016-10-11 09:41:31+02;1359
2016-10-11 10:11:31+02;1339
2016-10-11 11:02:31+02;1339
2016-10-11 11:42:31+02;1299
2016-10-11 12:01:31+02;1319
2016-10-11 14:11:31+02;1309
2016-10-11 14:41:31+02;1299
2016-10-11 17:41:31+02;1299
2016-10-11 18:02:31+02;1279
2016-10-11 18:50:31+02;1279
2016-10-11 22:01:31+02;1489
2016-10-12 05:27:31+02;1369
2016-10-12 07:52:31+02;1369
2016-10-12 10:32:31+02;1359
2016-10-12 10:52:31+02;1349
2016-10-12 11:02:31+02;1349
2016-10-12 11:12:31+02;1329
2016-10-12 11:22:31+02;1329
2016-10-12 12:01:31+02;1349
2016-10-12 12:26:31+02;1329
2016-10-12 14:11:31+02;1309
2016-10-12 14:42:31+02;1299
2016-10-12 16:41:31+02;1299
2016-10-12 18:20:31+02;1289
2016-10-12 22:01:31+02;1389
2016-10-13 05:25:31+02;1379
2016-10-13 07:43:31+02;1379
2016-10-13 08:42:31+02;1369
2016-10-13 10:32:31+02;1349
2016-10-13 11:42:31+02;1329
2016-10-13 12:01:31+02;1349
2016-10-13 12:25:32+02;1339
2016-10-13 14:11:31+02;1319
2016-10-13 14:42:31+02;1309
2016-10-13 15:31:31+02;1299
2016-10-13 17:31:31+02;1289
2016-10-13 22:01:31+02;1389
2016-10-14 05:30:31+02;1379
2016-10-14 07:43:31+02;1369
2016-10-14 08:23:31+02;1359
2016-10-14 08:42:31+02;1359
2016-10-14 10:02:31+02;1349
2016-10-14 10:32:31+02;1329
2016-10-14 12:01:31+02;1349
2016-10-14 12:31:31+02;1319
2016-10-14 14:22:31+02;1319
2016-10-14 15:52:31+02;1309
2016-10-14 16:32:31+02;1299
2016-10-14 17:31:31+02;1289
2016-10-14 20:50:31+02;1269
2016-10-14 22:01:31+02;1399
2016-10-15 15:50:07+02;1299
2016-10-15 15:54:31+02;1299
2016-10-15 18:42:31+02;1289
2016-10-15 22:02:31+02;1399
2016-10-16 07:24:31+02;1389
2016-10-16 08:29:31+02;1369
2016-10-16 10:23:31+02;1359
2016-10-16 10:52:31+02;1339
2016-10-16 11:12:31+02;1339
2016-10-16 11:33:31+02;1329
2016-10-16 12:02:31+02;1349
2016-10-16 12:26:31+02;1319
2016-10-16 12:53:31+02;1319
2016-10-16 14:26:31+02;1319
2016-10-16 14:41:31+02;1319
2016-10-16 15:12:31+02;1309
2016-10-16 17:12:31+02;1289
2016-10-16 22:01:31+02;1399
2016-10-17 05:28:31+02;1369
2016-10-17 08:14:31+02;1309
2016-10-17 10:11:31+02;1309
2016-10-17 10:52:31+02;1299
2016-10-17 11:42:31+02;1299
2016-10-17 12:01:31+02;1319
2016-10-17 12:25:31+02;1309
2016-10-17 13:52:31+02;1289
2016-10-17 22:01:31+02;1399
2016-10-18 05:33:31+02;1369
2016-10-18 08:13:31+02;1359
2016-10-18 09:33:31+02;1349
2016-10-18 10:12:31+02;1339
2016-10-18 10:53:31+02;1309
2016-10-18 12:01:31+02;1329
2016-10-18 12:42:31+02;1329
2016-10-18 14:11:31+02;1319
2016-10-18 14:23:31+02;1319
2016-10-18 15:03:31+02;1299
2016-10-18 15:29:32+02;1289
2016-10-18 18:31:31+02;1279
2016-10-18 18:51:31+02;1279
2016-10-18 22:01:31+02;1399
2016-10-19 05:29:31+02;1369
2016-10-19 08:03:31+02;1359
2016-10-19 10:32:31+02;1359
2016-10-19 10:42:31+02;1329
2016-10-19 10:52:31+02;1329
2016-10-19 11:12:31+02;1319
2016-10-19 11:32:31+02;1279
2016-10-19 12:01:31+02;1299
2016-10-19 12:26:31+02;1299
2016-10-19 15:02:31+02;1279
2016-10-19 22:01:31+02;1399
2016-10-20 05:29:31+02;1369
2016-10-20 07:33:31+02;1359
2016-10-20 07:43:31+02;1359
2016-10-20 07:53:31+02;1349
2016-10-20 08:24:31+02;1339
2016-10-20 09:32:31+02;1339
2016-10-20 10:12:31+02;1339
2016-10-20 11:12:31+02;1329
2016-10-20 12:01:31+02;1349
2016-10-20 12:25:31+02;1309
2016-10-20 14:02:31+02;1289
2016-10-20 15:29:31+02;1279
2016-10-20 18:31:31+02;1269
2016-10-20 22:01:31+02;1399
2016-10-21 05:27:31+02;1369
2016-10-21 07:13:31+02;1359
2016-10-21 10:23:31+02;1339
2016-10-21 11:12:31+02;1319
2016-10-21 11:42:31+02;1279
2016-10-21 12:01:31+02;1299
2016-10-21 12:42:31+02;1299
2016-10-21 14:12:31+02;1289
2016-10-21 14:42:31+02;1279
2016-10-21 22:01:31+02;1409
2016-10-22 05:28:31+02;1399
2016-10-22 08:25:31+02;1379
2016-10-22 09:13:31+02;1369
2016-10-22 10:13:31+02;1349
2016-10-22 12:01:31+02;1369
2016-10-22 12:27:31+02;1339
2016-10-22 12:53:31+02;1309
2016-10-22 14:42:31+02;1289
2016-10-22 22:01:31+02;1409
2016-10-23 05:29:31+02;1399
2016-10-23 07:24:31+02;1389
2016-10-23 08:29:31+02;1369
2016-10-23 09:13:31+02;1309
2016-10-23 11:42:31+02;1309
2016-10-23 12:01:31+02;1329
2016-10-23 14:41:31+02;1309
2016-10-23 16:12:31+02;1289
2016-10-23 22:01:31+02;1409
2016-10-24 05:30:31+02;1369
2016-10-24 07:44:31+02;1369
2016-10-24 08:03:31+02;1359
2016-10-24 10:32:31+02;1349
2016-10-24 11:12:31+02;1309
2016-10-24 11:32:31+02;1309
2016-10-24 12:01:31+02;1329
2016-10-24 12:26:31+02;1319
2016-10-24 12:52:31+02;1299
2016-10-24 14:13:31+02;1289
2016-10-24 14:42:31+02;1279
2016-10-24 22:01:32+02;1409
2016-10-25 05:32:31+02;1379
2016-10-25 07:18:31+02;1309
2016-10-25 08:18:31+02;1309
2016-10-25 09:17:31+02;1299
2016-10-25 11:17:31+02;1289
2016-10-25 12:01:31+02;1309
2016-10-25 14:06:31+02;1299
2016-10-25 14:57:31+02;1289
2016-10-25 15:30:31+02;1279
2016-10-25 15:46:31+02;1279
2016-10-25 17:06:31+02;1269
2016-10-25 22:01:31+02;1409
2016-10-26 05:34:31+02;1369
2016-10-26 07:57:31+02;1359
2016-10-26 10:27:31+02;1349
2016-10-26 11:07:31+02;1339
2016-10-26 11:27:31+02;1309
2016-10-26 12:01:31+02;1329
2016-10-26 13:17:31+02;1329
2016-10-26 13:47:31+02;1309
2016-10-26 15:46:31+02;1309
2016-10-26 19:16:31+02;1299
2016-10-26 22:01:31+02;1399
2016-10-27 05:31:31+02;1379
2016-10-27 07:38:31+02;1369
2016-10-27 07:58:31+02;1349
2016-10-27 10:47:31+02;1339
2016-10-27 11:27:31+02;1329
2016-10-27 12:01:31+02;1349
2016-10-27 12:02:31+02;1329
2016-10-27 14:57:31+02;1319
2016-10-27 15:17:31+02;1309
2016-10-27 15:27:31+02;1309
2016-10-27 15:36:31+02;1299
2016-10-27 16:42:31+02;1299
2016-10-27 17:21:31+02;1289
2016-10-27 18:50:31+02;1289
2016-10-27 19:51:31+02;1279
2016-10-27 22:01:31+02;1399
2016-10-28 05:31:31+02;1369
2016-10-28 07:13:31+02;1359
2016-10-28 07:42:31+02;1359
2016-10-28 11:12:31+02;1349
2016-10-28 11:32:31+02;1289
2016-10-28 12:01:31+02;1309
2016-10-28 12:31:31+02;1299
2016-10-28 14:12:31+02;1279
2016-10-28 22:01:31+02;1399
2016-10-29 08:32:31+02;1379
2016-10-29 09:12:31+02;1359
2016-10-29 09:32:31+02;1349
2016-10-29 10:12:31+02;1339
2016-10-29 11:02:31+02;1329
2016-10-29 11:32:31+02;1329
2016-10-29 12:01:31+02;1349
2016-10-29 12:26:31+02;1329
2016-10-29 14:24:31+02;1329
2016-10-29 14:42:31+02;1309
2016-10-29 15:12:31+02;1289
2016-10-29 22:01:31+02;1399
2016-10-30 08:29:31+01;1379
2016-10-30 09:43:31+01;1379
2016-10-30 10:13:31+01;1369
2016-10-30 11:13:31+01;1349
2016-10-30 11:34:31+01;1309
2016-10-30 12:01:31+01;1329
2016-10-30 14:24:31+01;1319
2016-10-30 14:45:31+01;1299
2016-10-30 15:32:31+01;1289
2016-10-30 17:12:31+01;1289
2016-10-30 22:01:31+01;1399
2016-10-31 05:27:31+01;1369
2016-10-31 07:43:31+01;1359
2016-10-31 11:13:31+01;1329
2016-10-31 11:32:31+01;1309
2016-10-31 12:01:31+01;1329
2016-10-31 12:27:31+01;1299
2016-10-31 14:13:31+01;1289
2016-10-31 14:46:31+01;1289
2016-10-31 14:49:31+01;1279
2016-10-31 18:51:31+01;1269
2016-10-31 22:01:31+01;1399
2016-11-01 05:27:31+01;1359
2016-11-01 08:13:31+01;1259
2016-11-01 09:33:31+01;1259
2016-11-01 10:12:31+01;1259
2016-11-01 11:13:31+01;1259
2016-11-01 12:01:31+01;1279
2016-11-01 12:41:32+01;1279
2016-11-01 13:53:31+01;1259
2016-11-01 14:42:31+01;1259
2016-11-01 15:24:31+01;1259
2016-11-01 22:01:31+01;1399
2016-11-02 05:28:31+01;1349
2016-11-02 07:53:31+01;1349
2016-11-02 08:53:31+01;1349
2016-11-02 09:13:31+01;1339
2016-11-02 10:12:31+01;1329
2016-11-02 11:02:31+01;1319
2016-11-02 11:22:31+01;1289
2016-11-02 12:01:31+01;1309
2016-11-02 12:26:31+01;1299
2016-11-02 14:27:31+01;1279
2016-11-02 15:16:31+01;1269
2016-11-02 22:01:31+01;1389
2016-11-03 05:30:31+01;1359
2016-11-03 08:28:31+01;1349
2016-11-03 09:57:31+01;1299
2016-11-03 11:16:31+01;1299
2016-11-03 11:27:31+01;1279
2016-11-03 11:36:31+01;1279
2016-11-03 12:01:31+01;1299
2016-11-03 12:29:31+01;1299
2016-11-03 13:46:32+01;1279
2016-11-03 14:26:31+01;1269
2016-11-03 18:06:31+01;1259
2016-11-03 19:14:31+01;1259
2016-11-03 22:02:31+01;1379
2016-11-04 05:33:31+01;1349
2016-11-04 08:08:31+01;1339
2016-11-04 09:17:31+01;1329
2016-11-04 10:26:31+01;1319
2016-11-04 10:56:31+01;1299
2016-11-04 11:26:31+01;1269
2016-11-04 12:01:31+01;1289
2016-11-04 12:30:31+01;1279
2016-11-04 15:06:31+01;1269
2016-11-04 18:25:31+01;1259
2016-11-04 22:01:31+01;1369
2016-11-05 08:30:31+01;1359
2016-11-05 09:27:31+01;1339
2016-11-05 10:17:31+01;1329
2016-11-05 10:57:31+01;1319
2016-11-05 12:01:31+01;1339
2016-11-05 12:30:31+01;1299
2016-11-05 16:36:31+01;1279
2016-11-05 18:26:31+01;1269
2016-11-05 22:01:32+01;1369
2016-11-06 07:19:31+01;1369
2016-11-06 08:31:31+01;1359
2016-11-06 10:17:31+01;1349
2016-11-06 11:07:31+01;1339
2016-11-06 11:27:31+01;1299
2016-11-06 12:01:31+01;1319
2016-11-06 12:30:31+01;1309
2016-11-06 14:28:31+01;1279
2016-11-06 17:16:31+01;1279
2016-11-06 18:16:31+01;1269
2016-11-06 22:01:32+01;1369
2016-11-07 05:35:31+01;1349
2016-11-07 09:17:31+01;1349
2016-11-07 10:27:31+01;1309
2016-11-07 11:26:31+01;1279
2016-11-07 12:01:31+01;1299
2016-11-07 12:02:31+01;1289
2016-11-07 12:29:31+01;1289
2016-11-07 14:16:31+01;1279
2016-11-07 14:35:31+01;1269
2016-11-07 15:26:31+01;1259
2016-11-07 18:25:31+01;1249
2016-11-07 19:55:31+01;1249
2016-11-07 22:01:31+01;1359
2016-11-08 05:27:31+01;1339
2016-11-08 08:31:31+01;1329
2016-11-08 08:42:31+01;1329
2016-11-08 08:53:31+01;1319
2016-11-08 10:12:31+01;1309
2016-11-08 11:03:31+01;1279
2016-11-08 12:01:31+01;1299
2016-11-08 13:23:31+01;1299
2016-11-08 14:12:31+01;1289
2016-11-08 14:52:31+01;1279
2016-11-08 15:22:31+01;1269
2016-11-08 17:12:31+01;1259
2016-11-08 17:42:31+01;1259
2016-11-08 18:12:31+01;1259
2016-11-08 22:01:31+01;1359
2016-11-09 05:27:31+01;1349
2016-11-09 07:14:31+01;1339
2016-11-09 08:32:31+01;1329
2016-11-09 08:53:31+01;1319
2016-11-09 09:23:31+01;1319
2016-11-09 10:23:31+01;1299
2016-11-09 11:03:31+01;1269
2016-11-09 12:01:31+01;1289
2016-11-09 12:26:31+01;1279
2016-11-09 14:32:31+01;1259
2016-11-09 19:41:31+01;1239
2016-11-09 22:01:31+01;1359
2016-11-10 05:29:31+01;1329
2016-11-10 07:24:31+01;1329
2016-11-10 08:43:31+01;1319
2016-11-10 09:13:31+01;1299
2016-11-10 10:32:31+01;1299
2016-11-10 11:03:31+01;1289
2016-11-10 11:22:31+01;1269
2016-11-10 12:01:31+01;1289
2016-11-10 12:42:31+01;1279
2016-11-10 14:52:31+01;1259
2016-11-10 15:23:31+01;1259
2016-11-10 17:12:31+01;1239
2016-11-10 22:01:31+01;1359
2016-11-11 05:31:31+01;1329
2016-11-11 07:14:31+01;1319
2016-11-11 10:32:31+01;1299
2016-11-11 11:13:31+01;1279
2016-11-11 12:01:31+01;1299
2016-11-11 13:43:31+01;1269
2016-11-11 15:13:31+01;1259
2016-11-11 15:52:31+01;1239
2016-11-11 17:12:31+01;1239
2016-11-11 18:12:31+01;1229
2016-11-11 22:01:31+01;1369
2016-11-12 06:27:31+01;1359
2016-11-12 07:55:31+01;1359
2016-11-12 08:15:31+01;1339
2016-11-12 08:28:31+01;1339
2016-11-12 08:33:31+01;1319
2016-11-12 09:13:32+01;1319
2016-11-12 10:13:31+01;1309
2016-11-12 11:13:31+01;1309
2016-11-12 11:43:31+01;1289
2016-11-12 12:01:31+01;1309
2016-11-12 12:27:31+01;1269
2016-11-12 14:29:31+01;1249
2016-11-12 15:13:31+01;1249
2016-11-12 17:13:31+01;1249
2016-11-12 17:43:31+01;1239
2016-11-12 22:01:31+01;1369
2016-11-13 07:25:31+01;1359
2016-11-13 08:28:31+01;1339
2016-11-13 09:43:31+01;1339
2016-11-13 10:04:31+01;1339
2016-11-13 10:13:31+01;1329
2016-11-13 10:53:31+01;1309
2016-11-13 11:33:31+01;1269
2016-11-13 12:01:31+01;1289
2016-11-13 12:02:31+01;1289
2016-11-13 14:24:31+01;1259
2016-11-13 16:12:31+01;1249
2016-11-13 22:01:31+01;1369
2016-11-14 05:28:31+01;1329
2016-11-14 07:44:31+01;1329
2016-11-14 09:44:31+01;1319
2016-11-14 10:03:31+01;1319
2016-11-14 10:23:31+01;1309
2016-11-14 11:22:31+01;1299
2016-11-14 11:43:31+01;1239
2016-11-14 12:01:31+01;1259
2016-11-14 14:12:31+01;1259
2016-11-14 14:23:31+01;1239
2016-11-14 14:45:31+01;1239
2016-11-14 15:42:31+01;1229
2016-11-14 17:12:31+01;1229
2016-11-14 17:22:31+01;1219
2016-11-14 22:01:31+01;1369
2016-11-15 05:30:31+01;1319
2016-11-15 07:24:31+01;1319
2016-11-15 10:03:31+01;1299
2016-11-15 10:43:31+01;1299
2016-11-15 11:23:31+01;1279
2016-11-15 11:43:31+01;1259
2016-11-15 12:01:31+01;1279
2016-11-15 13:23:31+01;1279
2016-11-15 13:52:31+01;1269
2016-11-15 14:26:31+01;1259
2016-11-15 15:13:31+01;1249
2016-11-16 00:24:31+01;1369
2016-11-16 05:29:31+01;1319
2016-11-16 07:13:31+01;1319
2016-11-16 08:42:31+01;1249
2016-11-16 09:11:31+01;1249
2016-11-16 12:01:31+01;1269
2016-11-16 14:12:31+01;1259
2016-11-16 14:32:31+01;1249
2016-11-16 17:41:31+01;1239
2016-11-16 20:11:31+01;1229
2016-11-16 22:01:31+01;1379
2016-11-17 05:25:31+01;1319
2016-11-17 07:23:31+01;1319
2016-11-17 09:11:31+01;1299
2016-11-17 09:41:31+01;1279
2016-11-17 10:01:31+01;1259
2016-11-17 11:21:31+01;1259
2016-11-17 12:00:31+01;1279
2016-11-17 12:40:31+01;1279
2016-11-17 14:11:31+01;1269
2016-11-17 14:41:31+01;1259
2016-11-17 15:20:31+01;1249
2016-11-17 16:20:31+01;1239
2016-11-17 16:40:31+01;1239
2016-11-17 18:20:31+01;1229
2016-11-17 22:00:31+01;1379
2016-11-18 05:25:31+01;1329
2016-11-18 07:23:31+01;1329
2016-11-18 07:53:31+01;1319
2016-11-18 09:12:31+01;1299
2016-11-18 10:32:31+01;1279
2016-11-18 12:01:31+01;1299
2016-11-18 12:26:31+01;1269
2016-11-18 16:42:31+01;1259
2016-11-18 18:11:31+01;1259
2016-11-18 18:21:31+01;1249
2016-11-18 18:31:31+01;1249
2016-11-18 18:51:31+01;1239
2016-11-18 19:11:31+01;1229
2016-11-18 22:01:31+01;1379
2016-11-19 06:24:31+01;1359
2016-11-19 08:25:31+01;1339
2016-11-19 09:13:31+01;1319
2016-11-19 09:42:31+01;1319
2016-11-19 10:12:31+01;1299
2016-11-19 10:43:31+01;1299
2016-11-19 12:01:31+01;1319
2016-11-19 12:02:31+01;1279
2016-11-19 12:26:31+01;1279
2016-11-19 14:42:31+01;1259
2016-11-19 16:22:31+01;1249
2016-11-19 20:02:31+01;1239
2016-11-19 22:01:31+01;1379
2016-11-20 07:25:31+01;1359
2016-11-20 08:25:31+01;1339
2016-11-20 09:43:31+01;1329
2016-11-20 11:13:31+01;1299
2016-11-20 11:43:31+01;1269
2016-11-20 12:01:31+01;1289
2016-11-20 14:23:31+01;1259
2016-11-20 17:42:31+01;1249
2016-11-20 18:22:31+01;1249
2016-11-20 22:01:31+01;1379
2016-11-21 05:25:31+01;1329
2016-11-21 07:53:31+01;1269
2016-11-21 08:24:31+01;1259
2016-11-21 09:13:31+01;1239
2016-11-21 11:12:31+01;1239
2016-11-21 12:01:31+01;1259
2016-11-21 14:32:31+01;1249
2016-11-21 14:52:31+01;1239
2016-11-21 22:01:31+01;1389
2016-11-22 05:29:31+01;1329
2016-11-22 07:24:31+01;1319
2016-11-22 08:32:31+01;1319
2016-11-22 10:09:31+01;1299
2016-11-22 11:09:31+01;1279
2016-11-22 12:01:31+01;1299
2016-11-22 12:22:31+01;1289
2016-11-22 14:58:31+01;1279
2016-11-22 16:08:31+01;1259
2016-11-22 17:08:31+01;1249
2016-11-22 22:01:31+01;1399
2016-11-23 05:33:31+01;1349
2016-11-23 07:40:31+01;1339
2016-11-23 09:39:31+01;1329
2016-11-23 10:39:31+01;1319
2016-11-23 11:09:31+01;1309
2016-11-23 11:28:31+01;1299
2016-11-23 12:01:31+01;1319
2016-11-23 12:23:31+01;1299
2016-11-23 14:58:31+01;1299
2016-11-23 15:39:31+01;1279
2016-11-23 18:19:31+01;1259
2016-11-23 22:01:31+01;1399
2016-11-24 05:33:31+01;1349
2016-11-24 07:10:31+01;1339
2016-11-24 09:39:31+01;1329
2016-11-24 10:29:31+01;1309
2016-11-24 11:39:32+01;1279
2016-11-24 12:01:31+01;1299
2016-11-24 14:31:31+01;1289
2016-11-24 14:48:31+01;1279
2016-11-24 16:08:31+01;1269
2016-11-24 22:01:32+01;1409
2016-11-25 05:33:31+01;1359
2016-11-25 07:10:31+01;1349
2016-11-25 09:39:31+01;1339
2016-11-25 10:20:31+01;1319
2016-11-25 11:29:31+01;1319
2016-11-25 12:01:31+01;1339
2016-11-25 12:23:31+01;1319
2016-11-25 14:09:31+01;1309
2016-11-25 14:58:31+01;1299
2016-11-25 17:09:31+01;1279
2016-11-25 17:39:31+01;1279
2016-11-25 22:01:31+01;1409
2016-11-26 06:22:31+01;1389
2016-11-26 07:30:31+01;1389
2016-11-26 08:10:31+01;1379
2016-11-26 08:24:31+01;1379
2016-11-26 08:31:31+01;1359
2016-11-26 08:51:31+01;1339
2016-11-26 09:20:31+01;1339
2016-11-26 10:09:31+01;1309
2016-11-26 12:01:31+01;1329
2016-11-26 12:24:31+01;1309
2016-11-26 14:21:32+01;1309
2016-11-26 14:59:31+01;1279
2016-11-26 22:01:31+01;1409
2016-11-27 07:22:31+01;1389
2016-11-27 08:25:31+01;1369
2016-11-27 10:09:31+01;1319
2016-11-27 10:30:31+01;1309
2016-11-27 11:00:31+01;1289
2016-11-27 12:01:31+01;1309
2016-11-27 12:23:31+01;1309
2016-11-27 14:49:31+01;1279
2016-11-27 18:18:31+01;1269
2016-11-27 20:38:31+01;1269
2016-11-27 22:01:31+01;1409
2016-11-28 05:27:31+01;1359
2016-11-28 07:20:31+01;1349
2016-11-28 08:38:31+01;1349
2016-11-28 09:19:31+01;1329
2016-11-28 10:39:31+01;1319
2016-11-28 11:09:31+01;1309
2016-11-28 11:39:31+01;1299
2016-11-28 12:01:31+01;1319
2016-11-28 12:38:31+01;1309
2016-11-28 14:48:31+01;1289
2016-11-28 19:08:31+01;1269
2016-11-28 22:01:31+01;1409
2016-11-29 05:29:31+01;1349
2016-11-29 07:10:31+01;1349
2016-11-29 09:10:31+01;1349
2016-11-29 09:42:31+01;1329
2016-11-29 10:09:31+01;1319
2016-11-29 11:12:31+01;1279
2016-11-29 12:01:31+01;1299
2016-11-29 13:39:31+01;1279
2016-11-29 15:09:31+01;1269
2016-11-29 22:01:31+01;1409
2016-11-30 05:27:31+01;1349
2016-11-30 08:10:31+01;1339
2016-11-30 09:09:32+01;1329
2016-11-30 10:49:31+01;1319
2016-11-30 11:09:31+01;1299
2016-11-30 11:29:31+01;1289
2016-11-30 12:01:31+01;1309
2016-11-30 12:23:32+01;1289
2016-11-30 14:59:31+01;1279
2016-11-30 18:09:31+01;1259
2016-11-30 22:01:31+01;1419
2016-12-01 05:28:31+01;1349
2016-12-01 07:10:31+01;1349
2016-12-01 09:20:31+01;1279
2016-12-01 09:59:31+01;1279
2016-12-01 10:20:31+01;1279
2016-12-01 11:40:31+01;1279
2016-12-01 12:01:31+01;1299
2016-12-01 12:25:31+01;1289
2016-12-01 14:09:31+01;1279
2016-12-01 14:48:31+01;1279
2016-12-01 22:01:31+01;1439
2016-12-02 05:38:31+01;1359
2016-12-02 08:10:31+01;1339
2016-12-02 09:29:31+01;1339
2016-12-02 09:39:31+01;1309
2016-12-02 09:49:31+01;1309
2016-12-02 10:19:31+01;1309
2016-12-02 10:29:31+01;1289
2016-12-02 10:39:31+01;1289
2016-12-02 12:01:31+01;1309
2016-12-02 12:22:31+01;1299
2016-12-02 12:28:31+01;1299
2016-12-02 22:01:31+01;1439
2016-12-03 06:23:31+01;1419
2016-12-03 08:37:31+01;1399
2016-12-03 09:20:31+01;1369
2016-12-03 10:00:31+01;1359
2016-12-03 10:39:31+01;1339
2016-12-03 11:39:31+01;1319
2016-12-03 12:01:31+01;1339
2016-12-03 12:23:31+01;1339
2016-12-03 14:30:31+01;1339
2016-12-03 14:49:31+01;1319
2016-12-03 15:19:31+01;1319
2016-12-03 17:39:31+01;1299
2016-12-03 22:01:31+01;1439
2016-12-04 07:32:31+01;1419
2016-12-04 08:36:31+01;1399
2016-12-04 10:09:31+01;1389
2016-12-04 10:39:31+01;1379
2016-12-04 10:59:31+01;1349
2016-12-04 11:19:31+01;1319
2016-12-04 12:01:31+01;1339
2016-12-04 12:39:31+01;1319
2016-12-04 14:21:31+01;1319
2016-12-04 14:59:31+01;1299
2016-12-04 22:01:31+01;1439
2016-12-05 05:27:31+01;1389
2016-12-05 07:20:31+01;1369
2016-12-05 09:20:31+01;1349
2016-12-05 10:29:31+01;1329
2016-12-05 10:49:31+01;1319
2016-12-05 11:19:32+01;1309
2016-12-05 12:01:31+01;1329
2016-12-05 12:23:31+01;1319
2016-12-05 14:48:31+01;1299
2016-12-05 17:09:31+01;1299
2016-12-05 22:01:31+01;1449
2016-12-06 05:27:31+01;1389
2016-12-06 07:20:31+01;1369
2016-12-06 08:20:31+01;1359
2016-12-06 10:10:31+01;1349
2016-12-06 10:49:31+01;1319
2016-12-06 11:09:31+01;1299
2016-12-06 12:01:31+01;1319
2016-12-06 14:09:31+01;1309
2016-12-06 14:39:31+01;1309
2016-12-06 14:59:31+01;1299
2016-12-06 22:01:31+01;1449
2016-12-07 05:26:31+01;1389
2016-12-07 07:10:31+01;1389
2016-12-07 08:11:31+01;1369
2016-12-07 08:49:31+01;1359
2016-12-07 10:39:31+01;1349
2016-12-07 11:09:31+01;1339
2016-12-07 11:29:31+01;1309
2016-12-07 12:01:31+01;1329
2016-12-07 12:21:31+01;1319
2016-12-07 14:08:31+01;1309
2016-12-07 14:48:31+01;1299
2016-12-07 15:39:31+01;1299
2016-12-07 17:19:31+01;1289
2016-12-07 22:01:31+01;1449
2016-12-08 05:28:31+01;1379
2016-12-08 07:10:31+01;1359
2016-12-08 09:39:31+01;1359
2016-12-08 09:49:31+01;1319
2016-12-08 09:58:31+01;1319
2016-12-08 10:39:31+01;1309
2016-12-08 11:09:31+01;1309
2016-12-08 12:01:31+01;1329
2016-12-08 12:02:31+01;1329
2016-12-08 12:21:31+01;1319
2016-12-08 14:08:31+01;1309
2016-12-08 14:39:31+01;1299
2016-12-08 22:01:31+01;1449
2016-12-09 05:32:31+01;1389
2016-12-09 07:21:31+01;1369
2016-12-09 07:50:31+01;1359
2016-12-09 09:39:31+01;1349
2016-12-09 10:49:31+01;1349
2016-12-09 11:09:31+01;1319
2016-12-09 12:01:31+01;1339
2016-12-09 12:23:31+01;1329
2016-12-09 14:09:31+01;1309
2016-12-09 14:39:31+01;1309
2016-12-09 18:49:31+01;1289
2016-12-09 22:01:31+01;1459
2016-12-10 06:23:31+01;1409
2016-12-10 08:23:32+01;1389
2016-12-10 10:00:31+01;1379
2016-12-10 10:20:31+01;1369
2016-12-10 11:09:31+01;1349
2016-12-10 12:01:31+01;1369
2016-12-10 12:02:31+01;1349
2016-12-10 12:30:31+01;1329
2016-12-10 14:38:31+01;1309
2016-12-10 14:59:31+01;1309
2016-12-10 19:59:31+01;1299
2016-12-10 22:01:31+01;1459
2016-12-11 07:22:31+01;1419
2016-12-11 08:29:31+01;1399
2016-12-11 11:00:31+01;1389
2016-12-11 11:20:31+01;1389
2016-12-11 12:01:31+01;1409
2016-12-11 12:03:31+01;1379
2016-12-11 14:22:31+01;1379
2016-12-11 16:00:31+01;1359
2016-12-11 16:49:31+01;1339
2016-12-11 17:19:31+01;1309
2016-12-11 22:01:31+01;1459
2016-12-12 05:27:31+01;1409
2016-12-12 06:10:32+01;1409
2016-12-12 06:40:31+01;1399
2016-12-12 07:10:31+01;1399
2016-12-12 08:59:31+01;1389
2016-12-12 10:09:31+01;1379
2016-12-12 10:29:31+01;1349
2016-12-12 10:39:31+01;1349
2016-12-12 10:50:31+01;1339
2016-12-12 10:59:31+01;1339
2016-12-12 11:09:31+01;1319
2016-12-12 11:19:31+01;1319
2016-12-12 11:30:31+01;1309
2016-12-12 12:01:31+01;1339
2016-12-12 14:23:31+01;1309
2016-12-12 22:01:31+01;1469
2016-12-13 06:32:31+01;1389
2016-12-13 07:00:31+01;1389
2016-12-13 07:11:32+01;1369
2016-12-13 07:20:31+01;1369
2016-12-13 09:10:31+01;1359
2016-12-13 09:39:31+01;1349
2016-12-13 10:20:31+01;1329
2016-12-13 12:01:31+01;1349
2016-12-13 12:02:31+01;1349
2016-12-13 12:28:31+01;1349
2016-12-13 14:23:31+01;1329
2016-12-13 14:59:31+01;1319
2016-12-13 22:01:31+01;1459
2016-12-14 06:33:31+01;1399
2016-12-14 07:30:31+01;1379
2016-12-14 10:40:31+01;1349
2016-12-14 10:59:31+01;1349
2016-12-14 11:10:31+01;1339
2016-12-14 11:19:31+01;1339
2016-12-14 11:30:31+01;1329
2016-12-14 12:01:31+01;1349
2016-12-14 14:22:31+01;1329
2016-12-14 18:09:31+01;1309
2016-12-14 22:01:31+01;1459
2016-12-15 06:35:31+01;1399
2016-12-15 07:01:32+01;1359
2016-12-15 08:59:31+01;1349
2016-12-15 09:20:31+01;1329
2016-12-15 09:40:31+01;1319
2016-12-15 12:01:31+01;1339
2016-12-15 12:21:31+01;1329
2016-12-15 14:21:31+01;1309
2016-12-15 14:38:31+01;1309
2016-12-15 22:01:31+01;1459
2016-12-16 06:42:31+01;1399
2016-12-16 07:40:31+01;1389
2016-12-16 08:01:31+01;1379
2016-12-16 10:20:31+01;1369
2016-12-16 11:26:31+01;1359
2016-12-16 12:01:31+01;1379
2016-12-16 12:24:31+01;1359
2016-12-16 14:10:31+01;1349
2016-12-16 14:28:31+01;1329
2016-12-16 18:12:31+01;1309
2016-12-16 22:01:31+01;1459
2016-12-17 06:34:31+01;1429
2016-12-17 08:26:31+01;1409
2016-12-17 09:10:31+01;1399
2016-12-17 10:10:31+01;1379
2016-12-17 10:30:31+01;1369
2016-12-17 11:40:31+01;1349
2016-12-17 12:01:32+01;1369
2016-12-17 12:23:31+01;1349
2016-12-17 14:38:31+01;1329
2016-12-17 17:10:31+01;1319
2016-12-17 22:01:31+01;1459
2016-12-18 07:22:31+01;1439
2016-12-18 08:23:31+01;1419
2016-12-18 09:41:31+01;1399
2016-12-18 11:30:31+01;1349
2016-12-18 12:01:31+01;1369
2016-12-18 14:19:31+01;1369
2016-12-18 14:38:31+01;1349
2016-12-18 14:59:31+01;1329
2016-12-18 17:10:31+01;1319
2016-12-18 22:01:31+01;1459
2016-12-19 06:30:31+01;1409
2016-12-19 07:41:32+01;1399
2016-12-19 08:01:31+01;1389
2016-12-19 10:30:31+01;1349
2016-12-19 11:29:31+01;1349
2016-12-19 11:40:31+01;1329
2016-12-19 12:01:31+01;1349
2016-12-19 14:27:31+01;1339
2016-12-19 17:59:31+01;1319
2016-12-19 22:01:31+01;1469
2016-12-20 06:40:31+01;1409
2016-12-20 08:00:31+01;1389
2016-12-20 10:30:31+01;1359
2016-12-20 11:00:31+01;1349
2016-12-20 11:20:31+01;1329
2016-12-20 12:01:31+01;1349
2016-12-20 12:30:31+01;1349
2016-12-20 14:25:31+01;1349
2016-12-20 14:59:31+01;1339
2016-12-20 17:10:31+01;1339
2016-12-20 17:30:31+01;1319
2016-12-20 22:01:31+01;1469
2016-12-21 06:37:31+01;1409
2016-12-21 08:21:31+01;1389
2016-12-21 09:40:31+01;1379
2016-12-21 11:10:31+01;1369
2016-12-21 11:30:31+01;1359
2016-12-21 12:01:31+01;1379
2016-12-21 12:22:31+01;1379
2016-12-21 12:30:31+01;1369
2016-12-21 14:25:31+01;1349
2016-12-21 14:59:31+01;1339
2016-12-21 16:10:31+01;1339
2016-12-21 22:01:31+01;1469
2016-12-22 07:22:31+01;1439
2016-12-22 08:22:31+01;1389
2016-12-22 10:00:31+01;1389
2016-12-22 10:10:31+01;1379
2016-12-22 10:20:31+01;1379
2016-12-22 10:30:31+01;1359
2016-12-22 11:30:31+01;1339
2016-12-22 12:01:31+01;1359
2016-12-22 12:29:31+01;1349
2016-12-22 14:24:31+01;1329
2016-12-22 14:58:31+01;1329
2016-12-22 18:19:31+01;1319
2016-12-22 22:01:31+01;1469
2016-12-23 07:21:31+01;1429
2016-12-23 08:22:31+01;1399
2016-12-23 09:30:31+01;1389
2016-12-23 10:59:31+01;1379
2016-12-23 11:30:31+01;1339
2016-12-23 12:01:31+01;1369
2016-12-23 14:23:31+01;1339
2016-12-23 16:40:31+01;1319
2016-12-23 22:01:31+01;1469
2016-12-24 06:34:31+01;1449
2016-12-24 07:31:31+01;1439
2016-12-24 08:24:31+01;1419
2016-12-24 09:21:31+01;1409
2016-12-24 09:40:31+01;1409
2016-12-24 10:10:31+01;1399
2016-12-24 10:30:31+01;1379
2016-12-24 11:31:31+01;1369
2016-12-24 12:01:31+01;1389
2016-12-24 12:30:31+01;1379
2016-12-24 14:21:31+01;1379
2016-12-24 14:39:31+01;1339
2016-12-24 22:01:31+01;1469
2016-12-25 08:25:31+01;1429
2016-12-25 10:00:31+01;1419
2016-12-25 11:10:31+01;1339
2016-12-25 12:01:31+01;1369
2016-12-25 14:24:31+01;1359
2016-12-25 14:50:31+01;1339
2016-12-25 22:01:31+01;1469
2016-12-26 08:28:31+01;1429
2016-12-26 09:41:31+01;1369
2016-12-26 11:30:31+01;1339
2016-12-26 12:01:31+01;1369
2016-12-26 14:23:31+01;1359
2016-12-26 14:39:31+01;1359
2016-12-26 15:00:31+01;1349
2016-12-26 15:10:31+01;1349
2016-12-26 15:20:31+01;1339
2016-12-26 17:30:31+01;1329
2016-12-26 22:01:31+01;1469
2016-12-27 08:23:31+01;1399
2016-12-27 10:10:31+01;1389
2016-12-27 11:00:31+01;1339
2016-12-27 12:01:31+01;1369
2016-12-27 14:23:31+01;1339
2016-12-27 15:00:31+01;1329
2016-12-27 16:40:31+01;1319
2016-12-27 22:01:31+01;1479
2016-12-28 06:32:31+01;1409
2016-12-28 08:01:31+01;1389
2016-12-28 09:10:31+01;1359
2016-12-28 09:30:31+01;1359
2016-12-28 09:50:31+01;1349
2016-12-28 12:01:31+01;1379
2016-12-28 14:23:31+01;1349
2016-12-28 14:59:31+01;1339
2016-12-28 22:01:31+01;1489
2016-12-29 06:32:31+01;1419
2016-12-29 07:10:31+01;1399
2016-12-29 08:39:31+01;1399
2016-12-29 09:20:31+01;1369
2016-12-29 09:40:31+01;1339
2016-12-29 11:30:31+01;1329
2016-12-29 12:01:31+01;1389
2016-12-29 14:24:31+01;1329
2016-12-29 22:01:31+01;1489
2016-12-30 06:32:31+01;1419
2016-12-30 06:51:31+01;1419
2016-12-30 07:12:31+01;1399
2016-12-30 08:29:31+01;1389
2016-12-30 09:40:31+01;1379
2016-12-30 10:10:31+01;1369
2016-12-30 11:00:31+01;1369
2016-12-30 11:38:31+01;1359
2016-12-30 12:01:31+01;1389
2016-12-30 14:29:31+01;1349
2016-12-30 15:00:31+01;1339
2016-12-30 16:02:31+01;1339
2016-12-30 17:40:31+01;1329
2016-12-30 22:01:31+01;1489
2016-12-31 06:33:31+01;1449
2016-12-31 06:54:31+01;1449
2016-12-31 08:26:31+01;1429
2016-12-31 10:01:31+01;1409
2016-12-31 10:31:31+01;1379
2016-12-31 10:50:31+01;1369
2016-12-31 11:31:31+01;1369
2016-12-31 11:41:31+01;1359
2016-12-31 12:01:31+01;1379
2016-12-31 12:03:31+01;1379
2016-12-31 14:24:31+01;1359
2016-12-31 14:51:32+01;1349
2016-12-31 17:31:31+01;1349
2016-12-31 22:01:32+01;1489
2017-01-01 07:23:31+01;1489
2017-01-01 08:30:31+01;1469
2017-01-01 10:22:31+01;1429
2017-01-01 10:52:31+01;1429
2017-01-01 11:31:31+01;1379
2017-01-01 12:02:31+01;1399
2017-01-01 14:32:31+01;1389
2017-01-01 15:00:32+01;1369
2017-01-01 16:10:31+01;1349
2017-01-01 18:11:32+01;1339
2017-01-01 22:01:31+01;1489
2017-01-02 06:30:31+01;1419
2017-01-02 07:31:31+01;1399
2017-01-02 08:40:31+01;1349
2017-01-02 09:10:31+01;1349
2017-01-02 10:00:32+01;1339
2017-01-02 11:10:31+01;1329
2017-01-02 12:01:31+01;1389
2017-01-02 14:24:31+01;1329
2017-01-02 15:00:31+01;1329
2017-01-02 22:01:31+01;1489
2017-01-03 06:37:31+01;1419
2017-01-03 07:32:31+01;1399
2017-01-03 09:20:31+01;1399
2017-01-03 09:32:31+01;1389
2017-01-03 10:01:31+01;1379
2017-01-03 10:51:31+01;1359
2017-01-03 12:01:31+01;1389
2017-01-03 14:24:31+01;1369
2017-01-03 14:51:31+01;1349
2017-01-03 15:40:31+01;1349
2017-01-03 18:00:31+01;1339
2017-01-03 22:01:32+01;1499
2017-01-04 06:34:31+01;1429
2017-01-04 08:22:31+01;1419
2017-01-04 08:30:31+01;1419
2017-01-04 08:39:31+01;1399
2017-01-04 09:50:31+01;1389
2017-01-04 10:10:31+01;1379
2017-01-04 10:30:31+01;1379
2017-01-04 11:01:31+01;1359
2017-01-04 12:01:31+01;1399
2017-01-04 14:23:31+01;1359
2017-01-04 22:01:31+01;1499
2017-01-05 06:32:31+01;1429
2017-01-05 06:44:31+01;1429
2017-01-05 08:22:31+01;1419
2017-01-05 10:11:31+01;1419
2017-01-05 10:30:31+01;1379
2017-01-05 11:20:31+01;1359
2017-01-05 12:01:31+01;1399
2017-01-05 14:25:31+01;1349
2017-01-05 15:41:31+01;1339
2017-01-05 19:15:31+01;1339
2017-01-05 22:02:31+01;1499
2017-01-06 06:39:31+01;1429
2017-01-06 09:16:31+01;1429
2017-01-06 09:26:31+01;1419
2017-01-06 09:45:31+01;1409
2017-01-06 10:16:31+01;1379
2017-01-06 10:35:31+01;1369
2017-01-06 11:25:31+01;1359
2017-01-06 12:01:31+01;1399
2017-01-06 14:27:31+01;1359
2017-01-06 14:45:31+01;1349
2017-01-06 16:26:31+01;1349
2017-01-06 18:55:31+01;1329
2017-01-06 22:01:31+01;1499
2017-01-07 06:35:31+01;1449
2017-01-07 08:30:31+01;1429
2017-01-07 09:16:31+01;1429
2017-01-07 09:57:31+01;1419
2017-01-07 10:16:31+01;1409
2017-01-07 11:27:31+01;1389
2017-01-07 12:01:31+01;1409
2017-01-07 12:02:31+01;1409
2017-01-07 14:27:31+01;1389
2017-01-07 14:45:31+01;1369
2017-01-07 16:46:31+01;1359
2017-01-07 17:16:32+01;1349
2017-01-07 22:01:31+01;1499
2017-01-08 07:18:31+01;1459
2017-01-08 07:46:31+01;1459
2017-01-08 08:29:31+01;1439
2017-01-08 09:47:31+01;1429
2017-01-08 10:17:31+01;1429
2017-01-08 11:06:31+01;1379
2017-01-08 11:26:31+01;1369
2017-01-08 12:01:31+01;1399
2017-01-08 14:27:31+01;1359
2017-01-08 14:56:31+01;1359
2017-01-08 17:16:31+01;1349
2017-01-08 22:01:31+01;1499
2017-01-09 06:37:31+01;1419
2017-01-09 07:46:31+01;1419
2017-01-09 07:57:31+01;1409
2017-01-09 08:07:31+01;1409
2017-01-09 09:26:31+01;1369
2017-01-09 11:09:31+01;1359
2017-01-09 12:01:31+01;1399
2017-01-09 14:20:32+01;1369
2017-01-09 14:38:31+01;1349
2017-01-09 22:01:31+01;1499
2017-01-10 06:37:31+01;1429
2017-01-10 07:40:31+01;1419
2017-01-10 08:59:31+01;1389
2017-01-10 09:29:31+01;1359
2017-01-10 09:49:31+01;1359
2017-01-10 12:01:31+01;1399
2017-01-10 14:20:31+01;1369
2017-01-10 14:38:31+01;1349
2017-01-10 17:29:31+01;1349
2017-01-10 18:48:31+01;1329
2017-01-10 22:01:31+01;1489
2017-01-11 06:42:31+01;1419
2017-01-11 07:30:31+01;1419
2017-01-11 09:09:31+01;1379
2017-01-11 09:59:31+01;1359
2017-01-11 11:09:31+01;1349
2017-01-11 12:01:31+01;1379
2017-01-11 14:20:32+01;1359
2017-01-11 14:37:31+01;1349
2017-01-11 22:01:31+01;1479
2017-01-12 06:34:31+01;1419
2017-01-12 07:40:31+01;1409
2017-01-12 09:49:31+01;1399
2017-01-12 10:09:31+01;1379
2017-01-12 10:39:31+01;1359
2017-01-12 10:48:31+01;1359
2017-01-12 11:29:31+01;1359
2017-01-12 12:01:31+01;1379
2017-01-12 12:02:31+01;1369
2017-01-12 14:22:31+01;1359
2017-01-12 14:38:31+01;1349
2017-01-12 14:58:31+01;1339
2017-01-12 15:49:31+01;1329
2017-01-12 22:01:31+01;1479
2017-01-13 06:39:31+01;1409
2017-01-13 08:10:31+01;1409
2017-01-13 08:38:31+01;1379
2017-01-13 11:09:31+01;1369
2017-01-13 12:01:31+01;1389
2017-01-13 12:02:31+01;1389
2017-01-13 12:32:31+01;1379
2017-01-13 14:21:31+01;1369
2017-01-13 14:50:31+01;1329
2017-01-13 15:09:31+01;1329
2017-01-13 22:01:31+01;1479
2017-01-14 06:35:31+01;1449
2017-01-14 08:00:31+01;1449
2017-01-14 08:33:31+01;1429
2017-01-14 09:29:31+01;1399
2017-01-14 10:00:31+01;1389
2017-01-14 10:10:31+01;1389
2017-01-14 10:20:31+01;1379
2017-01-14 10:30:31+01;1379
2017-01-14 10:39:31+01;1369
2017-01-14 10:59:31+01;1349
2017-01-14 12:01:31+01;1379
2017-01-14 14:30:31+01;1369
2017-01-14 14:49:31+01;1349
2017-01-14 17:09:31+01;1349
2017-01-14 22:02:31+01;1479
2017-01-15 07:22:31+01;1449
2017-01-15 08:31:31+01;1429
2017-01-15 09:30:31+01;1419
2017-01-15 10:01:31+01;1419
2017-01-15 11:10:31+01;1399
2017-01-15 11:20:31+01;1399
2017-01-15 11:30:31+01;1369
2017-01-15 12:01:31+01;1389
2017-01-15 14:30:31+01;1369
2017-01-15 17:09:31+01;1349
2017-01-15 22:01:31+01;1479
2017-01-16 06:36:31+01;1419
2017-01-16 07:40:31+01;1409
2017-01-16 08:20:31+01;1409
2017-01-16 09:29:31+01;1379
2017-01-16 10:09:31+01;1369
2017-01-16 10:29:31+01;1349
2017-01-16 11:09:31+01;1349
2017-01-16 12:01:31+01;1379
2017-01-16 14:20:31+01;1369
2017-01-16 14:38:31+01;1349
2017-01-16 17:39:31+01;1329
2017-01-16 22:01:31+01;1479
2017-01-17 05:35:31+01;1419
2017-01-17 08:10:31+01;1409
2017-01-17 08:21:31+01;1409
2017-01-17 08:38:31+01;1389
2017-01-17 08:48:31+01;1389
2017-01-17 10:09:31+01;1379
2017-01-17 10:39:31+01;1369
2017-01-17 11:09:31+01;1359
2017-01-17 12:01:31+01;1379
2017-01-17 14:21:31+01;1369
2017-01-17 14:49:31+01;1339
2017-01-17 15:08:31+01;1339
2017-01-17 22:01:31+01;1489
2017-01-18 05:35:31+01;1419
2017-01-18 08:10:31+01;1409
2017-01-18 08:38:31+01;1389
2017-01-18 10:18:31+01;1379
2017-01-18 11:19:31+01;1379
2017-01-18 12:02:31+01;1399
2017-01-18 12:34:31+01;1389
2017-01-18 14:20:31+01;1369
2017-01-18 14:37:31+01;1349
2017-01-18 22:01:31+01;1489
2017-01-19 05:33:31+01;1439
2017-01-19 06:39:31+01;1429
2017-01-19 07:40:31+01;1429
2017-01-19 08:38:31+01;1389
2017-01-19 10:09:31+01;1379
2017-01-19 10:59:31+01;1379
2017-01-19 11:28:31+01;1359
2017-01-19 12:01:31+01;1389
2017-01-19 14:21:31+01;1369
2017-01-19 14:37:31+01;1349
2017-01-19 18:28:31+01;1329
2017-01-19 22:01:31+01;1489
2017-01-20 05:34:31+01;1429
2017-01-20 08:00:31+01;1419
2017-01-20 09:49:31+01;1399
2017-01-20 11:29:31+01;1349
2017-01-20 12:01:31+01;1379
2017-01-20 14:20:31+01;1369
2017-01-20 14:29:31+01;1369
2017-01-20 14:38:31+01;1339
2017-01-20 15:29:31+01;1319
2017-01-20 22:01:31+01;1489
2017-01-21 06:25:31+01;1449
2017-01-21 08:33:31+01;1429
2017-01-21 09:30:31+01;1419
2017-01-21 09:50:31+01;1389
2017-01-21 10:50:31+01;1369
2017-01-21 12:02:31+01;1389
2017-01-21 14:21:31+01;1389
2017-01-21 14:31:31+01;1359
2017-01-21 14:49:31+01;1359
2017-01-21 17:19:31+01;1349
2017-01-21 18:09:31+01;1339
2017-01-21 22:01:31+01;1489
2017-01-22 07:22:31+01;1449
2017-01-22 08:31:31+01;1429
2017-01-22 09:59:31+01;1419
2017-01-22 11:19:31+01;1409
2017-01-22 11:39:31+01;1389
2017-01-22 12:02:31+01;1409
2017-01-22 12:32:31+01;1389
2017-01-22 14:20:31+01;1379
2017-01-22 14:38:31+01;1339
2017-01-22 22:01:31+01;1489
2017-01-23 05:33:31+01;1419
2017-01-23 09:30:31+01;1409
2017-01-23 10:29:31+01;1389
2017-01-23 10:38:31+01;1389
2017-01-23 10:49:31+01;1379
2017-01-23 11:08:31+01;1379
2017-01-23 11:29:31+01;1359
2017-01-23 12:02:31+01;1379
2017-01-23 14:20:31+01;1369
2017-01-23 14:38:31+01;1359
2017-01-23 14:59:31+01;1349
2017-01-23 18:08:31+01;1329
2017-01-23 21:59:31+01;1479
2017-01-24 05:30:31+01;1419
2017-01-24 08:57:31+01;1389
2017-01-24 09:17:31+01;1389
2017-01-24 10:18:31+01;1379
2017-01-24 10:47:31+01;1369
2017-01-24 11:07:31+01;1359
2017-01-24 12:00:31+01;1379
2017-01-24 14:29:31+01;1359
2017-01-24 15:28:31+01;1359
2017-01-24 17:17:31+01;1339
2017-01-24 18:26:31+01;1339
2017-01-24 22:00:31+01;1479
2017-01-25 05:24:31+01;1419
2017-01-25 08:39:31+01;1419
2017-01-25 08:59:31+01;1389
2017-01-25 09:39:31+01;1389
2017-01-25 09:59:32+01;1359
2017-01-25 10:29:31+01;1359
2017-01-25 12:01:31+01;1379
2017-01-25 14:23:31+01;1369
2017-01-25 16:09:31+01;1329
2017-01-25 22:01:31+01;1479
2017-01-26 05:23:31+01;1429
2017-01-26 05:49:31+01;1329
2017-01-26 12:01:31+01;1379
2017-01-26 14:24:31+01;1329
2017-01-26 22:01:31+01;1479
2017-01-27 05:36:31+01;1419
2017-01-27 08:20:31+01;1419
2017-01-27 08:59:31+01;1389
2017-01-27 09:41:31+01;1379
2017-01-27 10:10:31+01;1359
2017-01-27 11:09:31+01;1349
2017-01-27 12:01:31+01;1379
2017-01-27 14:22:31+01;1349
2017-01-27 18:38:31+01;1329
2017-01-27 18:58:31+01;1329
2017-01-27 22:01:31+01;1489
2017-01-28 06:23:31+01;1449
2017-01-28 08:24:31+01;1429
2017-01-28 09:10:31+01;1409
2017-01-28 09:40:31+01;1399
2017-01-28 10:21:31+01;1389
2017-01-28 11:10:31+01;1359
2017-01-28 12:01:31+01;1389
2017-01-28 14:25:31+01;1359
2017-01-28 14:59:31+01;1339
2017-01-28 16:09:31+01;1339
2017-01-28 22:01:31+01;1489
2017-01-29 07:23:31+01;1449
2017-01-29 08:25:31+01;1429
2017-01-29 09:39:31+01;1419
2017-01-29 11:00:31+01;1389
2017-01-29 11:30:31+01;1359
2017-01-29 12:01:31+01;1389
2017-01-29 14:23:31+01;1359
2017-01-29 14:59:31+01;1349
2017-01-29 16:09:31+01;1339
2017-01-29 22:02:31+01;1489
2017-01-30 05:24:31+01;1419
2017-01-30 08:39:31+01;1409
2017-01-30 09:30:31+01;1409
2017-01-30 10:59:31+01;1399
2017-01-30 11:29:31+01;1369
2017-01-30 12:01:31+01;1389
2017-01-30 12:02:31+01;1389
2017-01-30 14:22:31+01;1359
2017-01-30 17:09:31+01;1339
2017-01-30 22:00:31+01;1489
2017-01-31 05:24:31+01;1419
2017-01-31 08:38:31+01;1389
2017-01-31 09:38:31+01;1359
2017-01-31 12:00:31+01;1389
2017-01-31 14:24:31+01;1349
2017-01-31 15:39:31+01;1349
2017-01-31 22:01:31+01;1489
2017-02-01 05:24:31+01;1419
2017-02-01 08:21:31+01;1389
2017-02-01 08:39:31+01;1379
2017-02-01 09:39:31+01;1359
2017-02-01 10:20:31+01;1339
2017-02-01 12:01:31+01;1389
2017-02-01 14:22:31+01;1369
2017-02-01 14:59:31+01;1349
2017-02-01 18:10:31+01;1349
2017-02-01 19:09:31+01;1329
2017-02-01 22:01:31+01;1499
2017-02-02 05:30:31+01;1419
2017-02-02 08:39:31+01;1419
2017-02-02 08:59:31+01;1389
2017-02-02 09:59:32+01;1379
2017-02-02 10:09:31+01;1379
2017-02-02 10:20:31+01;1349
2017-02-02 12:01:31+01;1389
2017-02-02 14:23:31+01;1349
2017-02-02 22:01:31+01;1499
2017-02-03 05:29:31+01;1419
2017-02-03 09:00:31+01;1389
2017-02-03 09:40:31+01;1359
2017-02-03 11:09:31+01;1349
2017-02-03 12:01:31+01;1389
2017-02-03 14:24:31+01;1349
2017-02-03 22:01:31+01;1499
2017-02-04 06:27:31+01;1459
2017-02-04 06:31:31+01;1449
2017-02-04 08:11:31+01;1449
2017-02-04 08:24:31+01;1439
2017-02-04 08:31:31+01;1439
2017-02-04 10:00:31+01;1419
2017-02-04 10:10:31+01;1419
2017-02-04 10:30:31+01;1389
2017-02-04 11:10:31+01;1369
2017-02-04 12:01:31+01;1389
2017-02-04 14:25:31+01;1389
2017-02-04 15:49:31+01;1379
2017-02-04 16:09:31+01;1369
2017-02-04 17:08:31+01;1369
2017-02-04 17:59:31+01;1359
2017-02-04 22:00:31+01;1499
2017-02-05 07:22:31+01;1459
2017-02-05 08:23:31+01;1449
2017-02-05 09:59:31+01;1389
2017-02-05 11:08:31+01;1359
2017-02-05 12:00:31+01;1389
2017-02-05 14:23:31+01;1379
2017-02-05 14:59:31+01;1359
2017-02-05 22:01:31+01;1499
2017-02-06 05:27:31+01;1429
2017-02-06 07:00:31+01;1369
2017-02-06 08:11:31+01;1359
2017-02-06 08:39:31+01;1349
2017-02-06 09:29:31+01;1339
2017-02-06 12:01:31+01;1389
2017-02-06 14:19:31+01;1379
2017-02-06 14:37:31+01;1339
2017-02-06 22:02:31+01;1499
2017-02-07 05:32:31+01;1419
2017-02-07 08:57:31+01;1409
2017-02-07 09:17:31+01;1399
2017-02-07 10:07:31+01;1389
2017-02-07 10:37:31+01;1369
2017-02-07 10:56:31+01;1369
2017-02-07 12:00:31+01;1399
2017-02-07 14:18:31+01;1369
2017-02-07 17:07:31+01;1349
2017-02-07 22:00:31+01;1499
2017-02-08 05:31:31+01;1429
2017-02-08 07:49:31+01;1429
2017-02-08 08:30:31+01;1419
2017-02-08 08:58:32+01;1399
2017-02-08 09:37:31+01;1369
2017-02-08 10:38:31+01;1369
2017-02-08 10:58:31+01;1349
2017-02-08 12:01:31+01;1399
2017-02-08 14:19:31+01;1369
2017-02-08 14:37:31+01;1359
2017-02-08 16:28:31+01;1339
2017-02-08 18:27:31+01;1339
2017-02-08 22:01:31+01;1499
2017-02-09 05:33:31+01;1429
2017-02-09 07:39:31+01;1419
2017-02-09 08:31:31+01;1409
2017-02-09 09:08:31+01;1399
2017-02-09 10:19:31+01;1389
2017-02-09 11:36:31+01;1379
2017-02-09 12:00:31+01;1399
2017-02-09 12:31:31+01;1389
2017-02-09 14:18:31+01;1369
2017-02-09 14:36:31+01;1359
2017-02-09 18:17:31+01;1339
2017-02-09 22:00:31+01;1509
2017-02-10 05:32:31+01;1429
2017-02-10 07:28:32+01;1429
2017-02-10 08:19:31+01;1399
2017-02-10 09:47:31+01;1369
2017-02-10 10:07:31+01;1359
2017-02-10 12:00:31+01;1399
2017-02-10 14:18:31+01;1379
2017-02-10 14:36:31+01;1359
2017-02-10 17:36:31+01;1349
2017-02-10 22:01:31+01;1509
2017-02-11 06:22:31+01;1369
2017-02-11 08:32:31+01;1349
2017-02-11 12:01:31+01;1399
2017-02-11 14:20:31+01;1399
2017-02-11 14:29:31+01;1349
2017-02-11 14:36:31+01;1349
2017-02-11 18:08:31+01;1349
2017-02-11 22:01:31+01;1509
2017-02-12 07:22:31+01;1459
2017-02-12 08:32:31+01;1439
2017-02-12 09:29:31+01;1439
2017-02-12 09:59:31+01;1429
2017-02-12 10:29:31+01;1399
2017-02-12 11:09:31+01;1389
2017-02-12 11:39:31+01;1379
2017-02-12 12:01:31+01;1399
2017-02-12 14:18:31+01;1389
2017-02-12 14:37:31+01;1359
2017-02-12 14:58:31+01;1349
2017-02-12 22:01:31+01;1509
2017-02-13 05:32:31+01;1439
2017-02-13 06:00:31+01;1429
2017-02-13 08:58:31+01;1399
2017-02-13 09:38:31+01;1399
2017-02-13 09:58:31+01;1399
2017-02-13 10:28:31+01;1379
2017-02-13 11:29:31+01;1359
2017-02-13 12:01:31+01;1399
2017-02-13 14:18:31+01;1389
2017-02-13 14:28:31+01;1389
2017-02-13 14:37:31+01;1369
2017-02-13 14:48:32+01;1369
2017-02-13 16:58:31+01;1369
2017-02-13 17:18:31+01;1349
2017-02-13 22:01:31+01;1509
2017-02-14 05:31:31+01;1439
2017-02-14 06:48:31+01;1429
2017-02-14 08:08:31+01;1429
2017-02-14 08:37:31+01;1399
2017-02-14 09:37:31+01;1389
2017-02-14 11:07:31+01;1369
2017-02-14 12:00:31+01;1399
2017-02-14 15:03:31+01;1369
2017-02-14 16:57:31+01;1349
2017-02-14 22:00:31+01;1509
2017-02-15 05:30:31+01;1439
2017-02-15 07:29:31+01;1379
2017-02-15 09:07:31+01;1369
2017-02-15 12:00:31+01;1399
2017-02-15 14:19:31+01;1389
2017-02-15 14:36:31+01;1369
2017-02-15 18:17:31+01;1349
2017-02-15 22:00:31+01;1509
2017-02-16 05:33:31+01;1439
2017-02-16 07:30:31+01;1379
2017-02-16 08:58:31+01;1369
2017-02-16 12:01:31+01;1399
2017-02-16 14:22:31+01;1399
2017-02-16 14:29:31+01;1369
2017-02-16 14:48:31+01;1369
2017-02-16 18:18:31+01;1349
2017-02-16 22:01:31+01;1509
2017-02-17 05:33:31+01;1439
2017-02-17 07:30:31+01;1439
2017-02-17 08:20:31+01;1429
2017-02-17 09:29:31+01;1429
2017-02-17 09:38:31+01;1419
2017-02-17 09:58:31+01;1409
2017-02-17 10:19:31+01;1409
2017-02-17 10:29:31+01;1399
2017-02-17 10:39:31+01;1399
2017-02-17 11:29:31+01;1389
2017-02-17 12:01:31+01;1409
2017-02-17 12:32:31+01;1399
2017-02-17 14:18:31+01;1399
2017-02-17 14:30:31+01;1379
2017-02-17 14:37:31+01;1379
2017-02-17 14:58:31+01;1369
2017-02-17 18:08:31+01;1349
2017-02-17 22:01:31+01;1499
2017-02-18 06:26:31+01;1469
2017-02-18 08:32:31+01;1449
2017-02-18 09:00:31+01;1449
2017-02-18 09:09:31+01;1439
2017-02-18 09:29:31+01;1429
2017-02-18 09:59:31+01;1419
2017-02-18 10:19:31+01;1409
2017-02-18 10:38:31+01;1399
2017-02-18 10:58:31+01;1379
2017-02-18 11:19:31+01;1359
2017-02-18 12:01:31+01;1389
2017-02-18 14:29:31+01;1359
2017-02-18 22:01:31+01;1499
2017-02-19 07:21:31+01;1469
2017-02-19 08:31:31+01;1449
2017-02-19 09:29:31+01;1449
2017-02-19 09:48:31+01;1439
2017-02-19 09:57:31+01;1439
2017-02-19 10:58:31+01;1429
2017-02-19 11:28:31+01;1399
2017-02-19 12:00:31+01;1419
2017-02-19 12:31:31+01;1399
2017-02-19 14:29:31+01;1379
2017-02-19 15:48:31+01;1379
2017-02-19 18:07:31+01;1359
2017-02-19 22:00:31+01;1499
2017-02-20 05:33:31+01;1439
2017-02-20 08:18:31+01;1439
2017-02-20 09:08:31+01;1429
2017-02-20 10:28:31+01;1399
2017-02-20 11:08:31+01;1369
2017-02-20 12:00:31+01;1389
2017-02-20 14:25:31+01;1369
2017-02-20 18:27:31+01;1369
2017-02-20 18:37:31+01;1349
2017-02-20 22:00:31+01;1499
2017-02-21 05:25:31+01;1439
2017-02-21 08:00:31+01;1429
2017-02-21 09:39:31+01;1429
2017-02-21 10:00:31+01;1419
2017-02-21 10:59:31+01;1419
2017-02-21 11:09:31+01;1369
2017-02-21 11:19:31+01;1369
2017-02-21 12:01:31+01;1399
2017-02-21 14:26:31+01;1369
2017-02-21 16:10:31+01;1349
2017-02-21 16:59:31+01;1349
2017-02-21 22:01:31+01;1499
2017-02-22 05:27:31+01;1439
2017-02-22 05:51:31+01;1429
2017-02-22 07:30:31+01;1419
2017-02-22 08:39:31+01;1409
2017-02-22 09:00:32+01;1409
2017-02-22 10:19:31+01;1399
2017-02-22 10:39:31+01;1389
2017-02-22 11:19:31+01;1369
2017-02-22 12:01:31+01;1399
2017-02-22 14:24:31+01;1359
2017-02-22 19:08:31+01;1359
2017-02-22 22:01:31+01;1499
2017-02-23 05:27:31+01;1439
2017-02-23 07:30:31+01;1439
2017-02-23 09:09:31+01;1389
2017-02-23 11:20:31+01;1369
2017-02-23 11:39:31+01;1369
2017-02-23 12:01:31+01;1399
2017-02-23 14:23:31+01;1379
2017-02-23 15:09:31+01;1369
2017-02-23 17:09:31+01;1349
2017-02-23 22:00:31+01;1499
2017-02-24 05:29:31+01;1439
2017-02-24 07:10:31+01;1439
2017-02-24 09:19:31+01;1419
2017-02-24 10:09:31+01;1389
2017-02-24 10:29:31+01;1379
2017-02-24 10:59:31+01;1359
2017-02-24 12:00:31+01;1399
2017-02-24 14:26:31+01;1369
2017-02-24 17:39:31+01;1349
2017-02-24 22:00:31+01;1499
2017-02-25 06:28:31+01;1469
2017-02-25 08:01:31+01;1459
2017-02-25 08:10:31+01;1459
2017-02-25 08:30:31+01;1439
2017-02-25 09:21:31+01;1409
2017-02-25 10:10:31+01;1389
2017-02-25 11:09:31+01;1369
2017-02-25 12:00:32+01;1399
2017-02-25 14:25:31+01;1359
2017-02-25 22:00:31+01;1499
2017-02-26 07:24:31+01;1469
2017-02-26 08:26:31+01;1449
2017-02-26 09:10:31+01;1449
2017-02-26 09:40:31+01;1439
2017-02-26 11:00:31+01;1429
2017-02-26 12:06:31+01;1409
2017-02-26 12:26:31+01;1409
2017-02-26 14:38:31+01;1399
2017-02-26 15:20:31+01;1389
2017-02-26 15:49:31+01;1379
2017-02-26 16:30:31+01;1369
2017-02-26 17:00:31+01;1369
2017-02-26 17:20:31+01;1369
2017-02-26 18:00:31+01;1359
2017-02-26 18:29:31+01;1349
2017-02-26 19:09:31+01;1349
2017-02-26 22:01:31+01;1499
2017-02-27 05:31:32+01;1429
2017-02-27 07:50:31+01;1429
2017-02-27 08:01:31+01;1359
2017-02-27 08:21:31+01;1359
2017-02-27 11:20:31+01;1349
2017-02-27 12:01:31+01;1399
2017-02-27 14:17:31+01;1349
2017-02-27 22:00:31+01;1499
2017-02-28 05:38:31+01;1429
2017-02-28 07:17:31+01;1429
2017-02-28 08:07:31+01;1419
2017-02-28 08:17:31+01;1419
2017-02-28 09:17:31+01;1409
2017-02-28 09:46:31+01;1399
2017-02-28 10:26:31+01;1389
2017-02-28 11:16:31+01;1369
2017-02-28 11:36:31+01;1369
2017-02-28 12:00:32+01;1399
2017-02-28 14:19:31+01;1369
2017-02-28 17:56:31+01;1349
2017-02-28 22:00:31+01;1499
2017-03-01 05:31:31+01;1439
2017-03-01 05:58:31+01;1429
2017-03-01 07:17:31+01;1429
2017-03-01 08:17:32+01;1389
2017-03-01 09:40:31+01;1359
2017-03-01 12:00:31+01;1399
2017-03-01 14:24:31+01;1359
2017-03-01 17:30:31+01;1339
2017-03-01 22:01:31+01;1499
2017-03-02 05:29:31+01;1439
2017-03-02 05:52:31+01;1429
2017-03-02 07:10:31+01;1429
2017-03-02 08:11:31+01;1419
2017-03-02 08:37:31+01;1409
2017-03-02 09:30:32+01;1399
2017-03-02 11:30:31+01;1379
2017-03-02 12:01:31+01;1419
2017-03-02 12:02:31+01;1409
2017-03-02 14:10:31+01;1399
2017-03-02 14:25:31+01;1399
2017-03-02 14:31:31+01;1359
2017-03-02 16:10:31+01;1339
2017-03-02 17:00:31+01;1339
2017-03-02 22:01:31+01;1499
2017-03-03 05:29:31+01;1429
2017-03-03 07:11:31+01;1419
2017-03-03 08:38:31+01;1409
2017-03-03 09:30:31+01;1389
2017-03-03 09:50:31+01;1389
2017-03-03 10:20:31+01;1389
2017-03-03 11:40:31+01;1359
2017-03-03 12:01:31+01;1399
2017-03-03 14:26:31+01;1359
2017-03-03 15:08:31+01;1339
2017-03-03 16:19:31+01;1339
2017-03-03 22:01:31+01;1499
2017-03-04 06:25:31+01;1459
2017-03-04 08:01:32+01;1449
2017-03-04 08:10:31+01;1449
2017-03-04 08:30:31+01;1429
2017-03-04 08:50:31+01;1429
2017-03-04 09:30:31+01;1409
2017-03-04 10:30:31+01;1389
2017-03-04 11:30:31+01;1369
2017-03-04 12:00:31+01;1409
2017-03-04 12:23:32+01;1399
2017-03-04 12:30:31+01;1389
2017-03-04 14:25:31+01;1359
2017-03-04 16:09:31+01;1349
2017-03-04 18:28:31+01;1339
2017-03-04 22:00:31+01;1499
2017-03-05 07:23:31+01;1449
2017-03-05 08:28:32+01;1429
2017-03-05 11:10:31+01;1389
2017-03-05 12:00:31+01;1429
2017-03-05 12:01:31+01;1419
2017-03-05 14:00:31+01;1399
2017-03-05 14:22:31+01;1359
2017-03-05 14:31:31+01;1359
2017-03-05 14:59:31+01;1349
2017-03-05 16:39:31+01;1349
2017-03-05 18:09:31+01;1339
2017-03-05 18:28:32+01;1329
2017-03-05 22:00:31+01;1499
2017-03-06 05:31:31+01;1429
2017-03-06 07:10:31+01;1419
2017-03-06 08:49:31+01;1409
2017-03-06 09:20:31+01;1369
2017-03-06 10:00:31+01;1359
2017-03-06 10:29:31+01;1359
2017-03-06 11:09:31+01;1339
2017-03-06 12:00:31+01;1379
2017-03-06 14:27:31+01;1359
2017-03-06 14:49:32+01;1309
2017-03-06 22:01:31+01;1489
2017-03-07 05:34:31+01;1419
2017-03-07 07:11:31+01;1399
2017-03-07 08:11:31+01;1319
2017-03-07 12:01:31+01;1369
2017-03-07 14:26:31+01;1339
2017-03-07 15:20:31+01;1319
2017-03-07 22:01:31+01;1499
2017-03-08 05:33:31+01;1409
2017-03-08 08:11:31+01;1409
2017-03-08 08:30:31+01;1389
2017-03-08 09:31:31+01;1379
2017-03-08 10:11:31+01;1369
2017-03-08 10:31:31+01;1339
2017-03-08 11:10:31+01;1329
2017-03-08 11:29:31+01;1319
2017-03-08 12:00:31+01;1379
2017-03-08 14:24:31+01;1339
2017-03-08 14:49:31+01;1319
2017-03-08 22:00:31+01;1499
2017-03-09 05:27:31+01;1409
2017-03-09 07:40:31+01;1389
2017-03-09 08:21:31+01;1369
2017-03-09 09:30:31+01;1349
2017-03-09 12:00:31+01;1389
2017-03-09 12:02:31+01;1389
2017-03-09 12:24:31+01;1379
2017-03-09 14:23:31+01;1339
2017-03-09 16:49:31+01;1339
2017-03-09 22:00:31+01;1479
2017-03-10 05:30:31+01;1419
2017-03-10 05:49:31+01;1409
2017-03-10 06:39:31+01;1349
2017-03-10 09:29:31+01;1349
2017-03-10 11:29:31+01;1339
2017-03-10 12:00:31+01;1379
2017-03-10 12:01:31+01;1369
2017-03-10 14:23:31+01;1329
2017-03-10 17:39:31+01;1309
2017-03-10 22:00:31+01;1469
2017-03-11 06:24:31+01;1439
2017-03-11 08:11:31+01;1439
2017-03-11 08:24:31+01;1419
2017-03-11 08:30:31+01;1399
2017-03-11 08:37:31+01;1399
2017-03-11 09:09:31+01;1379
2017-03-11 10:09:31+01;1339
2017-03-11 11:40:31+01;1329
2017-03-11 12:00:31+01;1369
2017-03-11 14:24:31+01;1329
2017-03-11 17:09:31+01;1329
2017-03-11 17:50:31+01;1319
2017-03-11 22:00:31+01;1469
2017-03-12 07:24:31+01;1439
2017-03-12 08:25:31+01;1419
2017-03-12 09:31:31+01;1339
2017-03-12 12:01:31+01;1379
2017-03-12 14:11:31+01;1379
2017-03-12 14:26:31+01;1339
2017-03-12 14:32:31+01;1339
2017-03-12 16:40:31+01;1329
2017-03-12 17:20:31+01;1329
2017-03-12 22:01:31+01;1469
2017-03-13 05:25:31+01;1409
2017-03-13 08:10:31+01;1399
2017-03-13 08:59:31+01;1399
2017-03-13 09:30:31+01;1349
2017-03-13 11:09:31+01;1339
2017-03-13 12:00:31+01;1379
2017-03-13 12:30:31+01;1369
2017-03-13 14:23:31+01;1329
2017-03-13 17:30:31+01;1329
2017-03-13 18:19:32+01;1309
2017-03-13 22:00:31+01;1459
2017-03-14 05:29:31+01;1399
2017-03-14 07:11:31+01;1389
2017-03-14 10:09:31+01;1379
2017-03-14 10:30:31+01;1369
2017-03-14 10:59:31+01;1369
2017-03-14 11:29:31+01;1339
2017-03-14 12:00:31+01;1379
2017-03-14 14:34:31+01;1329
2017-03-14 15:20:31+01;1329
2017-03-14 16:00:31+01;1309
2017-03-14 18:59:31+01;1289
2017-03-14 22:00:32+01;1459
2017-03-15 05:27:31+01;1389
2017-03-15 09:12:31+01;1369
2017-03-15 10:01:31+01;1369
2017-03-15 10:12:31+01;1359
2017-03-15 10:22:31+01;1359
2017-03-15 10:33:31+01;1339
2017-03-15 11:31:31+01;1329
2017-03-15 12:01:31+01;1369
2017-03-15 12:32:31+01;1349
2017-03-15 14:25:31+01;1319
2017-03-15 14:52:31+01;1309
2017-03-15 17:41:31+01;1289
2017-03-15 18:21:31+01;1289
2017-03-15 22:01:31+01;1459
2017-03-16 05:30:31+01;1389
2017-03-16 05:53:31+01;1379
2017-03-16 08:41:31+01;1369
2017-03-16 09:42:31+01;1359
2017-03-16 10:12:31+01;1319
2017-03-16 11:12:31+01;1309
2017-03-16 11:32:31+01;1299
2017-03-16 12:01:31+01;1339
2017-03-16 14:24:31+01;1329
2017-03-16 14:31:31+01;1309
2017-03-16 18:16:31+01;1289
2017-03-16 22:01:31+01;1459
2017-03-17 05:32:31+01;1379
2017-03-17 06:58:31+01;1319
2017-03-17 09:26:31+01;1309
2017-03-17 12:01:31+01;1349
2017-03-17 14:18:31+01;1309
2017-03-17 15:26:31+01;1289
2017-03-17 17:56:31+01;1289
2017-03-17 22:01:31+01;1459
2017-03-18 06:21:31+01;1409
2017-03-18 07:48:31+01;1339
2017-03-18 08:31:31+01;1319
2017-03-18 11:16:31+01;1309
2017-03-18 12:01:31+01;1349
2017-03-18 14:17:31+01;1309
2017-03-18 17:46:31+01;1299
2017-03-18 22:01:31+01;1459
2017-03-19 07:19:31+01;1409
2017-03-19 08:31:31+01;1389
2017-03-19 10:07:31+01;1369
2017-03-19 11:17:31+01;1369
2017-03-19 11:28:31+01;1359
2017-03-19 12:01:31+01;1399
2017-03-19 12:31:31+01;1389
2017-03-19 12:58:31+01;1369
2017-03-19 13:58:31+01;1369
2017-03-19 14:17:31+01;1369
2017-03-19 14:28:31+01;1329
2017-03-19 14:57:31+01;1329
2017-03-19 18:25:31+01;1309
2017-03-19 22:01:31+01;1459
2017-03-20 05:32:31+01;1389
2017-03-20 07:48:31+01;1309
2017-03-20 08:19:31+01;1299
2017-03-20 10:17:32+01;1299
2017-03-20 12:01:31+01;1339
2017-03-20 14:27:31+01;1319
2017-03-20 15:22:31+01;1289
2017-03-20 22:01:31+01;1459
2017-03-21 05:27:31+01;1379
2017-03-21 08:24:31+01;1349
2017-03-21 09:32:31+01;1329
2017-03-21 10:12:32+01;1299
2017-03-21 12:01:31+01;1339
2017-03-21 14:28:31+01;1289
2017-03-21 22:01:31+01;1459
2017-03-22 05:29:31+01;1379
2017-03-22 06:53:31+01;1309
2017-03-22 10:03:31+01;1299
2017-03-22 11:02:31+01;1299
2017-03-22 12:01:31+01;1339
2017-03-22 14:24:31+01;1319
2017-03-22 15:02:31+01;1309
2017-03-22 16:12:31+01;1289
2017-03-22 17:12:31+01;1289
2017-03-22 22:01:31+01;1449
2017-03-23 05:30:31+01;1379
2017-03-23 08:24:31+01;1349
2017-03-23 09:42:31+01;1339
2017-03-23 10:02:31+01;1319
2017-03-23 10:32:31+01;1319
2017-03-23 11:12:31+01;1299
2017-03-23 12:01:31+01;1339
2017-03-23 14:24:31+01;1309
2017-03-23 15:02:31+01;1309
2017-03-23 17:42:31+01;1289
2017-03-23 18:32:31+01;1279
2017-03-23 22:01:31+01;1449
2017-03-24 05:27:31+01;1379
2017-03-24 08:12:31+01;1369
2017-03-24 08:41:31+01;1349
2017-03-24 10:01:31+01;1319
2017-03-24 11:01:31+01;1299
2017-03-24 12:00:31+01;1339
2017-03-24 14:24:31+01;1319
2017-03-24 16:31:31+01;1299
2017-03-24 17:11:31+01;1299
2017-03-24 18:01:31+01;1289
2017-03-24 18:12:31+01;1289
2017-03-24 22:00:31+01;1459
2017-03-25 06:26:31+01;1399
2017-03-25 08:26:31+01;1379
2017-03-25 09:23:31+01;1369
2017-03-25 09:43:31+01;1359
2017-03-25 11:03:31+01;1349
2017-03-25 11:13:31+01;1349
2017-03-25 11:33:31+01;1349
2017-03-25 12:01:31+01;1389
2017-03-25 12:26:31+01;1369
2017-03-25 14:24:31+01;1339
2017-03-25 15:02:31+01;1329
2017-03-25 16:32:31+01;1319
2017-03-25 17:12:31+01;1299
2017-03-25 22:01:31+01;1459
2017-03-26 07:31:31+02;1419
2017-03-26 08:27:31+02;1399
2017-03-26 09:43:31+02;1359
2017-03-26 12:01:31+02;1399
2017-03-26 12:27:31+02;1369
2017-03-26 14:25:31+02;1329
2017-03-26 15:03:31+02;1329
2017-03-26 16:13:31+02;1299
2017-03-26 22:01:31+02;1459
2017-03-27 05:29:31+02;1389
2017-03-27 05:54:31+02;1379
2017-03-27 08:24:31+02;1369
2017-03-27 09:12:31+02;1359
2017-03-27 09:32:31+02;1349
2017-03-27 10:12:31+02;1349
2017-03-27 10:33:31+02;1319
2017-03-27 12:01:31+02;1359
2017-03-27 14:27:31+02;1329
2017-03-27 14:52:31+02;1319
2017-03-27 15:12:32+02;1319
2017-03-27 18:22:31+02;1289
2017-03-27 22:01:31+02;1469
2017-03-28 05:30:31+02;1389
2017-03-28 07:12:31+02;1389
2017-03-28 08:13:31+02;1379
2017-03-28 08:53:31+02;1369
2017-03-28 09:42:31+02;1339
2017-03-28 11:32:31+02;1329
2017-03-28 12:01:31+02;1369
2017-03-28 12:02:31+02;1359
2017-03-28 12:41:31+02;1349
2017-03-28 14:27:31+02;1329
2017-03-28 14:33:31+02;1309
2017-03-28 15:02:31+02;1309
2017-03-28 18:13:31+02;1299
2017-03-28 22:01:31+02;1479
2017-03-29 05:30:31+02;1389
2017-03-29 06:53:31+02;1319
2017-03-29 08:12:32+02;1309
2017-03-29 12:00:31+02;1359
2017-03-29 14:24:31+02;1329
2017-03-29 15:01:31+02;1319
2017-03-29 18:22:31+02;1309
2017-03-29 18:51:31+02;1309
2017-03-29 22:00:31+02;1489
2017-03-30 05:31:31+02;1399
2017-03-30 05:55:31+02;1389
2017-03-30 08:25:31+02;1379
2017-03-30 09:13:31+02;1369
2017-03-30 09:33:31+02;1339
2017-03-30 09:53:31+02;1319
2017-03-30 10:13:31+02;1309
2017-03-30 11:13:31+02;1309
2017-03-30 12:01:31+02;1359
2017-03-30 14:25:32+02;1319
2017-03-30 22:01:31+02;1489
2017-03-31 05:36:31+02;1399
2017-03-31 07:14:31+02;1389
2017-03-31 09:22:31+02;1369
2017-03-31 10:03:31+02;1349
2017-03-31 10:23:31+02;1329
2017-03-31 12:04:31+02;1369
2017-03-31 12:26:31+02;1359
2017-03-31 14:27:31+02;1319
2017-03-31 15:02:31+02;1319
2017-03-31 22:01:31+02;1489
2017-04-01 05:30:31+02;1489
2017-04-01 06:28:31+02;1429
2017-04-01 08:15:31+02;1429
2017-04-01 08:25:31+02;1409
2017-04-01 08:41:31+02;1409
2017-04-01 08:54:31+02;1399
2017-04-01 09:13:31+02;1389
2017-04-01 09:33:31+02;1369
2017-04-01 10:13:31+02;1349
2017-04-01 10:43:31+02;1329
2017-04-01 11:13:31+02;1319
2017-04-01 12:01:31+02;1379
2017-04-01 14:26:31+02;1339
2017-04-01 14:54:31+02;1329
2017-04-01 15:23:31+02;1319
2017-04-01 22:01:31+02;1489
2017-04-02 07:24:31+02;1439
2017-04-02 08:25:31+02;1419
2017-04-02 09:22:31+02;1419
2017-04-02 10:03:31+02;1389
2017-04-02 10:52:31+02;1379
2017-04-02 12:00:31+02;1419
2017-04-02 12:01:31+02;1399
2017-04-02 12:25:31+02;1399
2017-04-02 12:41:32+02;1389
2017-04-02 14:26:31+02;1359
2017-04-02 15:02:31+02;1339
2017-04-02 17:12:31+02;1319
2017-04-02 22:00:31+02;1489
2017-04-03 05:31:31+02;1419
2017-04-03 05:54:31+02;1399
2017-04-03 07:23:31+02;1399
2017-04-03 07:43:31+02;1389
2017-04-03 10:02:31+02;1369
2017-04-03 10:22:31+02;1359
2017-04-03 10:52:31+02;1349
2017-04-03 12:00:32+02;1389
2017-04-03 12:01:31+02;1379
2017-04-03 14:26:31+02;1359
2017-04-03 14:52:31+02;1349
2017-04-03 17:41:31+02;1329
2017-04-03 22:00:31+02;1489
2017-04-04 05:30:31+02;1419
2017-04-04 07:44:31+02;1409
2017-04-04 08:13:31+02;1389
2017-04-04 08:41:31+02;1389
2017-04-04 09:12:31+02;1379
2017-04-04 09:52:31+02;1369
2017-04-04 10:13:31+02;1359
2017-04-04 10:33:31+02;1359
2017-04-04 12:01:31+02;1399
2017-04-04 14:26:31+02;1359
2017-04-04 16:43:31+02;1339
2017-04-04 18:33:32+02;1329
2017-04-04 22:01:31+02;1489
2017-04-05 05:30:31+02;1419
2017-04-05 07:14:31+02;1359
2017-04-05 11:03:31+02;1349
2017-04-05 12:01:31+02;1389
2017-04-05 12:42:31+02;1379
2017-04-05 14:26:31+02;1339
2017-04-05 14:53:31+02;1339
2017-04-05 15:13:31+02;1339
2017-04-05 18:13:31+02;1339
2017-04-05 22:01:31+02;1499
2017-04-06 05:30:31+02;1419
2017-04-06 07:14:32+02;1409
2017-04-06 08:42:31+02;1379
2017-04-06 09:33:31+02;1369
2017-04-06 10:02:31+02;1369
2017-04-06 10:23:31+02;1349
2017-04-06 12:01:31+02;1389
2017-04-06 14:26:31+02;1359
2017-04-06 17:32:31+02;1339
2017-04-06 22:00:31+02;1499
2017-04-07 05:34:31+02;1429
2017-04-07 07:13:31+02;1429
2017-04-07 08:24:31+02;1419
2017-04-07 08:41:31+02;1419
2017-04-07 08:52:31+02;1379
2017-04-07 10:12:31+02;1369
2017-04-07 12:00:31+02;1409
2017-04-07 12:01:31+02;1409
2017-04-07 12:25:31+02;1389
2017-04-07 14:26:31+02;1349
2017-04-07 15:12:31+02;1349
2017-04-07 22:00:32+02;1499
2017-04-08 06:25:31+02;1459
2017-04-08 08:13:31+02;1459
2017-04-08 08:25:31+02;1439
2017-04-08 08:33:31+02;1439
2017-04-08 09:32:31+02;1389
2017-04-08 11:23:31+02;1369
2017-04-08 12:00:31+02;1409
2017-04-08 14:27:31+02;1369
2017-04-08 15:02:31+02;1349
2017-04-08 22:01:31+02;1499
2017-04-09 07:27:31+02;1459
2017-04-09 08:27:31+02;1439
2017-04-09 09:24:31+02;1439
2017-04-09 10:03:31+02;1389
2017-04-09 11:13:31+02;1389
2017-04-09 11:24:31+02;1379
2017-04-09 12:01:31+02;1419
2017-04-09 12:27:31+02;1409
2017-04-09 14:26:31+02;1349
2017-04-09 14:53:31+02;1349
2017-04-09 22:01:31+02;1499
2017-04-10 05:30:31+02;1439
2017-04-10 05:56:31+02;1429
2017-04-10 07:13:31+02;1429
2017-04-10 08:25:31+02;1379
2017-04-10 10:13:31+02;1379
2017-04-10 10:33:31+02;1379
2017-04-10 10:53:31+02;1359
2017-04-10 12:01:31+02;1399
2017-04-10 14:25:31+02;1379
2017-04-10 15:23:31+02;1359
2017-04-10 16:13:31+02;1349
2017-04-10 17:13:31+02;1349
2017-04-10 22:01:31+02;1499
2017-04-11 05:31:31+02;1439
2017-04-11 05:55:31+02;1429
2017-04-11 08:14:31+02;1429
2017-04-11 09:12:31+02;1399
2017-04-11 10:01:31+02;1389
2017-04-11 10:42:31+02;1389
2017-04-11 12:00:31+02;1429
2017-04-11 12:01:31+02;1409
2017-04-11 12:31:31+02;1399
2017-04-11 14:26:31+02;1389
2017-04-11 14:32:31+02;1379
2017-04-11 15:12:31+02;1369
2017-04-11 17:02:31+02;1349
2017-04-11 22:00:31+02;1499
2017-04-12 05:30:31+02;1439
2017-04-12 05:55:31+02;1429
2017-04-12 07:24:32+02;1429
2017-04-12 08:13:31+02;1409
2017-04-12 09:12:31+02;1399
2017-04-12 10:02:31+02;1389
2017-04-12 10:32:31+02;1369
2017-04-12 12:00:31+02;1409
2017-04-12 12:01:31+02;1409
2017-04-12 14:27:31+02;1389
2017-04-12 15:12:31+02;1379
2017-04-12 16:42:31+02;1359
2017-04-12 18:42:31+02;1359
2017-04-12 19:12:31+02;1349
2017-04-12 22:00:31+02;1499
2017-04-13 07:24:31+02;1439
2017-04-13 08:13:31+02;1389
2017-04-13 11:13:31+02;1379
2017-04-13 12:00:31+02;1419
2017-04-13 12:27:31+02;1409
2017-04-13 14:14:31+02;1409
2017-04-13 14:29:31+02;1379
2017-04-13 14:34:31+02;1379
2017-04-13 15:13:31+02;1369
2017-04-13 22:01:31+02;1509
2017-04-14 07:27:31+02;1469
2017-04-14 08:26:31+02;1449
2017-04-14 09:34:31+02;1429
2017-04-14 10:13:31+02;1409
2017-04-14 11:13:31+02;1369
2017-04-14 12:01:31+02;1409
2017-04-14 14:28:31+02;1369
2017-04-14 17:13:31+02;1359
2017-04-14 22:01:31+02;1499
2017-04-15 06:28:31+02;1469
2017-04-15 08:26:31+02;1449
2017-04-15 09:13:32+02;1439
2017-04-15 09:24:31+02;1439
2017-04-15 09:34:31+02;1419
2017-04-15 10:24:31+02;1399
2017-04-15 11:14:31+02;1399
2017-04-15 11:33:31+02;1389
2017-04-15 12:01:31+02;1429
2017-04-15 12:02:31+02;1429
2017-04-15 12:28:31+02;1419
2017-04-15 14:27:31+02;1389
2017-04-15 15:04:31+02;1369
2017-04-15 22:00:31+02;1509
2017-04-16 07:25:31+02;1469
2017-04-16 08:26:31+02;1449
2017-04-16 10:13:31+02;1429
2017-04-16 10:32:31+02;1409
2017-04-16 12:00:31+02;1449
2017-04-16 12:26:31+02;1429
2017-04-16 14:25:31+02;1409
2017-04-16 15:02:31+02;1389
2017-04-16 16:43:31+02;1369
2017-04-16 22:00:31+02;1509
2017-04-17 07:25:31+02;1469
2017-04-17 08:25:31+02;1449
2017-04-17 10:03:31+02;1439
2017-04-17 10:12:31+02;1439
2017-04-17 10:23:31+02;1379
2017-04-17 12:00:31+02;1419
2017-04-17 12:01:31+02;1419
2017-04-17 14:26:31+02;1379
2017-04-17 14:52:31+02;1379
2017-04-17 17:12:31+02;1369
2017-04-17 22:00:32+02;1509
2017-04-18 07:03:31+02;1469
2017-04-18 07:24:31+02;1439
2017-04-18 07:53:31+02;1419
2017-04-18 08:24:31+02;1399
2017-04-18 09:23:31+02;1379
2017-04-18 12:01:31+02;1419
2017-04-18 12:02:31+02;1419
2017-04-18 12:28:31+02;1419
2017-04-18 12:33:31+02;1409
2017-04-18 12:54:31+02;1409
2017-04-18 14:25:31+02;1379
2017-04-18 15:02:31+02;1369
2017-04-18 17:00:31+02;1389
2017-04-18 17:27:31+02;1379
2017-04-18 17:55:31+02;1369
2017-04-18 22:01:31+02;1509
2017-04-19 06:41:31+02;1439
2017-04-19 07:04:31+02;1379
2017-04-19 10:12:31+02;1369
2017-04-19 11:43:31+02;1359
2017-04-19 12:01:31+02;1399
2017-04-19 14:24:31+02;1389
2017-04-19 15:01:31+02;1359
2017-04-19 17:00:32+02;1379
2017-04-19 17:24:31+02;1369
2017-04-19 19:41:31+02;1359
2017-04-19 22:01:31+02;1499
2017-04-20 05:29:31+02;1439
2017-04-20 08:23:31+02;1429
2017-04-20 08:41:31+02;1409
2017-04-20 10:22:31+02;1399
2017-04-20 10:42:31+02;1379
2017-04-20 11:12:31+02;1349
2017-04-20 12:01:31+02;1389
2017-04-20 14:40:31+02;1369
2017-04-20 15:12:31+02;1369
2017-04-20 17:00:31+02;1389
2017-04-20 17:27:31+02;1339
2017-04-20 18:11:31+02;1359
2017-04-20 19:56:24+02;1359
2017-04-20 22:01:31+02;1499
2017-04-21 05:31:31+02;1439
2017-04-21 07:33:31+02;1429
2017-04-21 07:53:32+02;1419
2017-04-21 08:41:31+02;1339
2017-04-21 11:22:31+02;1339
2017-04-21 12:01:31+02;1389
2017-04-21 14:27:31+02;1359
2017-04-21 15:23:31+02;1339
2017-04-21 17:00:31+02;1359
2017-04-21 18:53:31+02;1349
2017-04-21 19:13:31+02;1349
2017-04-21 22:00:31+02;1489
2017-04-22 06:26:31+02;1459
2017-04-22 08:04:31+02;1459
2017-04-22 08:26:31+02;1439
2017-04-22 08:33:31+02;1439
2017-04-22 09:13:31+02;1419
2017-04-22 09:33:32+02;1379
2017-04-22 10:13:32+02;1359
2017-04-22 11:13:31+02;1349
2017-04-22 12:01:31+02;1389
2017-04-22 14:27:31+02;1359
2017-04-22 15:12:31+02;1339
2017-04-22 17:00:31+02;1359
2017-04-22 22:01:31+02;1499
2017-04-23 07:25:31+02;1459
2017-04-23 08:25:31+02;1439
2017-04-23 09:43:31+02;1439
2017-04-23 10:13:32+02;1439
2017-04-23 10:32:31+02;1429
2017-04-23 11:33:31+02;1419
2017-04-23 12:01:31+02;1459
2017-04-23 12:27:31+02;1409
2017-04-23 12:54:31+02;1399
2017-04-23 14:27:31+02;1369
2017-04-23 15:13:31+02;1359
2017-04-23 15:32:31+02;1349
2017-04-23 16:12:31+02;1339
2017-04-23 17:00:31+02;1359
2017-04-23 19:31:31+02;1349
2017-04-23 19:51:31+02;1339
2017-04-23 22:01:31+02;1479
2017-04-24 05:29:31+02;1429
2017-04-24 07:24:31+02;1419
2017-04-24 07:53:31+02;1409
2017-04-24 09:32:31+02;1389
2017-04-24 10:33:31+02;1379
2017-04-24 11:22:31+02;1369
2017-04-24 12:01:31+02;1409
2017-04-24 12:53:31+02;1399
2017-04-24 14:26:31+02;1379
2017-04-24 14:33:31+02;1369
2017-04-24 15:23:31+02;1349
2017-04-24 17:00:31+02;1369
2017-04-24 17:29:31+02;1359
2017-04-24 18:43:31+02;1349
2017-04-24 20:12:31+02;1349
2017-04-24 22:01:31+02;1489
2017-04-25 05:29:31+02;1419
2017-04-25 07:43:31+02;1399
2017-04-25 10:12:31+02;1379
2017-04-25 12:01:31+02;1419
2017-04-25 12:33:31+02;1409
2017-04-25 14:31:30+02;1369
2017-04-25 15:01:31+02;1359
2017-04-25 16:03:31+02;1339
2017-04-25 17:00:31+02;1359
2017-04-25 17:27:31+02;1359
2017-04-25 18:04:31+02;1349
2017-04-25 22:01:31+02;1489
2017-04-26 05:28:32+02;1419
2017-04-26 08:03:31+02;1399
2017-04-26 09:12:31+02;1399
2017-04-26 10:02:31+02;1359
2017-04-26 10:33:31+02;1359
2017-04-26 11:32:31+02;1329
2017-04-26 12:01:31+02;1369
2017-04-26 14:24:31+02;1349
2017-04-26 15:23:31+02;1329
2017-04-26 17:00:31+02;1349
2017-04-26 17:29:31+02;1339
2017-04-26 18:34:31+02;1329
2017-04-26 22:00:31+02;1469
2017-04-27 07:23:31+02;1409
2017-04-27 07:52:31+02;1399
2017-04-27 08:12:31+02;1339
2017-04-27 09:01:31+02;1329
2017-04-27 12:00:32+02;1369
2017-04-27 14:29:31+02;1339
2017-04-27 14:33:31+02;1319
2017-04-27 17:00:31+02;1339
2017-04-27 18:34:31+02;1329
2017-04-27 19:03:31+02;1329
2017-04-27 22:01:31+02;1469
2017-04-28 07:13:31+02;1429
2017-04-28 07:33:31+02;1409
2017-04-28 07:54:31+02;1389
2017-04-28 09:33:31+02;1369
2017-04-28 10:42:31+02;1349
2017-04-28 12:01:31+02;1389
2017-04-28 14:29:31+02;1369
2017-04-28 15:02:31+02;1349
2017-04-28 16:24:31+02;1349
2017-04-28 17:00:31+02;1369
2017-04-28 17:29:31+02;1359
2017-04-28 19:03:32+02;1339
2017-04-28 19:22:31+02;1339
2017-04-28 22:01:31+02;1479
2017-04-29 06:27:31+02;1439
2017-04-29 08:26:31+02;1419
2017-04-29 09:23:31+02;1409
2017-04-29 09:43:31+02;1379
2017-04-29 10:24:31+02;1359
2017-04-29 10:33:31+02;1359
2017-04-29 11:12:31+02;1329
2017-04-29 12:01:31+02;1369
2017-04-29 14:28:31+02;1329
2017-04-29 17:00:31+02;1349
2017-04-29 18:32:31+02;1339
2017-04-29 22:01:31+02;1479
2017-04-30 07:26:31+02;1439
2017-04-30 08:27:31+02;1419
2017-04-30 09:43:31+02;1409
2017-04-30 10:23:31+02;1399
2017-04-30 12:01:31+02;1439
2017-04-30 12:02:31+02;1389
2017-04-30 14:28:31+02;1369
2017-04-30 15:13:31+02;1349
2017-04-30 17:00:31+02;1369
2017-04-30 17:35:31+02;1349
2017-04-30 22:01:31+02;1489
2017-05-01 07:25:31+02;1439
2017-05-01 08:27:31+02;1419
2017-05-01 10:23:31+02;1409
2017-05-01 11:13:31+02;1399
2017-05-01 12:01:31+02;1439
2017-05-01 12:27:31+02;1399
2017-05-01 14:26:31+02;1359
2017-05-01 15:13:31+02;1329
2017-05-01 17:00:31+02;1349
2017-05-01 18:54:31+02;1339
2017-05-01 22:00:31+02;1479
2017-05-02 05:27:31+02;1469
2017-05-02 07:13:31+02;1429
2017-05-02 07:32:31+02;1409
2017-05-02 07:53:31+02;1389
2017-05-02 08:12:31+02;1379
2017-05-02 08:40:32+02;1379
2017-05-02 08:53:31+02;1359
2017-05-02 09:02:31+02;1359
2017-05-02 10:02:31+02;1339
2017-05-02 12:00:31+02;1379
2017-05-02 12:01:31+02;1369
2017-05-02 14:28:31+02;1339
2017-05-02 14:33:31+02;1329
2017-05-02 15:12:31+02;1329
2017-05-02 16:59:31+02;1349
2017-05-02 17:26:31+02;1339
2017-05-02 19:12:31+02;1339
2017-05-02 22:00:31+02;1479
2017-05-03 06:42:31+02;1409
2017-05-03 07:43:31+02;1389
2017-05-03 08:31:32+02;1379
2017-05-03 09:24:31+02;1369
2017-05-03 11:23:31+02;1349
2017-05-03 11:44:31+02;1319
2017-05-03 12:01:31+02;1359
2017-05-03 14:29:31+02;1319
2017-05-03 15:23:31+02;1319
2017-05-03 17:00:31+02;1339
2017-05-03 17:27:31+02;1329
2017-05-03 22:01:31+02;1469
2017-05-04 05:28:31+02;1399
2017-05-04 07:54:31+02;1379
2017-05-04 08:32:31+02;1359
2017-05-04 09:33:31+02;1349
2017-05-04 10:24:31+02;1329
2017-05-04 11:33:31+02;1309
2017-05-04 12:01:31+02;1349
2017-05-04 14:28:31+02;1329
2017-05-04 15:13:31+02;1319
2017-05-04 17:00:31+02;1339
2017-05-04 18:34:31+02;1329
2017-05-04 19:52:31+02;1319
2017-05-04 22:01:31+02;1459
2017-05-05 05:45:31+02;1389
2017-05-05 07:54:31+02;1369
2017-05-05 08:51:31+02;1359
2017-05-05 09:21:31+02;1349
2017-05-05 10:23:31+02;1329
2017-05-05 11:11:31+02;1319
2017-05-05 12:01:31+02;1359
2017-05-05 14:25:31+02;1319
2017-05-05 15:10:31+02;1309
2017-05-05 17:00:31+02;1329
2017-05-05 19:20:31+02;1319
2017-05-05 22:03:31+02;1459
2017-05-06 06:26:31+02;1419
2017-05-06 08:25:31+02;1399
2017-05-06 08:32:31+02;1379
2017-05-06 09:12:31+02;1359
2017-05-06 10:01:31+02;1329
2017-05-06 10:21:31+02;1309
2017-05-06 10:50:31+02;1309
2017-05-06 11:10:31+02;1309
2017-05-06 12:01:31+02;1349
2017-05-06 14:23:31+02;1329
2017-05-06 15:20:32+02;1309
2017-05-06 16:59:31+02;1329
2017-05-06 22:00:31+02;1469
2017-05-07 07:22:31+02;1419
2017-05-07 08:26:31+02;1399
2017-05-07 10:00:31+02;1339
2017-05-07 12:00:31+02;1379
2017-05-07 14:23:32+02;1339
2017-05-07 14:49:31+02;1309
2017-05-07 16:59:31+02;1329
2017-05-07 22:00:31+02;1469
2017-05-08 05:26:31+02;1389
2017-05-08 07:40:31+02;1369
2017-05-08 09:10:31+02;1349
2017-05-08 10:06:31+02;1349
2017-05-08 10:31:31+02;1339
2017-05-08 10:50:31+02;1329
2017-05-08 11:21:31+02;1319
2017-05-08 12:01:31+02;1359
2017-05-08 12:02:31+02;1359
2017-05-08 14:19:31+02;1339
2017-05-08 14:36:31+02;1329
2017-05-08 14:59:31+02;1319
2017-05-08 17:00:31+02;1339
2017-05-08 18:40:31+02;1319
2017-05-08 18:49:31+02;1319
2017-05-08 20:19:15+02;1319
2017-05-08 22:01:31+02;1459
2017-05-09 05:34:31+02;1389
2017-05-09 07:49:31+02;1369
2017-05-09 09:21:31+02;1359
2017-05-09 10:19:31+02;1349
2017-05-09 10:39:16+02;1339
2017-05-09 12:01:31+02;1379
2017-05-09 12:32:31+02;1369
2017-05-09 14:20:31+02;1349
2017-05-09 15:19:31+02;1339
2017-05-09 17:01:31+02;1359
2017-05-09 17:33:31+02;1339
2017-05-09 19:38:31+02;1329
2017-05-09 20:18:31+02;1299
2017-05-09 22:01:31+02;1439
2017-05-10 05:36:31+02;1389
2017-05-10 07:50:31+02;1369
2017-05-10 09:49:31+02;1349
2017-05-10 10:20:31+02;1349
2017-05-10 10:29:31+02;1329
2017-05-10 12:01:31+02;1369
2017-05-10 14:20:31+02;1329
2017-05-10 15:19:31+02;1329
2017-05-10 17:00:31+02;1349
2017-05-10 17:23:31+02;1339
2017-05-10 19:20:31+02;1319
2017-05-10 20:08:31+02;1319
2017-05-10 20:29:31+02;1299
2017-05-10 22:01:31+02;1439
2017-05-11 05:34:31+02;1389
2017-05-11 07:19:31+02;1389
2017-05-11 07:49:31+02;1369
2017-05-11 08:58:31+02;1359
2017-05-11 09:48:31+02;1349
2017-05-11 10:18:31+02;1349
2017-05-11 10:28:31+02;1329
2017-05-11 12:00:31+02;1369
2017-05-11 12:01:31+02;1349
2017-05-11 14:19:31+02;1329
2017-05-11 17:00:31+02;1349
2017-05-11 17:32:31+02;1349
2017-05-11 19:19:31+02;1329
2017-05-11 20:17:31+02;1309
2017-05-11 22:00:31+02;1449
2017-05-12 05:35:31+02;1389
2017-05-12 07:49:31+02;1369
2017-05-12 08:48:31+02;1349
2017-05-12 10:28:31+02;1329
2017-05-12 12:00:31+02;1369
2017-05-12 12:31:31+02;1359
2017-05-12 12:47:31+02;1359
2017-05-12 14:20:31+02;1329
2017-05-12 15:07:31+02;1319
2017-05-12 17:01:32+02;1339
2017-05-12 19:28:31+02;1339
2017-05-12 19:47:32+02;1329
2017-05-12 20:18:31+02;1309
2017-05-12 22:00:31+02;1449
2017-05-13 06:24:31+02;1419
2017-05-13 08:20:31+02;1419
2017-05-13 08:31:31+02;1399
2017-05-13 09:19:31+02;1379
2017-05-13 09:38:31+02;1339
2017-05-13 10:28:31+02;1339
2017-05-13 12:32:31+02;1339
2017-05-13 14:37:32+02;1329
2017-05-13 14:58:31+02;1329
2017-05-13 15:19:32+02;1309
2017-05-13 17:01:31+02;1329
2017-05-13 20:18:31+02;1309
2017-05-13 22:01:32+02;1449
2017-05-14 07:20:31+02;1419
2017-05-14 08:30:31+02;1399
2017-05-14 11:19:31+02;1319
2017-05-14 14:29:31+02;1329
2017-05-14 14:48:31+02;1309
2017-05-14 17:01:31+02;1329
2017-05-14 20:18:31+02;1309
2017-05-14 22:01:31+02;1449
2017-05-15 05:35:31+02;1399
2017-05-15 06:01:32+02;1389
2017-05-15 07:20:31+02;1389
2017-05-15 07:50:31+02;1379
2017-05-15 09:29:31+02;1359
2017-05-15 10:20:32+02;1339
2017-05-15 12:01:31+02;1379
2017-05-15 14:21:31+02;1359
2017-05-15 15:20:31+02;1329
2017-05-15 17:00:32+02;1349
2017-05-15 17:23:31+02;1339
2017-05-15 20:18:32+02;1309
2017-05-15 22:01:31+02;1449
2017-05-16 05:35:31+02;1399
2017-05-16 07:49:31+02;1379
2017-05-16 09:19:32+02;1359
2017-05-16 10:28:31+02;1349
2017-05-16 11:19:31+02;1329
2017-05-16 11:38:31+02;1329
2017-05-16 12:00:31+02;1369
2017-05-16 14:20:31+02;1339
2017-05-16 15:08:31+02;1329
2017-05-16 15:29:31+02;1319
2017-05-16 17:00:31+02;1339
2017-05-16 17:32:31+02;1329
2017-05-16 19:57:31+02;1329
2017-05-16 20:17:31+02;1329
2017-05-16 20:29:31+02;1319
2017-05-16 22:00:31+02;1459
2017-05-17 05:33:31+02;1409
2017-05-17 07:58:31+02;1329
2017-05-17 10:18:31+02;1329
2017-05-17 10:38:31+02;1329
2017-05-17 12:00:31+02;1369
2017-05-17 12:32:31+02;1359
2017-05-17 14:31:31+02;1349
2017-05-17 14:58:32+02;1339
2017-05-17 17:00:31+02;1359
2017-05-17 17:32:31+02;1349
2017-05-17 20:29:31+02;1319
2017-05-17 22:00:31+02;1459
2017-05-18 05:35:31+02;1409
2017-05-18 07:39:31+02;1389
2017-05-18 08:49:32+02;1379
2017-05-18 08:59:31+02;1379
2017-05-18 09:09:31+02;1369
2017-05-18 10:19:31+02;1359
2017-05-18 10:39:31+02;1359
2017-05-18 12:01:31+02;1399
2017-05-18 12:33:31+02;1379
2017-05-18 14:21:31+02;1339
2017-05-18 17:01:31+02;1359
2017-05-18 17:25:31+02;1349
2017-05-18 20:10:31+02;1339
2017-05-18 20:28:31+02;1319
2017-05-18 22:01:31+02;1459
2017-05-19 05:27:31+02;1409
2017-05-19 07:52:31+02;1389
2017-05-19 08:23:31+02;1369
2017-05-19 09:31:31+02;1359
2017-05-19 09:51:31+02;1349
2017-05-19 10:10:31+02;1349
2017-05-19 10:31:31+02;1329
2017-05-19 11:21:31+02;1329
2017-05-19 12:01:31+02;1369
2017-05-19 14:24:31+02;1359
2017-05-19 14:51:31+02;1349
2017-05-19 16:32:31+02;1339
2017-05-19 17:01:31+02;1359
2017-05-19 17:25:31+02;1349
2017-05-19 19:20:31+02;1349
2017-05-19 20:22:31+02;1319
2017-05-19 22:01:31+02;1459
2017-05-20 06:25:31+02;1439
2017-05-20 08:23:31+02;1419
2017-05-20 09:01:31+02;1379
2017-05-20 10:10:32+02;1379
2017-05-20 10:31:31+02;1359
2017-05-20 12:01:31+02;1399
2017-05-20 14:12:31+02;1389
2017-05-20 14:38:31+02;1349
2017-05-20 15:11:31+02;1339
2017-05-20 16:41:31+02;1329
2017-05-20 17:01:31+02;1349
2017-05-20 17:02:31+02;1349
2017-05-20 20:21:31+02;1329
2017-05-20 22:00:31+02;1469
2017-05-21 07:22:31+02;1439
2017-05-21 08:26:31+02;1419
2017-05-21 08:51:31+02;1339
2017-05-21 11:29:31+02;1329
2017-05-21 12:00:31+02;1369
2017-05-21 14:24:31+02;1329
2017-05-21 14:49:31+02;1329
2017-05-21 17:00:31+02;1349
2017-05-21 20:23:31+02;1329
2017-05-21 22:01:31+02;1469
2017-05-22 05:24:31+02;1409
2017-05-22 07:09:31+02;1409
2017-05-22 07:40:31+02;1389
2017-05-22 08:29:31+02;1379
2017-05-22 08:51:32+02;1369
2017-05-22 09:10:31+02;1349
2017-05-22 09:39:31+02;1349
2017-05-22 12:00:31+02;1389
2017-05-22 12:32:31+02;1369
2017-05-22 14:27:32+02;1359
2017-05-22 14:54:31+02;1339
2017-05-22 16:59:31+02;1359
2017-05-22 18:25:31+02;1349
2017-05-22 20:13:31+02;1339
2017-05-22 20:32:31+02;1319
2017-05-22 22:00:31+02;1459
2017-05-23 05:28:31+02;1409
2017-05-23 07:44:31+02;1389
2017-05-23 08:14:31+02;1339
2017-05-23 09:24:31+02;1339
2017-05-23 10:34:31+02;1329
2017-05-23 12:00:31+02;1369
2017-05-23 14:43:31+02;1339
2017-05-23 15:14:31+02;1319
2017-05-23 16:14:31+02;1319
2017-05-23 17:00:31+02;1339
2017-05-23 17:23:31+02;1339
2017-05-23 20:21:31+02;1319
2017-05-23 22:00:31+02;1459
2017-05-24 05:23:31+02;1409
2017-05-24 07:50:31+02;1389
2017-05-24 09:00:31+02;1379
2017-05-24 09:20:32+02;1359
2017-05-24 10:30:31+02;1339
2017-05-24 12:00:06+02;1379
2017-05-24 14:23:06+02;1339
2017-05-24 17:00:06+02;1359
2017-05-24 17:23:06+02;1349
2017-05-24 20:21:06+02;1329
2017-05-24 22:00:07+02;1469
2017-05-25 05:24:10+02;1449
2017-05-25 07:09:17+02;1449
2017-05-25 08:23:05+02;1429
2017-05-25 08:50:06+02;1369
2017-05-25 09:50:06+02;1359
2017-05-25 10:29:05+02;1349
2017-05-25 10:59:05+02;1339
2017-05-25 12:00:07+02;1379
2017-05-25 14:22:06+02;1339
2017-05-25 16:20:06+02;1329
2017-05-25 17:00:07+02;1349
2017-05-25 20:23:06+02;1329
2017-05-25 22:01:06+02;1469
2017-05-26 05:27:06+02;1409
2017-05-26 07:52:06+02;1389
2017-05-26 09:21:06+02;1339
2017-05-26 09:40:06+02;1339
2017-05-26 10:21:06+02;1319
2017-05-26 11:31:06+02;1319
2017-05-26 12:01:08+02;1369
2017-05-26 14:26:06+02;1329
2017-05-26 17:01:06+02;1349
2017-05-26 17:25:06+02;1339
2017-05-26 19:20:06+02;1339
2017-05-26 20:19:05+02;1319
2017-05-26 22:01:07+02;1459
2017-05-27 06:26:06+02;1439
2017-05-27 08:26:06+02;1419
2017-05-27 08:31:05+02;1389
2017-05-27 10:21:19+02;1369
2017-05-27 11:21:05+02;1349
2017-05-27 12:02:06+02;1389
2017-05-27 14:11:06+02;1389
2017-05-27 14:25:06+02;1349
2017-05-27 14:32:05+02;1349
2017-05-27 15:20:06+02;1329
2017-05-27 17:00:06+02;1349
2017-05-27 20:23:05+02;1329
2017-05-27 22:00:06+02;1469
2017-05-28 07:22:06+02;1439
2017-05-28 08:24:06+02;1419
2017-05-28 08:59:06+02;1359
2017-05-28 11:10:06+02;1339
2017-05-28 12:00:15+02;1379
2017-05-28 14:23:05+02;1349
2017-05-28 14:50:06+02;1329
2017-05-28 17:00:06+02;1349
2017-05-28 20:22:06+02;1329
2017-05-28 22:00:06+02;1469
2017-05-29 05:25:06+02;1409
2017-05-29 07:50:06+02;1389
2017-05-29 09:20:06+02;1389
2017-05-29 09:39:06+02;1389
2017-05-29 09:50:06+02;1359
2017-05-29 10:29:06+02;1339
2017-05-29 11:40:06+02;1319
2017-05-29 12:00:07+02;1359
2017-05-29 14:21:06+02;1359
2017-05-29 14:28:07+02;1329
2017-05-29 14:50:06+02;1329
2017-05-29 16:22:06+02;1329
2017-05-29 17:00:07+02;1349
2017-05-29 17:24:06+02;1339
2017-05-29 20:19:05+02;1309
2017-05-29 22:00:06+02;1449
2017-05-30 05:23:05+02;1399
2017-05-30 07:20:06+02;1399
2017-05-30 07:50:06+02;1379
2017-05-30 08:50:06+02;1349
2017-05-30 10:20:06+02;1329
2017-05-30 12:00:06+02;1369
2017-05-30 12:22:06+02;1369
2017-05-30 14:00:06+02;1359
2017-05-30 14:27:06+02;1319
2017-05-30 17:00:07+02;1339
2017-05-30 19:19:05+02;1339
2017-05-30 20:19:05+02;1309
2017-05-30 22:01:06+02;1449
2017-05-31 05:25:05+02;1399
2017-05-31 07:22:05+02;1399
2017-05-31 07:52:06+02;1379
2017-05-31 08:22:05+02;1349
2017-05-31 10:01:06+02;1339
2017-05-31 12:01:06+02;1379
2017-05-31 12:52:06+02;1369
2017-05-31 14:24:06+02;1329
2017-05-31 14:51:06+02;1319
2017-05-31 17:01:06+02;1339
2017-05-31 18:31:06+02;1339
2017-05-31 18:51:06+02;1329
2017-05-31 20:20:07+02;1309
2017-05-31 22:01:06+02;1449
2017-06-01 07:22:06+02;1399
2017-06-01 07:52:05+02;1379
2017-06-01 08:29:06+02;1349
2017-06-01 10:01:06+02;1339
2017-06-01 12:01:06+02;1379
2017-06-01 12:02:06+02;1369
2017-06-01 14:26:06+02;1339
2017-06-01 15:20:06+02;1339
2017-06-01 17:00:07+02;1359
2017-06-01 17:24:05+02;1349
2017-06-01 19:48:06+02;1339
2017-06-01 20:21:06+02;1309
2017-06-01 22:00:06+02;1449
2017-06-02 07:21:05+02;1379
2017-06-02 08:50:06+02;1349
2017-06-02 09:20:06+02;1349
2017-06-02 10:10:06+02;1339
2017-06-02 11:09:05+02;1329
2017-06-02 12:00:06+02;1369
2017-06-02 12:31:05+02;1359
2017-06-02 12:51:06+02;1359
2017-06-02 14:25:06+02;1329
2017-06-02 15:10:06+02;1319
2017-06-02 17:00:07+02;1339
2017-06-02 19:20:06+02;1329
2017-06-02 20:22:05+02;1309
2017-06-02 22:00:06+02;1449
2017-06-03 06:25:05+02;1419
2017-06-03 08:24:06+02;1399
2017-06-03 09:21:06+02;1359
2017-06-03 10:09:06+02;1339
2017-06-03 11:19:12+02;1319
2017-06-03 12:00:07+02;1359
2017-06-03 14:27:06+02;1339
2017-06-03 14:59:06+02;1319
2017-06-03 17:00:07+02;1339
2017-06-03 20:22:05+02;1319
2017-06-03 22:00:06+02;1459
2017-06-04 07:22:06+02;1419
2017-06-04 08:24:05+02;1399
2017-06-04 09:21:06+02;1399
2017-06-04 09:51:05+02;1389
2017-06-04 10:21:06+02;1369
2017-06-04 11:10:06+02;1359
2017-06-04 11:30:08+02;1349
2017-06-04 12:00:07+02;1389
2017-06-04 12:24:06+02;1389
2017-06-04 14:23:05+02;1359
2017-06-04 14:50:06+02;1339
2017-06-04 17:00:06+02;1359
2017-06-04 18:21:05+02;1339
2017-06-04 20:22:17+02;1319
2017-06-04 22:00:06+02;1459
2017-06-05 07:22:06+02;1349
2017-06-05 08:12:05+02;1339
2017-06-05 08:32:05+02;1319
2017-06-05 12:01:22+02;1359
2017-06-05 14:24:06+02;1319
2017-06-05 15:00:07+02;1319
2017-06-05 17:01:06+02;1339
2017-06-05 20:25:05+02;1319
2017-06-05 22:01:06+02;1459
2017-06-06 07:25:06+02;1389
2017-06-06 07:55:06+02;1379
2017-06-06 11:33:06+02;1379
2017-06-06 12:01:06+02;1359
2017-06-06 14:19:05+02;1329
2017-06-06 17:01:06+02;1349
2017-06-06 17:33:06+02;1349
2017-06-06 19:19:06+02;1329
2017-06-06 20:29:06+02;1309
2017-06-06 22:01:06+02;1449
2017-06-07 06:38:05+02;1399
2017-06-07 07:19:06+02;1379
2017-06-07 09:19:06+02;1369
2017-06-07 09:49:05+02;1359
2017-06-07 10:28:06+02;1359
2017-06-07 10:38:06+02;1349
2017-06-07 10:48:06+02;1349
2017-06-07 12:01:06+02;1389
2017-06-07 12:47:06+02;1379
2017-06-07 14:25:06+02;1359
2017-06-07 14:55:06+02;1349
2017-06-07 16:15:06+02;1339
2017-06-07 16:36:06+02;1329
2017-06-07 17:01:06+02;1349
2017-06-07 17:02:06+02;1349
2017-06-07 17:29:05+02;1339
2017-06-07 19:16:06+02;1329
2017-06-07 20:26:07+02;1309
2017-06-07 22:01:06+02;1449
2017-06-08 05:29:05+02;1399
2017-06-08 07:46:06+02;1379
2017-06-08 09:15:06+02;1359
2017-06-08 10:35:06+02;1349
2017-06-08 11:15:07+02;1329
2017-06-08 11:31:05+02;1329
2017-06-08 12:01:06+02;1369
2017-06-08 14:17:06+02;1359
2017-06-08 15:15:07+02;1339
2017-06-08 17:01:06+02;1359
2017-06-08 17:30:07+02;1339
2017-06-08 19:16:06+02;1329
2017-06-08 19:44:06+02;1329
2017-06-08 20:04:06+02;1319
2017-06-08 20:26:05+02;1299
2017-06-08 22:01:06+02;1439
2017-06-09 05:29:06+02;1389
2017-06-09 07:46:06+02;1369
2017-06-09 08:16:06+02;1329
2017-06-09 09:45:06+02;1309
2017-06-09 12:01:05+02;1349
2017-06-09 12:29:06+02;1339
2017-06-09 14:25:06+02;1329
2017-06-09 15:05:06+02;1329
2017-06-09 15:15:19+02;1299
2017-06-09 16:15:09+02;1299
2017-06-09 17:01:06+02;1319
2017-06-09 17:29:06+02;1319
2017-06-09 19:16:06+02;1319
2017-06-09 20:26:06+02;1299
2017-06-09 22:01:06+02;1439
2017-06-10 06:27:05+02;1419
2017-06-10 08:28:05+02;1399
2017-06-10 09:14:06+02;1389
2017-06-10 09:44:06+02;1359
2017-06-10 11:35:06+02;1349
2017-06-10 12:00:07+02;1389
2017-06-10 12:27:06+02;1389
2017-06-10 12:43:06+02;1359
2017-06-10 12:54:06+02;1359
2017-06-10 14:16:06+02;1339
2017-06-10 14:24:06+02;1339
2017-06-10 14:55:05+02;1309
2017-06-10 17:01:05+02;1329
2017-06-10 20:26:06+02;1309
2017-06-10 22:01:06+02;1449
2017-06-11 07:27:06+02;1419
2017-06-11 08:30:07+02;1399
2017-06-11 09:46:05+02;1379
2017-06-11 10:05:06+02;1359
2017-06-11 11:16:05+02;1339
2017-06-11 12:01:06+02;1379
2017-06-11 12:02:05+02;1379
2017-06-11 12:29:06+02;1359
2017-06-11 14:33:06+02;1329
2017-06-11 14:59:06+02;1309
2017-06-11 17:01:05+02;1329
2017-06-11 20:33:06+02;1309
2017-06-11 22:01:06+02;1449
2017-06-12 05:29:05+02;1389
2017-06-12 07:46:05+02;1369
2017-06-12 08:27:06+02;1309
2017-06-12 11:25:04+02;1309
2017-06-12 11:26:06+02;1299
2017-06-12 12:02:04+02;1299
2017-06-12 12:04:05+02;1339
2017-06-12 12:39:04+02;1339
2017-06-12 13:41:06+02;1339
2017-06-12 14:26:06+02;1339
2017-06-12 14:33:06+02;1329
2017-06-12 14:44:06+02;1329
2017-06-12 15:15:06+02;1309
2017-06-12 17:01:06+02;1329
2017-06-12 17:30:08+02;1319
2017-06-12 19:44:05+02;1319
2017-06-12 20:26:06+02;1299
2017-06-12 22:01:06+02;1439
2017-06-13 05:30:07+02;1389
2017-06-13 07:56:05+02;1369
2017-06-13 09:56:06+02;1319
2017-06-13 10:14:06+02;1309
2017-06-13 12:01:07+02;1349
2017-06-13 12:29:05+02;1339
2017-06-13 14:16:06+02;1329
2017-06-13 14:34:07+02;1299
2017-06-13 17:01:06+02;1319
2017-06-13 20:14:06+02;1319
2017-06-13 20:27:05+02;1299
2017-06-13 20:32:06+02;1299
2017-06-13 22:01:06+02;1439
2017-06-14 05:30:07+02;1389
2017-06-14 07:45:06+02;1369
2017-06-14 09:05:06+02;1359
2017-06-14 09:36:06+02;1349
2017-06-14 10:25:06+02;1329
2017-06-14 11:15:07+02;1299
2017-06-14 12:01:06+02;1339
2017-06-14 14:27:06+02;1319
2017-06-14 15:15:11+02;1299
2017-06-14 17:01:06+02;1319
2017-06-14 20:26:06+02;1299
2017-06-14 22:00:07+02;1439
2017-06-15 05:28:05+02;1419
2017-06-15 08:27:06+02;1399
2017-06-15 08:36:06+02;1359
2017-06-15 09:14:06+02;1339
2017-06-15 09:45:06+02;1319
2017-06-15 11:05:06+02;1309
2017-06-15 11:24:06+02;1309
2017-06-15 12:00:06+02;1349
2017-06-15 14:16:06+02;1329
2017-06-15 15:04:06+02;1309
2017-06-15 16:45:06+02;1299
2017-06-15 17:00:06+02;1319
2017-06-15 20:27:05+02;1299
2017-06-15 22:01:06+02;1439
2017-06-16 05:30:07+02;1379
2017-06-16 08:16:17+02;1359
2017-06-16 09:17:06+02;1349
2017-06-16 10:16:06+02;1319
2017-06-16 10:36:06+02;1319
2017-06-16 11:26:06+02;1319
2017-06-16 12:01:06+02;1359
2017-06-16 14:18:06+02;1359
2017-06-16 14:28:06+02;1349
2017-06-16 14:44:06+02;1349
2017-06-16 15:15:06+02;1329
2017-06-16 16:36:06+02;1319
2017-06-16 17:01:06+02;1339
2017-06-16 17:30:08+02;1329
2017-06-16 20:14:05+02;1319
2017-06-16 20:34:06+02;1299
2017-06-16 22:01:06+02;1439
2017-06-17 05:28:05+02;1429
2017-06-17 06:29:06+02;1419
2017-06-17 08:28:06+02;1399
2017-06-17 09:16:05+02;1359
2017-06-17 10:15:06+02;1339
2017-06-17 11:05:06+02;1329
2017-06-17 11:26:06+02;1319
2017-06-17 12:01:06+02;1359
2017-06-17 14:26:06+02;1329
2017-06-17 15:13:05+02;1309
2017-06-17 17:01:06+02;1329
2017-06-17 20:28:05+02;1309
2017-06-17 22:01:06+02;1449
2017-06-18 07:27:05+02;1419
2017-06-18 08:28:05+02;1399
2017-06-18 08:57:06+02;1309
2017-06-18 12:01:06+02;1349
2017-06-18 14:27:05+02;1329
2017-06-18 15:05:06+02;1309
2017-06-18 17:01:05+02;1329
2017-06-18 20:15:06+02;1329
2017-06-18 20:27:06+02;1309
2017-06-18 20:35:06+02;1309
2017-06-18 22:01:06+02;1449
2017-06-19 05:30:07+02;1389
2017-06-19 08:17:05+02;1369
2017-06-19 10:37:06+02;1359
2017-06-19 11:06:06+02;1359
2017-06-19 11:25:06+02;1349
2017-06-19 12:01:06+02;1389
2017-06-19 12:02:12+02;1369
2017-06-19 14:30:07+02;1329
2017-06-19 15:09:07+02;1329
2017-06-19 16:19:06+02;1319
2017-06-19 17:01:05+02;1339
2017-06-19 17:31:06+02;1329
2017-06-19 19:48:06+02;1319
2017-06-19 20:28:06+02;1299
2017-06-19 22:01:06+02;1439
2017-06-20 05:33:05+02;1389
2017-06-20 07:18:06+02;1369
2017-06-20 09:39:06+02;1359
2017-06-20 10:09:06+02;1339
2017-06-20 10:29:06+02;1329
2017-06-20 12:01:05+02;1369
2017-06-20 12:33:05+02;1339
2017-06-20 14:20:06+02;1319
2017-06-20 15:18:06+02;1309
2017-06-20 16:39:06+02;1309
2017-06-20 17:01:05+02;1329
2017-06-20 17:32:06+02;1319
2017-06-20 18:59:05+02;1319
2017-06-20 20:28:06+02;1299
2017-06-20 22:01:06+02;1439
2017-06-21 05:34:05+02;1389
2017-06-21 08:10:06+02;1369
2017-06-21 09:30:07+02;1339
2017-06-21 11:39:05+02;1329
2017-06-21 12:00:07+02;1369
2017-06-21 14:30:07+02;1319
2017-06-21 16:38:06+02;1309
2017-06-21 17:00:06+02;1329
2017-06-21 17:31:06+02;1329
2017-06-21 20:17:05+02;1299
2017-06-21 22:00:06+02;1439
2017-06-22 05:33:05+02;1389
2017-06-22 07:18:06+02;1369
2017-06-22 09:19:06+02;1309
2017-06-22 12:00:07+02;1349
2017-06-22 14:19:07+02;1329
2017-06-22 14:46:10+02;1309
2017-06-22 16:30:07+02;1299
2017-06-22 17:00:07+02;1319
2017-06-22 17:32:06+02;1309
2017-06-22 20:18:07+02;1279
2017-06-22 22:01:06+02;1419
2017-06-23 05:33:05+02;1369
2017-06-23 07:50:06+02;1359
2017-06-23 07:59:05+02;1359
2017-06-23 08:20:06+02;1349
2017-06-23 09:18:06+02;1329
2017-06-23 11:20:07+02;1319
2017-06-23 12:01:19+02;1359
2017-06-23 14:21:06+02;1329
2017-06-23 14:48:06+02;1329
2017-06-23 15:20:06+02;1329
2017-06-23 16:29:06+02;1309
2017-06-23 17:01:06+02;1329
2017-06-23 17:32:06+02;1309
2017-06-23 19:10:06+02;1309
2017-06-23 19:48:06+02;1299
2017-06-23 20:28:06+02;1279
2017-06-23 22:01:06+02;1419
2017-06-24 06:26:06+02;1399
2017-06-24 08:21:05+02;1359
2017-06-24 09:30:07+02;1329
2017-06-24 09:49:05+02;1329
2017-06-24 10:10:06+02;1309
2017-06-24 11:19:06+02;1299
2017-06-24 12:01:06+02;1339
2017-06-24 14:20:06+02;1329
2017-06-24 14:38:05+02;1329
2017-06-24 15:09:06+02;1289
2017-06-24 17:01:06+02;1309
2017-06-24 20:32:07+02;1289
2017-06-24 22:01:06+02;1429
2017-06-25 07:20:06+02;1399
2017-06-25 08:30:07+02;1379
2017-06-25 10:09:14+02;1329
2017-06-25 11:29:05+02;1319
2017-06-25 12:01:06+02;1359
2017-06-25 12:32:05+02;1359
2017-06-25 14:29:05+02;1339
2017-06-25 15:09:05+02;1289
2017-06-25 17:01:06+02;1309
2017-06-25 20:31:06+02;1289
2017-06-25 22:01:06+02;1429
2017-06-26 05:33:05+02;1369
2017-06-26 08:20:06+02;1349
2017-06-26 09:58:06+02;1349
2017-06-26 10:39:05+02;1329
2017-06-26 11:19:06+02;1309
2017-06-26 12:00:06+02;1349
2017-06-26 14:20:06+02;1339
2017-06-26 14:51:06+02;1319
2017-06-26 17:00:07+02;1339
2017-06-26 17:01:06+02;1329
2017-06-26 17:33:05+02;1319
2017-06-26 19:47:06+02;1309
2017-06-26 20:27:05+02;1279
2017-06-26 22:00:06+02;1419
2017-06-27 05:32:07+02;1369
2017-06-27 08:09:06+02;1349
2017-06-27 08:59:05+02;1339
2017-06-27 09:18:06+02;1319
2017-06-27 10:29:06+02;1309
2017-06-27 12:00:19+02;1349
2017-06-27 12:33:06+02;1339
2017-06-27 14:20:06+02;1319
2017-06-27 15:18:06+02;1309
2017-06-27 17:00:08+02;1329
2017-06-27 17:31:06+02;1319
2017-06-27 20:07:06+02;1299
2017-06-27 20:27:05+02;1279
2017-06-27 22:00:06+02;1419
2017-06-28 05:34:06+02;1369
2017-06-28 08:09:05+02;1349
2017-06-28 10:10:06+02;1339
2017-06-28 10:30:07+02;1319
2017-06-28 12:01:06+02;1359
2017-06-28 12:33:05+02;1329
2017-06-28 14:21:06+02;1299
2017-06-28 17:01:07+02;1319
2017-06-28 18:40:06+02;1319
2017-06-28 19:28:06+02;1309
2017-06-28 20:08:06+02;1299
2017-06-28 20:28:05+02;1279
2017-06-28 22:01:06+02;1419
2017-06-29 05:34:05+02;1369
2017-06-29 07:20:06+02;1349
2017-06-29 09:49:06+02;1329
2017-06-29 10:30:08+02;1329
2017-06-29 10:49:05+02;1309
2017-06-29 11:29:06+02;1309
2017-06-29 12:01:06+02;1349
2017-06-29 12:33:06+02;1329
2017-06-29 14:32:06+02;1309
2017-06-29 17:01:06+02;1329
2017-06-29 17:41:06+02;1329
2017-06-29 18:01:06+02;1309
2017-06-29 18:10:07+02;1309
2017-06-29 19:58:06+02;1299
2017-06-29 20:18:05+02;1279
2017-06-29 22:01:06+02;1419
2017-06-30 05:32:06+02;1369
2017-06-30 07:20:07+02;1289
2017-06-30 12:01:10+02;1329
2017-06-30 14:21:06+02;1289
2017-06-30 17:01:06+02;1309
2017-06-30 17:33:05+02;1299
2017-06-30 20:18:06+02;1279
2017-06-30 22:01:06+02;1419
2017-07-01 06:22:06+02;1399
2017-07-01 08:09:07+02;1379
2017-07-01 08:31:07+02;1359
2017-07-01 09:38:06+02;1339
2017-07-01 10:48:19+02;1339
2017-07-01 11:19:06+02;1329
2017-07-01 12:00:07+02;1369
2017-07-01 12:32:06+02;1359
2017-07-01 14:19:06+02;1319
2017-07-01 14:47:06+02;1299
2017-07-01 17:00:06+02;1319
2017-07-01 17:32:05+02;1309
2017-07-01 20:32:06+02;1289
2017-07-01 22:00:06+02;1429
2017-07-02 07:20:06+02;1399
2017-07-02 08:30:07+02;1379
2017-07-02 08:58:05+02;1359
2017-07-02 09:59:05+02;1319
2017-07-02 10:59:06+02;1299
2017-07-02 12:00:07+02;1339
2017-07-02 14:30:07+02;1299
2017-07-02 15:00:07+02;1289
2017-07-02 17:00:06+02;1309
2017-07-02 20:29:05+02;1289
2017-07-02 22:00:06+02;1429
2017-07-03 05:32:06+02;1369
2017-07-03 07:50:06+02;1349
2017-07-03 10:10:06+02;1309
2017-07-03 12:01:06+02;1349
2017-07-03 12:34:06+02;1339
2017-07-03 14:31:07+02;1309
2017-07-03 16:20:07+02;1299
2017-07-03 17:01:06+02;1319
2017-07-03 17:33:06+02;1309
2017-07-03 19:48:06+02;1299
2017-07-03 20:08:06+02;1299
2017-07-03 20:30:08+02;1269
2017-07-03 22:01:06+02;1409
2017-07-04 05:34:05+02;1359
2017-07-04 07:19:06+02;1339
2017-07-04 09:00:06+02;1329
2017-07-04 09:50:09+02;1279
2017-07-04 10:01:07+02;1279
2017-07-04 11:00:07+02;1269
2017-07-04 12:01:06+02;1329
2017-07-04 14:28:07+02;1289
2017-07-04 15:15:08+02;1279
2017-07-04 17:00:07+02;1299
2017-07-04 17:29:06+02;1299
2017-07-04 18:45:06+02;1289
2017-07-04 20:25:07+02;1279
2017-07-04 22:00:07+02;1419
2017-07-05 05:27:15+02;1369
2017-07-05 05:56:06+02;1359
2017-07-05 08:15:06+02;1349
2017-07-05 09:15:07+02;1299
2017-07-05 12:00:07+02;1339
2017-07-05 12:43:06+02;1339
2017-07-05 14:25:06+02;1319
2017-07-05 14:44:06+02;1309
2017-07-05 15:15:06+02;1299
2017-07-05 17:00:07+02;1319
2017-07-05 17:02:06+02;1309
2017-07-05 17:29:05+02;1299
2017-07-05 19:16:06+02;1299
2017-07-05 20:26:06+02;1279
2017-07-05 22:01:06+02;1419
2017-07-06 05:30:07+02;1369
2017-07-06 05:57:06+02;1369
2017-07-06 07:47:05+02;1349
2017-07-06 08:56:06+02;1339
2017-07-06 09:25:06+02;1319
2017-07-06 09:36:07+02;1319
2017-07-06 09:55:06+02;1299
2017-07-06 10:26:06+02;1299
2017-07-06 11:06:06+02;1299
2017-07-06 11:16:07+02;1279
2017-07-06 11:35:06+02;1279
2017-07-06 12:01:06+02;1339
2017-07-06 14:17:06+02;1299
2017-07-06 15:05:10+02;1279
2017-07-06 17:01:06+02;1299
2017-07-06 20:14:06+02;1299
2017-07-06 20:26:06+02;1279
2017-07-06 20:32:06+02;1279
2017-07-06 22:01:06+02;1419
2017-07-06 22:02:06+02;1439
2017-07-07 05:01:06+02;1419
2017-07-07 05:33:06+02;1369
2017-07-07 05:59:05+02;1369
2017-07-07 07:17:06+02;1349
2017-07-07 07:56:07+02;1279
2017-07-07 10:16:06+02;1279
2017-07-07 11:15:12+02;1279
2017-07-07 12:01:06+02;1339
2017-07-07 14:18:06+02;1299
2017-07-07 14:44:06+02;1279
2017-07-07 17:01:06+02;1299
2017-07-07 20:26:06+02;1279
2017-07-07 22:01:06+02;1419
2017-07-07 22:02:06+02;1439
2017-07-08 05:01:06+02;1419
2017-07-08 06:28:05+02;1399
2017-07-08 06:36:06+02;1399
2017-07-08 08:27:06+02;1379
2017-07-08 08:55:07+02;1339
2017-07-08 09:34:06+02;1339
2017-07-08 10:16:06+02;1319
2017-07-08 10:45:06+02;1309
2017-07-08 10:54:06+02;1309
2017-07-08 11:05:06+02;1299
2017-07-08 12:00:06+02;1339
2017-07-08 14:25:06+02;1289
2017-07-08 17:00:06+02;1309
2017-07-08 20:26:06+02;1289
2017-07-08 22:00:06+02;1429
2017-07-08 22:01:06+02;1449
2017-07-09 05:00:06+02;1429
2017-07-09 07:26:05+02;1399
2017-07-09 08:28:05+02;1379
2017-07-09 09:44:06+02;1299
2017-07-09 12:00:06+02;1339
2017-07-09 14:15:06+02;1299
2017-07-09 14:54:06+02;1279
2017-07-09 17:00:06+02;1299
2017-07-09 19:15:06+02;1299
2017-07-09 20:25:06+02;1279
2017-07-09 22:00:06+02;1419
2017-07-09 22:01:06+02;1439
2017-07-10 05:00:06+02;1419
2017-07-10 05:28:05+02;1359
2017-07-10 09:00:06+02;1309
2017-07-10 10:35:06+02;1269
2017-07-10 12:00:07+02;1309
2017-07-10 14:26:06+02;1289
2017-07-10 15:14:06+02;1279
2017-07-10 17:00:07+02;1299
2017-07-10 18:36:06+02;1289
2017-07-10 20:27:06+02;1269
2017-07-10 22:01:06+02;1409
2017-07-10 22:02:06+02;1429
2017-07-11 05:01:06+02;1409
2017-07-11 05:33:12+02;1359
2017-07-11 07:17:05+02;1289
2017-07-11 12:01:05+02;1329
2017-07-11 12:31:05+02;1319
2017-07-11 14:24:06+02;1309
2017-07-11 15:01:05+02;1279
2017-07-11 17:01:06+02;1299
2017-07-11 18:41:06+02;1299
2017-07-11 20:22:06+02;1279
2017-07-11 22:01:06+02;1419
2017-07-11 22:02:06+02;1439
2017-07-12 05:01:06+02;1419
2017-07-12 05:25:05+02;1369
2017-07-12 07:11:05+02;1349
2017-07-12 08:11:05+02;1289
2017-07-12 09:41:06+02;1269
2017-07-12 11:11:06+02;1269
2017-07-12 11:41:06+02;1269
2017-07-12 12:01:06+02;1319
2017-07-12 12:26:06+02;1319
2017-07-12 14:24:06+02;1289
2017-07-12 14:51:07+02;1279
2017-07-12 17:01:06+02;1299
2017-07-12 18:42:06+02;1289
2017-07-12 20:22:06+02;1269
2017-07-12 22:01:05+02;1409
2017-07-12 22:02:06+02;1429
2017-07-13 05:01:05+02;1409
2017-07-13 05:26:05+02;1359
2017-07-13 07:31:07+02;1339
2017-07-13 09:51:05+02;1339
2017-07-13 10:41:06+02;1319
2017-07-13 10:50:06+02;1319
2017-07-13 11:11:06+02;1299
2017-07-13 12:01:06+02;1339
2017-07-13 12:24:06+02;1329
2017-07-13 14:25:06+02;1309
2017-07-13 15:01:06+02;1289
2017-07-13 17:01:05+02;1309
2017-07-13 19:11:06+02;1299
2017-07-13 20:22:06+02;1279
2017-07-13 22:01:06+02;1419
2017-07-13 22:02:06+02;1439
2017-07-14 05:02:06+02;1419
2017-07-14 05:26:11+02;1369
2017-07-14 07:10:06+02;1359
2017-07-14 07:32:05+02;1349
2017-07-14 08:01:06+02;1349
2017-07-14 08:29:06+02;1329
2017-07-14 08:52:06+02;1319
2017-07-14 10:11:06+02;1299
2017-07-14 12:01:05+02;1339
2017-07-14 12:32:06+02;1339
2017-07-14 14:26:06+02;1309
2017-07-14 15:51:06+02;1299
2017-07-14 16:11:08+02;1289
2017-07-14 17:01:06+02;1309
2017-07-14 17:24:06+02;1299
2017-07-14 20:21:05+02;1279
2017-07-14 22:01:07+02;1419
2017-07-14 22:02:06+02;1439
2017-07-15 05:00:06+02;1419
2017-07-15 06:24:06+02;1399
2017-07-15 08:24:06+02;1379
2017-07-15 09:11:07+02;1359
2017-07-15 09:29:06+02;1349
2017-07-15 09:49:06+02;1339
2017-07-15 10:30:07+02;1319
2017-07-15 11:01:05+02;1319
2017-07-15 11:30:13+02;1299
2017-07-15 12:01:06+02;1339
2017-07-15 14:23:06+02;1319
2017-07-15 15:50:06+02;1289
2017-07-15 17:01:06+02;1309
2017-07-15 20:26:05+02;1289
2017-07-15 22:01:06+02;1429
2017-07-15 22:02:06+02;1449
2017-07-16 05:01:06+02;1429
2017-07-16 07:22:05+02;1399
2017-07-16 08:25:06+02;1379
2017-07-16 09:41:06+02;1339
2017-07-16 10:20:06+02;1329
2017-07-16 11:41:05+02;1309
2017-07-16 12:01:05+02;1349
2017-07-16 14:22:06+02;1329
2017-07-16 14:51:06+02;1319
2017-07-16 17:01:06+02;1339
2017-07-16 17:40:06+02;1329
2017-07-16 18:21:06+02;1309
2017-07-16 20:22:05+02;1289
2017-07-16 22:01:06+02;1429
2017-07-16 22:02:06+02;1449
2017-07-17 05:01:05+02;1429
2017-07-17 05:27:06+02;1369
2017-07-17 07:52:06+02;1349
2017-07-17 11:31:06+02;1329
2017-07-17 12:01:05+02;1369
2017-07-17 14:25:18+02;1329
2017-07-17 17:01:06+02;1349
2017-07-17 17:02:06+02;1339
2017-07-17 19:01:06+02;1319
2017-07-17 20:23:06+02;1299
2017-07-17 22:01:06+02;1439
2017-07-17 22:02:06+02;1459
2017-07-18 05:01:06+02;1439
2017-07-18 05:26:06+02;1349
2017-07-18 10:42:06+02;1339
2017-07-18 12:01:06+02;1379
2017-07-18 12:24:06+02;1359
2017-07-18 14:25:07+02;1329
2017-07-18 16:41:05+02;1319
2017-07-18 17:01:06+02;1339
2017-07-18 17:24:06+02;1329
2017-07-18 17:52:06+02;1319
2017-07-18 19:30:07+02;1319
2017-07-18 20:21:06+02;1299
2017-07-18 22:01:06+02;1439
2017-07-18 22:02:06+02;1459
2017-07-19 05:01:06+02;1439
2017-07-19 05:25:06+02;1349
2017-07-19 10:30:07+02;1339
2017-07-19 11:22:06+02;1319
2017-07-19 12:01:06+02;1359
2017-07-19 14:23:10+02;1339
2017-07-19 17:01:09+02;1359
2017-07-19 17:39:07+02;1319
2017-07-19 20:22:06+02;1299
2017-07-19 22:00:09+02;1439
2017-07-19 22:01:06+02;1459
2017-07-20 05:00:07+02;1439
2017-07-20 07:01:06+02;1379
2017-07-20 08:00:06+02;1349
2017-07-20 08:50:06+02;1349
2017-07-20 09:09:06+02;1349
2017-07-20 10:20:06+02;1339
2017-07-20 11:40:06+02;1329
2017-07-20 12:00:07+02;1369
2017-07-20 14:24:06+02;1329
2017-07-20 14:51:06+02;1319
2017-07-20 16:11:06+02;1299
2017-07-20 17:01:06+02;1319
2017-07-20 17:25:07+02;1309
2017-07-20 17:52:06+02;1299
2017-07-20 20:22:06+02;1279
2017-07-20 22:01:06+02;1419
2017-07-20 22:02:06+02;1439
2017-07-21 05:01:06+02;1419
2017-07-21 07:22:06+02;1379
2017-07-21 08:22:06+02;1349
2017-07-21 09:31:06+02;1349
2017-07-21 10:01:06+02;1349
2017-07-21 11:11:06+02;1319
2017-07-21 12:01:06+02;1359
2017-07-21 12:32:06+02;1339
2017-07-21 14:27:06+02;1319
2017-07-21 15:41:05+02;1309
2017-07-21 17:01:06+02;1329
2017-07-21 17:26:06+02;1309
2017-07-21 17:51:06+02;1309
2017-07-21 20:23:06+02;1289
2017-07-21 22:01:06+02;1429
2017-07-21 22:02:06+02;1449
2017-07-22 02:20:07+02;1449
2017-07-22 05:01:06+02;1429
2017-07-22 10:51:05+02;1359
2017-07-22 11:21:06+02;1329
2017-07-22 12:01:06+02;1369
2017-07-22 12:03:05+02;1349
2017-07-22 14:24:06+02;1339
2017-07-22 14:32:06+02;1329
2017-07-22 16:41:06+02;1319
2017-07-22 17:01:06+02;1339
2017-07-22 17:40:06+02;1329
2017-07-22 19:11:06+02;1319
2017-07-22 20:25:06+02;1299
2017-07-22 22:01:06+02;1439
2017-07-22 22:02:06+02;1459
2017-07-23 05:01:06+02;1439
2017-07-23 07:23:05+02;1419
2017-07-23 08:24:06+02;1399
2017-07-23 10:11:05+02;1369
2017-07-23 11:01:05+02;1359
2017-07-23 12:01:06+02;1399
2017-07-23 12:03:05+02;1369
2017-07-23 14:01:05+02;1359
2017-07-23 14:23:06+02;1319
2017-07-23 14:50:06+02;1309
2017-07-23 16:41:06+02;1299
2017-07-23 17:01:05+02;1319
2017-07-23 20:25:20+02;1299
2017-07-23 22:01:06+02;1439
2017-07-23 22:02:06+02;1459
2017-07-24 05:01:06+02;1439
2017-07-24 07:01:06+02;1389
2017-07-24 08:11:06+02;1359
2017-07-24 10:31:06+02;1339
2017-07-24 11:01:06+02;1309
2017-07-24 12:01:06+02;1349
2017-07-24 12:32:06+02;1339
2017-07-24 14:24:06+02;1329
2017-07-24 14:32:06+02;1319
2017-07-24 17:01:06+02;1339
2017-07-24 17:26:06+02;1319
2017-07-24 17:52:06+02;1299
2017-07-24 20:21:06+02;1279
2017-07-24 22:00:08+02;1419
2017-07-24 22:01:06+02;1439
2017-07-25 05:00:07+02;1419
2017-07-25 07:11:06+02;1389
2017-07-25 08:11:05+02;1359
2017-07-25 10:00:07+02;1349
2017-07-25 10:50:07+02;1339
2017-07-25 11:40:07+02;1319
2017-07-25 12:01:06+02;1359
2017-07-25 14:26:06+02;1319
2017-07-25 16:40:07+02;1319
2017-07-25 17:00:07+02;1339
2017-07-25 17:25:06+02;1329
2017-07-25 17:51:06+02;1299
2017-07-25 19:10:09+02;1289
2017-07-25 20:21:06+02;1269
2017-07-25 22:01:06+02;1409
2017-07-25 22:02:06+02;1429
2017-07-26 05:01:06+02;1409
2017-07-26 07:02:06+02;1389
2017-07-26 08:11:06+02;1359
2017-07-26 10:41:06+02;1349
2017-07-26 11:21:06+02;1319
2017-07-26 12:01:06+02;1359
2017-07-26 14:26:06+02;1319
2017-07-26 14:32:06+02;1289
2017-07-26 17:01:06+02;1309
2017-07-26 17:02:06+02;1299
2017-07-26 17:24:06+02;1289
2017-07-26 17:40:07+02;1289
2017-07-26 20:21:05+02;1269
2017-07-26 22:01:06+02;1409
2017-07-26 22:02:06+02;1429
2017-07-27 05:01:05+02;1409
2017-07-27 07:22:06+02;1389
2017-07-27 08:23:05+02;1389
2017-07-27 08:52:05+02;1359
2017-07-27 10:11:06+02;1339
2017-07-27 11:31:05+02;1319
2017-07-27 12:01:06+02;1359
2017-07-27 12:25:06+02;1339
2017-07-27 14:26:06+02;1339
2017-07-27 14:32:07+02;1299
2017-07-27 16:41:06+02;1289
2017-07-27 17:01:06+02;1309
2017-07-27 17:27:16+02;1299
2017-07-27 17:52:17+02;1299
2017-07-27 20:22:06+02;1279
2017-07-27 22:01:07+02;1419
2017-07-27 22:02:06+02;1439
2017-07-28 05:01:06+02;1419
2017-07-28 07:12:06+02;1379
2017-07-28 08:12:07+02;1349
2017-07-28 10:12:08+02;1349
2017-07-28 10:42:07+02;1329
2017-07-28 11:44:08+02;1329
2017-07-28 12:01:12+02;1369
2017-07-28 12:34:08+02;1349
2017-07-28 14:28:06+02;1309
2017-07-28 14:51:05+02;1309
2017-07-28 15:11:05+02;1309
2017-07-28 17:01:06+02;1329
2017-07-28 17:25:06+02;1309
2017-07-28 18:42:05+02;1289
2017-07-28 20:00:06+02;1289
2017-07-28 20:23:05+02;1279
2017-07-28 22:01:05+02;1419
2017-07-28 22:02:05+02;1439
2017-07-29 05:01:05+02;1419
2017-07-29 06:24:05+02;1399
2017-07-29 08:12:05+02;1379
2017-07-29 08:39:05+02;1339
2017-07-29 09:01:05+02;1329
2017-07-29 09:41:05+02;1319
2017-07-29 12:01:05+02;1359
2017-07-29 12:25:06+02;1349
2017-07-29 14:23:05+02;1309
2017-07-29 17:00:06+02;1329
2017-07-29 17:26:05+02;1309
2017-07-29 20:23:05+02;1289
2017-07-29 22:00:06+02;1429
2017-07-29 22:01:05+02;1449
2017-07-30 05:00:06+02;1429
2017-07-30 07:22:05+02;1399
2017-07-30 08:25:06+02;1379
2017-07-30 08:51:06+02;1379
2017-07-30 09:01:06+02;1369
2017-07-30 09:09:05+02;1369
2017-07-30 09:21:06+02;1339
2017-07-30 10:10:05+02;1319
2017-07-30 12:00:06+02;1359
2017-07-30 12:01:05+02;1349
2017-07-30 14:23:05+02;1309
2017-07-30 17:00:06+02;1329
2017-07-30 17:25:06+02;1309
2017-07-30 18:41:05+02;1309
2017-07-30 20:22:06+02;1289
2017-07-30 22:01:06+02;1429
2017-07-30 22:02:05+02;1449
2017-07-31 05:01:05+02;1429
2017-07-31 05:26:05+02;1369
2017-07-31 06:02:05+02;1369
2017-07-31 08:02:05+02;1349
2017-07-31 09:22:06+02;1319
2017-07-31 10:41:06+02;1299
2017-07-31 12:01:06+02;1339
2017-07-31 12:25:06+02;1339
2017-07-31 14:26:06+02;1299
2017-07-31 15:10:06+02;1299
2017-07-31 16:11:05+02;1289
2017-07-31 17:01:06+02;1309
2017-07-31 18:23:05+02;1299
2017-07-31 18:52:06+02;1289
2017-07-31 19:12:06+02;1289
2017-07-31 20:21:06+02;1289
2017-07-31 22:01:06+02;1429
2017-07-31 22:02:06+02;1449
2017-08-01 05:01:06+02;1429
2017-08-01 05:26:05+02;1369
2017-08-01 08:02:06+02;1349
2017-08-01 09:01:08+02;1339
2017-08-01 09:23:08+02;1309
2017-08-01 11:13:05+02;1299
2017-08-01 12:01:06+02;1349
2017-08-01 14:25:06+02;1299
2017-08-01 16:32:06+02;1289
2017-08-01 17:01:05+02;1309
2017-08-01 17:25:06+02;1299
2017-08-01 20:22:05+02;1289
2017-08-01 22:01:06+02;1429
2017-08-01 22:02:06+02;1449
2017-08-02 05:01:05+02;1429
2017-08-02 05:37:05+02;1379
2017-08-02 06:00:06+02;1379
2017-08-02 08:20:06+02;1299
2017-08-02 12:01:06+02;1349
2017-08-02 14:19:06+02;1319
2017-08-02 14:57:06+02;1299
2017-08-02 16:29:06+02;1289
2017-08-02 17:01:06+02;1309
2017-08-02 17:32:06+02;1299
2017-08-02 19:57:05+02;1299
2017-08-02 20:17:05+02;1299
2017-08-02 20:29:05+02;1289
2017-08-02 22:01:06+02;1429
2017-08-02 22:02:06+02;1449
2017-08-03 05:01:05+02;1429
2017-08-03 05:33:06+02;1379
2017-08-03 07:19:05+02;1369
2017-08-03 07:49:05+02;1359
2017-08-03 08:48:06+02;1349
2017-08-03 09:09:05+02;1339
2017-08-03 10:58:06+02;1329
2017-08-03 11:20:06+02;1319
2017-08-03 12:01:06+02;1359
2017-08-03 12:33:06+02;1349
2017-08-03 14:31:06+02;1309
2017-08-03 16:28:06+02;1279
2017-08-03 17:01:06+02;1299
2017-08-03 17:33:07+02;1289
2017-08-03 19:37:06+02;1289
2017-08-03 20:29:06+02;1279
2017-08-03 22:01:07+02;1419
2017-08-03 22:02:06+02;1439
2017-08-04 05:01:06+02;1419
2017-08-04 05:35:06+02;1379
2017-08-04 06:01:06+02;1369
2017-08-04 07:30:07+02;1359
2017-08-04 08:00:06+02;1299
2017-08-04 08:47:06+02;1289
2017-08-04 10:18:06+02;1289
2017-08-04 11:28:06+02;1279
2017-08-04 12:01:06+02;1349
2017-08-04 14:20:06+02;1289
2017-08-04 15:19:06+02;1289
2017-08-04 15:29:06+02;1279
2017-08-04 17:01:06+02;1299
2017-08-04 18:30:07+02;1289
2017-08-04 20:30:07+02;1279
2017-08-04 22:01:06+02;1419
2017-08-04 22:02:06+02;1439
2017-08-05 05:01:05+02;1419
2017-08-05 06:23:05+02;1409
2017-08-05 08:18:05+02;1379
2017-08-05 08:31:05+02;1379
2017-08-05 08:46:12+02;1359
2017-08-05 08:59:05+02;1359
2017-08-05 09:09:06+02;1349
2017-08-05 09:18:14+02;1349
2017-08-05 10:08:21+02;1339
2017-08-05 11:29:06+02;1289
2017-08-05 12:01:06+02;1349
2017-08-05 14:19:06+02;1289
2017-08-05 17:01:06+02;1309
2017-08-05 20:30:07+02;1289
2017-08-05 22:01:05+02;1429
2017-08-05 22:02:05+02;1449
2017-08-06 05:01:06+02;1429
2017-08-06 07:20:06+02;1409
2017-08-06 08:30:07+02;1389
2017-08-06 09:08:05+02;1379
2017-08-06 09:48:06+02;1379
2017-08-06 10:08:05+02;1359
2017-08-06 11:38:05+02;1349
2017-08-06 12:01:05+02;1389
2017-08-06 12:32:05+02;1369
2017-08-06 14:30:07+02;1329
2017-08-06 14:59:05+02;1319
2017-08-06 15:18:10+02;1309
2017-08-06 17:01:05+02;1329
2017-08-06 18:49:05+02;1319
2017-08-06 20:30:07+02;1299
2017-08-06 22:01:05+02;1439
2017-08-06 22:02:06+02;1459
2017-08-07 05:00:06+02;1439
2017-08-07 05:33:06+02;1379
2017-08-07 07:19:05+02;1359
2017-08-07 09:29:05+02;1349
2017-08-07 09:49:06+02;1329
2017-08-07 10:09:06+02;1329
2017-08-07 10:49:06+02;1289
2017-08-07 12:01:06+02;1349
2017-08-07 14:21:06+02;1309
2017-08-07 14:47:06+02;1289
2017-08-07 17:01:06+02;1309
2017-08-07 20:30:07+02;1289
2017-08-07 22:01:06+02;1429
2017-08-07 22:02:06+02;1449
2017-08-08 05:01:06+02;1429
2017-08-08 05:35:06+02;1379
2017-08-08 07:20:06+02;1359
2017-08-08 08:38:06+02;1329
2017-08-08 10:19:06+02;1299
2017-08-08 12:01:06+02;1349
2017-08-08 14:21:06+02;1329
2017-08-08 14:48:17+02;1309
2017-08-08 15:59:06+02;1289
2017-08-08 17:01:08+02;1309
2017-08-08 17:35:23+02;1299
2017-08-08 18:30:07+02;1299
2017-08-08 20:30:07+02;1289
2017-08-08 22:01:06+02;1429
2017-08-08 22:02:06+02;1449
2017-08-09 05:01:05+02;1429
2017-08-09 05:34:05+02;1379
2017-08-09 06:50:06+02;1369
2017-08-09 07:49:05+02;1359
2017-08-09 08:47:05+02;1349
2017-08-09 09:38:05+02;1319
2017-08-09 12:00:06+02;1359
2017-08-09 12:01:05+02;1349
2017-08-09 12:47:06+02;1349
2017-08-09 14:20:06+02;1319
2017-08-09 14:46:06+02;1309
2017-08-09 15:18:05+02;1299
2017-08-09 17:00:06+02;1319
2017-08-09 17:33:06+02;1319
2017-08-09 18:30:07+02;1309
2017-08-09 20:30:07+02;1289
2017-08-09 22:01:06+02;1429
2017-08-09 22:02:05+02;1449
2017-08-10 05:01:06+02;1429
2017-08-10 05:34:13+02;1379
2017-08-10 07:20:19+02;1349
2017-08-10 08:36:07+02;1349
2017-08-10 09:10:06+02;1339
2017-08-10 10:09:05+02;1309
2017-08-10 10:49:05+02;1289
2017-08-10 12:01:05+02;1349
2017-08-10 14:20:06+02;1309
2017-08-10 15:00:06+02;1289
2017-08-10 17:01:06+02;1309
2017-08-10 20:30:07+02;1289
2017-08-10 22:01:06+02;1429
2017-08-10 22:02:06+02;1449
2017-08-11 05:01:06+02;1429
2017-08-11 05:35:05+02;1379
2017-08-11 07:31:06+02;1359
2017-08-11 08:31:06+02;1349
2017-08-11 09:40:06+02;1339
2017-08-11 11:30:07+02;1329
2017-08-11 12:01:05+02;1369
2017-08-11 12:03:05+02;1359
2017-08-11 14:22:06+02;1299
2017-08-11 17:01:05+02;1319
2017-08-11 17:33:09+02;1309
2017-08-11 20:30:10+02;1289
2017-08-11 22:01:06+02;1429
2017-08-11 22:02:06+02;1449
2017-08-12 05:01:05+02;1429
2017-08-12 06:25:06+02;1409
2017-08-12 07:10:06+02;1399
2017-08-12 08:10:06+02;1379
2017-08-12 08:32:06+02;1359
2017-08-12 09:00:06+02;1349
2017-08-12 09:49:05+02;1329
2017-08-12 10:09:06+02;1309
2017-08-12 10:59:05+02;1299
2017-08-12 11:19:05+02;1299
2017-08-12 12:01:05+02;1349
2017-08-12 14:21:05+02;1299
2017-08-12 17:01:05+02;1319
2017-08-12 20:31:06+02;1299
2017-08-12 22:01:06+02;1439
2017-08-12 22:02:05+02;1459
2017-08-13 05:01:06+02;1439
2017-08-13 07:21:05+02;1409
2017-08-13 08:32:06+02;1389
2017-08-13 08:59:05+02;1379
2017-08-13 09:39:05+02;1359
2017-08-13 10:09:06+02;1339
2017-08-13 12:01:05+02;1379
2017-08-13 12:02:05+02;1369
2017-08-13 12:34:05+02;1359
2017-08-13 14:32:18+02;1289
2017-08-13 16:09:06+02;1289
2017-08-13 17:01:06+02;1309
2017-08-13 20:30:07+02;1289
2017-08-13 22:01:06+02;1429
2017-08-13 22:02:06+02;1449
2017-08-14 05:00:06+02;1429
2017-08-14 05:33:06+02;1379
2017-08-14 06:49:05+02;1369
2017-08-14 07:18:06+02;1359
2017-08-14 08:31:05+02;1349
2017-08-14 09:19:05+02;1339
2017-08-14 09:38:05+02;1329
2017-08-14 10:29:05+02;1329
2017-08-14 10:48:06+02;1319
2017-08-14 12:00:06+02;1359
2017-08-14 12:01:24+02;1349
2017-08-14 14:19:06+02;1289
2017-08-14 17:00:06+02;1309
2017-08-14 19:57:06+02;1309
2017-08-14 20:18:06+02;1309
2017-08-14 20:30:07+02;1289
2017-08-14 22:01:06+02;1429
2017-08-14 22:02:06+02;1449
2017-08-15 05:01:05+02;1429
2017-08-15 05:36:06+02;1379
2017-08-15 07:31:06+02;1359
2017-08-15 08:40:06+02;1329
2017-08-15 09:00:06+02;1319
2017-08-15 11:30:07+02;1309
2017-08-15 12:01:06+02;1349
2017-08-15 14:20:06+02;1309
2017-08-15 14:50:06+02;1299
2017-08-15 17:01:06+02;1319
2017-08-15 18:10:06+02;1309
2017-08-15 20:30:07+02;1289
2017-08-15 22:01:06+02;1429
2017-08-15 22:02:06+02;1449
2017-08-16 05:01:06+02;1429
2017-08-16 05:36:06+02;1379
2017-08-16 07:20:06+02;1359
2017-08-16 08:31:05+02;1329
2017-08-16 09:20:06+02;1319
2017-08-16 09:41:06+02;1309
2017-08-16 12:01:06+02;1349
2017-08-16 12:02:06+02;1339
2017-08-16 14:22:06+02;1289
2017-08-16 14:47:06+02;1289
2017-08-16 17:01:06+02;1309
2017-08-16 20:30:07+02;1289
2017-08-16 22:01:06+02;1429
2017-08-16 22:02:06+02;1449
2017-08-17 05:00:06+02;1429
2017-08-17 05:34:06+02;1379
2017-08-17 07:18:06+02;1359
2017-08-17 08:46:06+02;1339
2017-08-17 09:09:05+02;1329
2017-08-17 09:59:06+02;1319
2017-08-17 12:00:06+02;1359
2017-08-17 12:38:07+02;1349
2017-08-17 14:30:06+02;1309
2017-08-17 17:00:14+02;1329
2017-08-17 17:30:12+02;1319
2017-08-17 19:15:09+02;1309
2017-08-17 20:26:07+02;1289
2017-08-17 22:00:13+02;1429
2017-08-17 22:01:07+02;1449
2017-08-18 05:00:11+02;1429
2017-08-18 05:30:12+02;1379
2017-08-18 08:43:08+02;1359
2017-08-18 09:05:11+02;1339
2017-08-18 09:24:09+02;1329
2017-08-18 09:35:10+02;1329
2017-08-18 12:00:12+02;1369
2017-08-18 12:01:09+02;1359
2017-08-18 14:26:14+02;1319
2017-08-18 17:00:17+02;1339
2017-08-18 17:30:22+02;1329
2017-08-18 20:04:10+02;1309
2017-08-18 20:30:15+02;1289
2017-08-18 22:00:15+02;1429
2017-08-18 22:02:08+02;1449
2017-08-19 05:01:08+02;1429
2017-08-19 06:29:07+02;1409
2017-08-19 08:29:08+02;1389
2017-08-19 08:56:09+02;1349
2017-08-19 09:15:13+02;1339
2017-08-19 09:46:09+02;1329
2017-08-19 10:25:08+02;1319
2017-08-19 12:01:10+02;1359
2017-08-19 12:02:09+02;1359
2017-08-19 14:27:09+02;1319
2017-08-19 15:16:08+02;1309
2017-08-19 17:01:07+02;1329
2017-08-19 18:16:09+02;1319
2017-08-19 20:28:09+02;1299
2017-08-19 22:01:09+02;1439
2017-08-19 22:02:08+02;1459
2017-08-20 05:01:08+02;1439
2017-08-20 07:27:10+02;1349
2017-08-20 08:29:08+02;1329
2017-08-20 09:06:10+02;1319
2017-08-20 11:06:10+02;1299
2017-08-20 12:01:09+02;1339
2017-08-20 14:27:10+02;1299
2017-08-20 17:01:08+02;1319
2017-08-20 20:28:29+02;1299
2017-08-20 22:01:08+02;1439
2017-08-20 22:02:08+02;1459
2017-08-21 05:01:07+02;1439
2017-08-21 05:31:07+02;1379
2017-08-21 05:57:07+02;1319
2017-08-21 09:36:16+02;1309
2017-08-21 12:01:12+02;1349
2017-08-21 12:44:11+02;1339
2017-08-21 14:17:13+02;1299
2017-08-21 14:44:10+02;1289
2017-08-21 17:01:13+02;1309
2017-08-21 19:16:13+02;1309
2017-08-21 20:27:09+02;1289
2017-08-21 22:01:08+02;1429
2017-08-21 22:02:08+02;1449
2017-08-22 05:01:07+02;1429
2017-08-22 05:31:07+02;1379
2017-08-22 07:16:07+02;1359
2017-08-22 08:44:08+02;1339
2017-08-22 09:04:09+02;1329
2017-08-22 10:05:14+02;1329
2017-08-22 11:15:15+02;1319
2017-08-22 12:00:14+02;1359
2017-08-22 12:44:10+02;1349
2017-08-22 14:27:12+02;1319
2017-08-22 15:05:12+02;1309
2017-08-22 17:00:15+02;1329
2017-08-22 17:29:09+02;1329
2017-08-22 18:46:11+02;1319
2017-08-22 19:23:08+02;1309
2017-08-22 20:26:09+02;1289
2017-08-22 22:00:12+02;1429
2017-08-22 22:01:09+02;1449
2017-08-23 05:00:11+02;1429
2017-08-23 05:30:11+02;1379
2017-08-23 07:35:10+02;1359
2017-08-23 09:35:09+02;1319
2017-08-23 12:00:15+02;1359
2017-08-23 14:25:13+02;1319
2017-08-23 14:54:11+02;1309
2017-08-23 17:00:14+02;1329
2017-08-23 17:29:10+02;1319
2017-08-23 19:04:25+02;1309
2017-08-23 20:26:08+02;1289
2017-08-23 22:00:14+02;1429
2017-08-23 22:01:09+02;1449
2017-08-24 03:33:06+02;1449
2017-08-24 05:01:05+02;1429
2017-08-24 05:32:05+02;1379
2017-08-24 07:36:06+02;1359
2017-08-24 09:06:06+02;1349
2017-08-24 10:36:06+02;1329
2017-08-24 11:36:06+02;1319
2017-08-24 12:01:06+02;1359
2017-08-24 12:02:06+02;1349
2017-08-24 12:29:05+02;1349
2017-08-24 14:27:06+02;1329
2017-08-24 14:57:06+02;1309
2017-08-24 16:47:05+02;1299
2017-08-24 17:01:06+02;1319
2017-08-24 17:31:06+02;1309
2017-08-24 20:26:05+02;1289
2017-08-24 22:01:06+02;1429
2017-08-24 22:02:06+02;1449
2017-08-25 05:01:06+02;1429
2017-08-25 05:31:05+02;1379
2017-08-25 06:46:05+02;1339
2017-08-25 08:44:05+02;1329
2017-08-25 09:36:06+02;1319
2017-08-25 12:01:05+02;1359
2017-08-25 12:30:07+02;1339
2017-08-25 14:17:06+02;1319
2017-08-25 14:44:06+02;1309
2017-08-25 17:01:06+02;1329
2017-08-25 17:30:07+02;1319
2017-08-25 19:16:06+02;1319
2017-08-25 20:27:05+02;1299
2017-08-25 22:01:05+02;1439
2017-08-25 22:02:06+02;1459
2017-08-26 05:01:08+02;1439
2017-08-26 06:31:14+02;1419
2017-08-26 08:29:05+02;1399
2017-08-26 08:57:08+02;1379
2017-08-26 09:27:06+02;1359
2017-08-26 10:46:05+02;1329
2017-08-26 12:01:05+02;1369
2017-08-26 12:30:06+02;1369
2017-08-26 14:17:06+02;1319
2017-08-26 15:16:05+02;1309
2017-08-26 17:01:05+02;1329
2017-08-26 17:30:07+02;1329
2017-08-26 20:27:05+02;1309
2017-08-26 22:01:05+02;1449
2017-08-26 22:02:06+02;1469
2017-08-27 05:00:07+02;1449
2017-08-27 07:26:05+02;1419
2017-08-27 08:29:05+02;1399
2017-08-27 08:55:06+02;1399
2017-08-27 09:05:06+02;1389
2017-08-27 09:15:06+02;1389
2017-08-27 09:26:05+02;1359
2017-08-27 10:14:05+02;1339
2017-08-27 12:00:06+02;1379
2017-08-27 12:01:06+02;1379
2017-08-27 12:29:05+02;1379
2017-08-27 14:16:06+02;1339
2017-08-27 14:44:05+02;1319
2017-08-27 15:15:06+02;1309
2017-08-27 17:00:06+02;1329
2017-08-27 18:26:06+02;1329
2017-08-27 20:26:06+02;1309
2017-08-27 22:00:06+02;1449
2017-08-27 22:01:06+02;1469
2017-08-28 05:00:06+02;1449
2017-08-28 05:29:05+02;1389
2017-08-28 07:15:06+02;1369
2017-08-28 08:16:05+02;1369
2017-08-28 09:35:12+02;1359
2017-08-28 12:00:07+02;1399
2017-08-28 12:28:06+02;1369
2017-08-28 14:27:06+02;1359
2017-08-28 14:55:06+02;1329
2017-08-28 16:46:06+02;1319
2017-08-28 17:00:06+02;1339
2017-08-28 17:30:07+02;1319
2017-08-28 20:26:06+02;1299
2017-08-28 22:01:05+02;1439
2017-08-28 22:02:06+02;1459
2017-08-29 05:01:06+02;1439
2017-08-29 05:31:06+02;1389
2017-08-29 05:58:05+02;1379
2017-08-29 07:27:06+02;1369
2017-08-29 09:06:06+02;1359
2017-08-29 09:46:05+02;1329
2017-08-29 12:01:06+02;1369
2017-08-29 14:17:05+02;1339
2017-08-29 14:45:07+02;1309
2017-08-29 15:05:06+02;1299
2017-08-29 17:01:06+02;1319
2017-08-29 17:31:06+02;1319
2017-08-29 20:27:15+02;1299
2017-08-29 22:01:06+02;1439
2017-08-29 22:02:05+02;1459
2017-08-30 05:01:06+02;1439
2017-08-30 05:31:08+02;1389
2017-08-30 07:16:06+02;1369
2017-08-30 08:28:05+02;1319
2017-08-30 09:16:05+02;1309
2017-08-30 12:01:07+02;1349
2017-08-30 14:18:06+02;1319
2017-08-30 17:01:06+02;1349
2017-08-30 18:28:06+02;1339
2017-08-30 19:17:06+02;1309
2017-08-30 19:45:06+02;1309
2017-08-30 22:01:06+02;1449
2017-08-30 22:02:06+02;1469
2017-08-31 05:01:06+02;1449
2017-08-31 05:31:05+02;1389
2017-08-31 05:58:05+02;1379
2017-08-31 07:47:05+02;1369
2017-08-31 08:17:06+02;1359
2017-08-31 08:45:06+02;1309
2017-08-31 12:01:06+02;1369
2017-08-31 12:02:06+02;1369
2017-08-31 12:30:07+02;1369
2017-08-31 14:18:06+02;1319
2017-08-31 14:44:07+02;1319
2017-08-31 17:01:06+02;1349
2017-08-31 17:02:06+02;1349
2017-08-31 17:31:06+02;1349
2017-08-31 18:37:06+02;1339
2017-08-31 19:26:06+02;1319
2017-08-31 22:00:06+02;1469
2017-08-31 22:01:06+02;1489
2017-09-01 05:00:06+02;1469
2017-09-01 05:29:06+02;1399
2017-09-01 05:57:06+02;1389
2017-09-01 06:16:06+02;1389
2017-09-01 07:15:06+02;1369
2017-09-01 08:27:07+02;1329
2017-09-01 08:44:06+02;1329
2017-09-01 09:16:06+02;1319
2017-09-01 09:35:07+02;1319
2017-09-01 10:55:06+02;1319
2017-09-01 12:00:06+02;1389
2017-09-01 14:27:06+02;1339
2017-09-01 14:56:06+02;1339
2017-09-01 17:00:07+02;1369
2017-09-01 17:30:08+02;1339
2017-09-01 18:56:06+02;1339
2017-09-01 19:16:06+02;1339
2017-09-01 22:00:07+02;1489
2017-09-01 22:01:06+02;1509
2017-09-02 05:00:06+02;1489
2017-09-02 06:28:05+02;1429
2017-09-02 08:16:05+02;1349
2017-09-02 08:35:06+02;1349
2017-09-02 09:15:06+02;1339
2017-09-02 10:05:06+02;1339
2017-09-02 11:16:05+02;1339
2017-09-02 12:00:06+02;1399
2017-09-02 14:16:06+02;1339
2017-09-02 14:45:06+02;1339
2017-09-02 17:00:06+02;1369
2017-09-02 17:29:06+02;1349
2017-09-02 19:29:05+02;1339
2017-09-02 22:00:06+02;1489
2017-09-02 22:01:06+02;1509
2017-09-03 05:01:07+02;1489
2017-09-03 07:28:05+02;1449
2017-09-03 08:29:05+02;1429
2017-09-03 08:36:06+02;1419
2017-09-03 08:56:06+02;1409
2017-09-03 09:17:06+02;1349
2017-09-03 10:56:06+02;1349
2017-09-03 11:17:06+02;1339
2017-09-03 12:01:06+02;1399
2017-09-03 14:17:06+02;1339
2017-09-03 14:45:06+02;1339
2017-09-03 17:01:15+02;1369
2017-09-03 17:30:07+02;1349
2017-09-03 19:29:06+02;1339
2017-09-03 22:01:06+02;1489
2017-09-03 22:02:06+02;1509
2017-09-04 05:01:06+02;1489
2017-09-04 05:31:06+02;1419
2017-09-04 05:58:05+02;1399
2017-09-04 06:29:05+02;1399
2017-09-04 07:47:06+02;1389
2017-09-04 08:29:06+02;1339
2017-09-04 09:06:06+02;1339
2017-09-04 10:17:06+02;1339
2017-09-04 12:01:11+02;1399
2017-09-04 14:29:06+02;1339
2017-09-04 14:57:06+02;1329
2017-09-04 16:17:05+02;1329
2017-09-04 17:01:06+02;1359
2017-09-04 17:31:06+02;1339
2017-09-04 19:16:06+02;1329
2017-09-04 20:15:06+02;1329
2017-09-04 22:01:06+02;1489
2017-09-04 22:02:06+02;1509
2017-09-05 05:01:06+02;1489
2017-09-05 05:29:06+02;1419
2017-09-05 06:15:06+02;1399
2017-09-05 07:16:06+02;1389
2017-09-05 08:16:06+02;1389
2017-09-05 08:26:06+02;1369
2017-09-05 08:56:05+02;1359
2017-09-05 09:25:06+02;1349
2017-09-05 09:46:06+02;1339
2017-09-05 10:16:05+02;1329
2017-09-05 12:01:06+02;1399
2017-09-05 14:26:06+02;1349
2017-09-05 14:53:06+02;1329
2017-09-05 17:01:06+02;1359
2017-09-05 19:03:06+02;1349
2017-09-05 19:24:06+02;1319
2017-09-05 22:01:06+02;1489
2017-09-05 22:02:06+02;1509
2017-09-06 05:01:06+02;1489
2017-09-06 05:28:05+02;1419
2017-09-06 06:13:05+02;1409
2017-09-06 07:03:06+02;1409
2017-09-06 07:33:06+02;1389
2017-09-06 08:13:05+02;1359
2017-09-06 09:13:05+02;1349
2017-09-06 09:37:06+02;1339
2017-09-06 11:03:06+02;1329
2017-09-06 12:01:06+02;1389
2017-09-06 14:27:05+02;1359
2017-09-06 14:33:06+02;1349
2017-09-06 15:03:06+02;1329
2017-09-06 17:01:05+02;1359
2017-09-06 19:23:06+02;1329
2017-09-06 22:01:06+02;1489
2017-09-06 22:02:06+02;1509
2017-09-07 05:01:06+02;1489
2017-09-07 05:28:06+02;1419
2017-09-07 07:13:06+02;1389
2017-09-07 08:31:07+02;1379
2017-09-07 08:53:05+02;1379
2017-09-07 09:23:05+02;1349
2017-09-07 09:43:06+02;1339
2017-09-07 10:13:06+02;1339
2017-09-07 11:03:06+02;1329
2017-09-07 11:12:06+02;1329
2017-09-07 12:01:06+02;1389
2017-09-07 14:25:06+02;1359
2017-09-07 14:34:06+02;1349
2017-09-07 15:02:06+02;1329
2017-09-07 17:01:06+02;1359
2017-09-07 17:26:06+02;1349
2017-09-07 19:23:05+02;1329
2017-09-07 22:01:13+02;1489
2017-09-07 22:02:06+02;1509
2017-09-08 05:01:06+02;1489
2017-09-08 05:28:09+02;1419
2017-09-08 05:56:06+02;1399
2017-09-08 06:42:30+02;1399
2017-09-08 07:13:06+02;1389
2017-09-08 08:41:07+02;1389
2017-09-08 09:23:06+02;1349
2017-09-08 10:14:06+02;1339
2017-09-08 11:13:06+02;1339
2017-09-08 12:01:06+02;1389
2017-09-08 14:26:06+02;1359
2017-09-08 14:34:06+02;1349
2017-09-08 15:03:06+02;1339
2017-09-08 17:01:06+02;1369
2017-09-08 19:23:05+02;1339
2017-09-08 22:01:06+02;1489
2017-09-08 22:02:06+02;1509
2017-09-09 05:01:06+02;1489
2017-09-09 06:27:06+02;1459
2017-09-09 07:04:06+02;1459
2017-09-09 07:12:05+02;1449
2017-09-09 08:13:05+02;1379
2017-09-09 08:30:07+02;1359
2017-09-09 09:43:06+02;1349
2017-09-09 10:23:05+02;1349
2017-09-09 11:22:06+02;1349
2017-09-09 12:01:05+02;1389
2017-09-09 14:25:06+02;1379
2017-09-09 14:33:06+02;1369
2017-09-09 14:53:06+02;1359
2017-09-09 15:12:06+02;1349
2017-09-09 15:23:05+02;1349
2017-09-09 17:01:05+02;1379
2017-09-09 19:29:05+02;1349
2017-09-09 20:32:06+02;1339
2017-09-09 22:01:06+02;1489
2017-09-09 22:02:06+02;1509
2017-09-10 07:55:06+02;1409
2017-09-10 08:25:06+02;1389
2017-09-10 08:32:22+02;1379
2017-09-10 11:03:06+02;1349
2017-09-10 11:22:06+02;1349
2017-09-10 12:01:06+02;1389
2017-09-10 14:25:06+02;1379
2017-09-10 14:33:06+02;1369
2017-09-10 14:52:05+02;1359
2017-09-10 15:52:05+02;1349
2017-09-10 16:13:05+02;1349
2017-09-10 17:01:06+02;1379
2017-09-10 17:27:06+02;1379
2017-09-10 19:24:06+02;1349
2017-09-10 22:01:06+02;1489
2017-09-10 22:02:05+02;1509
2017-09-11 05:01:06+02;1489
2017-09-11 05:29:06+02;1429
2017-09-11 05:56:06+02;1429
2017-09-11 06:42:06+02;1379
2017-09-11 08:23:05+02;1349
2017-09-11 09:23:06+02;1339
2017-09-11 10:12:06+02;1339
2017-09-11 11:13:05+02;1339
2017-09-11 12:01:06+02;1389
2017-09-11 14:26:06+02;1369
2017-09-11 14:33:06+02;1339
2017-09-11 14:51:06+02;1339
2017-09-11 17:02:22+02;1369
2017-09-11 19:21:06+02;1339
2017-09-11 22:01:06+02;1479
2017-09-11 22:02:06+02;1499
2017-09-12 05:01:05+02;1479
2017-09-12 05:27:06+02;1429
2017-09-12 05:53:07+02;1419
2017-09-12 06:40:07+02;1419
2017-09-12 07:51:06+02;1399
2017-09-12 08:22:06+02;1369
2017-09-12 08:30:07+02;1349
2017-09-12 12:01:06+02;1389
2017-09-12 12:25:06+02;1379
2017-09-12 14:25:06+02;1369
2017-09-12 14:31:07+02;1359
2017-09-12 14:51:06+02;1339
2017-09-12 17:01:06+02;1369
2017-09-12 17:25:06+02;1369
2017-09-12 19:23:05+02;1339
2017-09-12 22:01:06+02;1479
2017-09-12 22:02:06+02;1499
2017-09-13 05:01:06+02;1479
2017-09-13 05:30:07+02;1429
2017-09-13 06:02:06+02;1419
2017-09-13 06:40:06+02;1419
2017-09-13 07:12:06+02;1409
2017-09-13 08:02:09+02;1359
2017-09-13 09:22:06+02;1349
2017-09-13 11:01:06+02;1339
2017-09-13 11:11:05+02;1339
2017-09-13 12:01:06+02;1379
2017-09-13 14:23:05+02;1369
2017-09-13 14:33:05+02;1359
2017-09-13 15:51:06+02;1349
2017-09-13 17:01:06+02;1379
2017-09-13 17:02:05+02;1369
2017-09-13 17:24:06+02;1369
2017-09-13 17:32:06+02;1359
2017-09-13 19:21:05+02;1339
2017-09-13 22:01:06+02;1479
2017-09-13 22:02:06+02;1499
2017-09-14 05:02:06+02;1479
2017-09-14 05:29:05+02;1429
2017-09-14 06:40:06+02;1429
2017-09-14 07:51:06+02;1409
2017-09-14 08:29:05+02;1399
2017-09-14 08:51:05+02;1379
2017-09-14 09:11:06+02;1339
2017-09-14 12:01:06+02;1379
2017-09-14 14:23:06+02;1369
2017-09-14 14:31:06+02;1359
2017-09-14 14:59:05+02;1339
2017-09-14 17:00:07+02;1369
2017-09-14 17:23:06+02;1359
2017-09-14 19:00:11+02;1349
2017-09-14 19:21:19+02;1319
2017-09-14 22:00:07+02;1489
2017-09-14 22:01:07+02;1509
2017-09-15 05:01:06+02;1489
2017-09-15 05:27:06+02;1409
2017-09-15 07:11:06+02;1379
2017-09-15 08:11:06+02;1339
2017-09-15 09:10:07+02;1339
2017-09-15 09:21:07+02;1329
2017-09-15 12:01:05+02;1369
2017-09-15 14:27:06+02;1359
2017-09-15 14:32:06+02;1329
2017-09-15 15:01:05+02;1329
2017-09-15 17:01:06+02;1359
2017-09-15 19:11:05+02;1359
2017-09-15 19:22:05+02;1329
2017-09-15 19:28:06+02;1329
2017-09-15 19:49:06+02;1319
2017-09-15 22:01:06+02;1489
2017-09-15 22:02:06+02;1509
2017-09-16 05:01:06+02;1489
2017-09-16 06:24:06+02;1439
2017-09-16 06:53:06+02;1439
2017-09-16 08:24:06+02;1419
2017-09-16 08:31:05+02;1409
2017-09-16 09:11:05+02;1409
2017-09-16 09:40:06+02;1359
2017-09-16 10:31:06+02;1349
2017-09-16 10:50:06+02;1349
2017-09-16 12:02:18+02;1389
2017-09-16 12:23:05+02;1389
2017-09-16 14:24:06+02;1379
2017-09-16 14:31:06+02;1369
2017-09-16 14:50:06+02;1349
2017-09-16 17:01:06+02;1379
2017-09-16 17:24:06+02;1379
2017-09-16 19:24:06+02;1349
2017-09-16 22:01:06+02;1489
2017-09-16 22:02:06+02;1509
2017-09-17 05:01:06+02;1489
2017-09-17 07:23:05+02;1459
2017-09-17 08:25:06+02;1439
2017-09-17 09:11:05+02;1429
2017-09-17 10:01:06+02;1419
2017-09-17 10:30:07+02;1409
2017-09-17 10:50:06+02;1399
2017-09-17 11:10:06+02;1379
2017-09-17 11:30:08+02;1349
2017-09-17 12:01:05+02;1389
2017-09-17 12:31:06+02;1389
2017-09-17 14:23:06+02;1369
2017-09-17 14:50:06+02;1359
2017-09-17 15:51:06+02;1349
2017-09-17 16:00:06+02;1349
2017-09-17 16:11:05+02;1339
2017-09-17 16:41:06+02;1329
2017-09-17 17:01:06+02;1359
2017-09-17 17:24:06+02;1359
2017-09-17 19:22:06+02;1329
2017-09-17 22:01:11+02;1489
2017-09-17 22:02:06+02;1509
2017-09-18 05:01:06+02;1489
2017-09-18 05:26:05+02;1409
2017-09-18 05:52:06+02;1409
2017-09-18 07:11:06+02;1389
2017-09-18 08:12:06+02;1339
2017-09-18 09:21:05+02;1329
2017-09-18 11:01:06+02;1329
2017-09-18 13:02:06+02;1369
2017-09-18 14:24:06+02;1349
2017-09-18 15:51:06+02;1329
2017-09-18 17:01:06+02;1359
2017-09-18 17:27:06+02;1349
2017-09-18 19:22:06+02;1319
2017-09-18 22:01:06+02;1489
2017-09-18 22:02:06+02;1509
2017-09-19 05:01:06+02;1489
2017-09-19 05:25:06+02;1409
2017-09-19 07:10:06+02;1409
2017-09-19 08:11:06+02;1339
2017-09-19 08:32:07+02;1329
2017-09-19 09:02:06+02;1329
2017-09-19 10:32:06+02;1329
2017-09-19 12:01:06+02;1369
2017-09-19 14:26:06+02;1349
2017-09-19 14:51:06+02;1339
2017-09-19 17:01:10+02;1369
2017-09-19 17:24:20+02;1369
2017-09-19 17:51:18+02;1359
2017-09-19 18:40:06+02;1349
2017-09-19 19:20:06+02;1319
2017-09-19 22:00:06+02;1479
2017-09-19 22:01:06+02;1499
2017-09-19 23:16:20+02;1499
2017-09-20 05:00:06+02;1479
2017-09-20 05:24:05+02;1409
2017-09-20 06:39:06+02;1409
2017-09-20 07:10:06+02;1389
2017-09-20 08:11:06+02;1339
2017-09-20 09:10:06+02;1339
2017-09-20 09:21:06+02;1329
2017-09-20 09:31:06+02;1329
2017-09-20 12:01:06+02;1369
2017-09-20 14:25:06+02;1349
2017-09-20 15:51:06+02;1339
2017-09-20 17:01:06+02;1369
2017-09-20 17:02:06+02;1359
2017-09-20 17:26:06+02;1359
2017-09-20 17:33:06+02;1349
2017-09-20 19:22:05+02;1329
2017-09-20 20:40:06+02;1329
2017-09-20 22:01:06+02;1469
2017-09-20 22:02:06+02;1489
2017-09-21 05:01:06+02;1469
2017-09-21 05:27:05+02;1419
2017-09-21 06:11:05+02;1409
2017-09-21 06:40:06+02;1409
2017-09-21 07:31:06+02;1399
2017-09-21 08:12:05+02;1339
2017-09-21 08:40:06+02;1329
2017-09-21 09:32:06+02;1329
2017-09-21 12:01:06+02;1369
2017-09-21 14:28:05+02;1349
2017-09-21 14:51:14+02;1329
2017-09-21 17:01:06+02;1359
2017-09-21 17:25:06+02;1359
2017-09-21 18:32:06+02;1349
2017-09-21 19:22:06+02;1319
2017-09-21 22:01:07+02;1469
2017-09-21 22:02:14+02;1489
