2014-11-10 16:33:00+01;1419
2014-11-10 23:01:00+01;1579
2014-11-11 05:33:00+01;1519
2014-11-11 06:41:00+01;1479
2014-11-11 08:45:00+01;1469
2014-11-11 08:57:00+01;1459
2014-11-11 14:09:00+01;1449
2014-11-11 14:37:00+01;1439
2014-11-11 23:01:00+01;1569
2014-11-12 05:29:00+01;1519
2014-11-12 06:25:00+01;1489
2014-11-12 06:49:00+01;1479
2014-11-12 07:37:00+01;1469
2014-11-12 08:05:00+01;1459
2014-11-12 09:25:00+01;1449
2014-11-12 10:05:00+01;1449
2014-11-12 12:57:00+01;1429
2014-11-12 14:09:00+01;1419
2014-11-12 16:45:00+01;1409
2014-11-12 23:01:00+01;1569
2014-11-14 09:01:00+01;1419
2014-11-14 16:21:00+01;1409
2014-11-14 18:13:00+01;1399
2014-11-14 23:01:00+01;1559
2014-11-15 05:25:00+01;1509
2014-11-15 07:17:00+01;1479
2014-11-15 09:33:00+01;1459
2014-11-15 10:21:00+01;1459
2014-11-15 12:45:00+01;1449
2014-11-15 12:49:00+01;1439
2014-11-15 14:57:00+01;1419
2014-11-15 15:57:00+01;1419
2014-11-15 16:53:00+01;1409
2014-11-15 23:01:00+01;1559
2014-11-16 05:29:00+01;1529
2014-11-16 07:21:00+01;1469
2014-11-16 08:37:00+01;1459
2014-11-16 12:45:00+01;1449
2014-11-16 13:21:00+01;1429
2014-11-16 16:57:00+01;1409
2014-11-16 23:01:00+01;1559
2014-11-17 05:25:00+01;1509
2014-11-17 06:41:00+01;1469
2014-11-17 07:17:00+01;1459
2014-11-17 08:37:00+01;1449
2014-11-17 10:45:00+01;1439
2014-11-17 12:37:00+01;1429
2014-11-17 23:01:00+01;1559
2014-11-18 05:25:00+01;1499
2014-11-18 06:57:00+01;1459
2014-11-18 08:57:00+01;1449
2014-11-18 10:45:00+01;1439
2014-11-18 10:57:00+01;1439
2014-11-18 11:57:00+01;1439
2014-11-18 12:05:00+01;1429
2014-11-18 14:53:00+01;1409
2014-11-18 18:09:00+01;1399
2014-11-18 23:01:00+01;1559
2014-11-19 05:25:00+01;1499
2014-11-19 07:21:00+01;1489
2014-11-19 08:13:00+01;1459
2014-11-19 09:01:00+01;1419
2014-11-19 14:05:00+01;1409
2014-11-19 16:57:00+01;1399
2014-11-19 23:01:00+01;1559
2014-11-20 05:25:00+01;1499
2014-11-20 07:25:00+01;1459
2014-11-20 08:33:00+01;1429
2014-11-20 16:49:00+01;1409
2014-11-20 23:01:00+01;1559
2014-11-21 05:25:00+01;1489
2014-11-21 07:21:00+01;1469
2014-11-21 08:45:00+01;1459
2014-11-21 09:09:00+01;1449
2014-11-21 09:45:00+01;1439
2014-11-21 10:21:00+01;1429
2014-11-21 12:13:00+01;1409
2014-11-21 13:29:00+01;1399
2014-11-21 15:33:00+01;1379
2014-11-21 23:01:00+01;1549
2014-11-22 05:33:00+01;1499
2014-11-22 07:37:00+01;1449
2014-11-22 13:17:00+01;1439
2014-11-22 13:21:00+01;1439
2014-11-22 14:41:00+01;1429
2014-11-22 15:05:00+01;1419
2014-11-22 15:21:00+01;1419
2014-11-22 23:01:00+01;1549
2014-11-23 05:33:00+01;1519
2014-11-23 05:37:00+01;1499
2014-11-23 06:29:00+01;1439
2014-11-23 14:25:00+01;1429
2014-11-23 16:13:00+01;1419
2014-11-23 19:05:00+01;1409
2014-11-23 23:01:00+01;1549
2014-11-24 05:25:00+01;1499
2014-11-24 07:21:00+01;1469
2014-11-24 08:01:00+01;1459
2014-11-24 08:41:00+01;1449
2014-11-24 09:45:00+01;1439
2014-11-24 10:45:00+01;1429
2014-11-24 10:53:00+01;1429
2014-11-24 12:01:00+01;1419
2014-11-24 14:45:00+01;1409
2014-11-24 15:01:00+01;1399
2014-11-24 23:01:00+01;1549
2014-11-25 05:29:00+01;1499
2014-11-25 06:33:00+01;1489
2014-11-25 07:25:00+01;1459
2014-11-25 08:57:00+01;1449
2014-11-25 10:21:00+01;1439
2014-11-25 10:49:00+01;1439
2014-11-25 11:09:00+01;1429
2014-11-25 11:37:00+01;1429
2014-11-25 12:29:00+01;1419
2014-11-25 12:49:00+01;1419
2014-11-25 13:49:00+01;1409
2014-11-25 14:49:00+01;1399
2014-11-25 23:01:00+01;1549
2014-11-26 05:25:00+01;1499
2014-11-26 07:25:00+01;1459
2014-11-26 08:21:00+01;1449
2014-11-26 09:09:00+01;1439
2014-11-26 11:45:00+01;1429
2014-11-26 11:49:00+01;1429
2014-11-26 13:33:00+01;1399
2014-11-26 14:05:00+01;1399
2014-11-26 15:41:00+01;1389
2014-11-26 16:17:00+01;1389
2014-11-26 23:01:00+01;1549
2014-11-27 05:29:00+01;1499
2014-11-27 07:29:00+01;1459
2014-11-27 11:09:00+01;1449
2014-11-27 11:25:00+01;1439
2014-11-27 12:13:00+01;1429
2014-11-27 13:17:00+01;1429
2014-11-27 14:53:00+01;1429
2014-11-27 14:57:00+01;1409
2014-11-27 17:45:00+01;1389
2014-11-27 23:01:00+01;1549
2014-11-28 05:25:00+01;1489
2014-11-28 07:29:00+01;1459
2014-11-28 08:33:00+01;1439
2014-11-28 09:37:00+01;1429
2014-11-28 11:57:00+01;1409
2014-11-28 14:21:00+01;1389
2014-11-28 16:17:00+01;1379
2014-11-28 23:05:00+01;1519
2014-11-29 05:29:00+01;1469
2014-11-29 07:13:00+01;1439
2014-11-29 08:01:00+01;1429
2014-11-29 09:13:00+01;1419
2014-11-29 13:57:00+01;1399
2014-11-29 15:33:00+01;1389
2014-11-29 17:21:00+01;1369
2014-11-29 23:01:00+01;1519
2014-11-30 05:29:00+01;1469
2014-11-30 07:25:00+01;1439
2014-11-30 08:17:00+01;1419
2014-11-30 08:57:00+01;1409
2014-11-30 12:21:00+01;1399
2014-11-30 12:25:00+01;1389
2014-11-30 13:17:00+01;1379
2014-11-30 16:37:00+01;1369
2014-11-30 23:01:00+01;1519
2014-12-01 05:29:00+01;1469
2014-12-01 06:49:00+01;1419
2014-12-01 08:50:00+01;1399
2014-12-01 10:53:00+01;1389
2014-12-01 12:05:00+01;1369
2014-12-01 14:28:00+01;1359
2014-12-01 16:20:00+01;1359
2014-12-01 23:05:00+01;1519
2014-12-02 05:25:00+01;1449
2014-12-02 08:45:00+01;1419
2014-12-02 10:45:00+01;1389
2014-12-02 11:33:00+01;1389
2014-12-02 13:41:00+01;1359
2014-12-02 23:01:00+01;1519
2014-12-03 05:25:00+01;1449
2014-12-03 06:37:00+01;1449
2014-12-03 07:21:00+01;1409
2014-12-03 08:41:00+01;1389
2014-12-03 10:01:00+01;1379
2014-12-03 11:21:00+01;1359
2014-12-03 13:37:00+01;1359
2014-12-03 17:17:00+01;1349
2014-12-03 23:01:00+01;1509
2014-12-04 05:29:00+01;1439
2014-12-04 06:37:00+01;1399
2014-12-04 06:45:00+01;1399
2014-12-04 07:21:00+01;1399
2014-12-04 09:05:00+01;1389
2014-12-04 10:29:00+01;1369
2014-12-04 13:09:00+01;1359
2014-12-04 14:01:00+01;1349
2014-12-04 23:01:00+01;1489
2014-12-05 05:29:00+01;1429
2014-12-05 06:45:00+01;1399
2014-12-05 08:13:00+01;1389
2014-12-05 09:49:00+01;1389
2014-12-05 11:29:00+01;1369
2014-12-05 12:57:00+01;1359
2014-12-05 14:29:00+01;1349
2014-12-05 16:01:00+01;1339
2014-12-05 16:33:00+01;1339
2014-12-05 23:01:00+01;1479
2014-12-06 05:41:00+01;1439
2014-12-06 07:33:00+01;1439
2014-12-06 08:17:00+01;1409
2014-12-06 09:09:00+01;1409
2014-12-06 13:37:00+01;1389
2014-12-06 13:57:00+01;1349
2014-12-06 15:09:00+01;1339
2014-12-06 15:45:00+01;1329
2014-12-06 18:09:00+01;1319
2014-12-06 23:01:00+01;1479
2014-12-07 05:29:00+01;1419
2014-12-07 08:33:00+01;1399
2014-12-07 09:45:00+01;1369
2014-12-07 10:21:00+01;1369
2014-12-07 11:25:00+01;1359
2014-12-07 12:17:00+01;1349
2014-12-07 14:45:00+01;1329
2014-12-07 23:01:00+01;1479
2014-12-08 05:29:00+01;1419
2014-12-08 06:49:00+01;1399
2014-12-08 07:21:00+01;1379
2014-12-08 08:49:00+01;1379
2014-12-08 10:09:00+01;1369
2014-12-08 10:49:00+01;1359
2014-12-08 11:25:00+01;1349
2014-12-08 14:33:00+01;1339
2014-12-08 16:49:00+01;1329
2014-12-08 23:01:00+01;1459
2014-12-09 05:33:00+01;1419
2014-12-09 06:49:00+01;1419
2014-12-09 07:29:00+01;1399
2014-12-09 08:29:00+01;1379
2014-12-09 09:53:00+01;1359
2014-12-09 11:29:00+01;1349
2014-12-09 12:25:00+01;1339
2014-12-09 17:57:00+01;1329
2014-12-09 23:01:00+01;1449
2014-12-10 05:29:00+01;1409
2014-12-10 07:21:00+01;1379
2014-12-10 09:25:00+01;1359
2014-12-10 10:45:00+01;1339
2014-12-10 16:49:00+01;1319
2014-12-10 23:01:00+01;1449
2014-12-11 05:33:00+01;1399
2014-12-11 06:41:00+01;1379
2014-12-11 08:49:00+01;1359
2014-12-11 10:21:00+01;1349
2014-12-11 11:05:00+01;1339
2014-12-11 12:45:00+01;1329
2014-12-11 15:05:00+01;1309
2014-12-11 15:29:00+01;1309
2014-12-11 15:41:00+01;1299
2014-12-11 23:01:00+01;1439
2014-12-12 05:29:00+01;1399
2014-12-12 06:33:00+01;1379
2014-12-12 07:21:00+01;1359
2014-12-12 08:21:00+01;1349
2014-12-12 09:49:00+01;1339
2014-12-12 11:37:00+01;1329
2014-12-12 16:09:00+01;1309
2014-12-12 23:01:00+01;1439
2014-12-13 05:25:00+01;1379
2014-12-13 07:21:00+01;1379
2014-12-13 07:33:00+01;1359
2014-12-13 08:37:00+01;1349
2014-12-13 11:33:00+01;1309
2014-12-13 12:09:00+01;1299
2014-12-13 15:21:00+01;1289
2014-12-13 23:01:00+01;1439
2014-12-14 05:29:00+01;1379
2014-12-14 07:17:00+01;1379
2014-12-14 08:33:00+01;1359
2014-12-14 10:05:00+01;1359
2014-12-14 10:13:00+01;1299
2014-12-14 15:22:01+01;1289
2014-12-14 16:30:01+01;1289
2014-12-14 23:02:01+01;1439
2014-12-15 05:30:01+01;1379
2014-12-15 06:18:01+01;1359
2014-12-15 06:46:01+01;1349
2014-12-15 08:58:01+01;1349
2014-12-15 09:02:01+01;1339
2014-12-15 09:50:01+01;1329
2014-12-15 15:18:01+01;1319
2014-12-15 16:10:01+01;1309
2014-12-15 17:34:01+01;1299
2014-12-15 18:30:01+01;1289
2014-12-15 23:06:01+01;1419
2014-12-16 05:26:01+01;1379
2014-12-16 06:34:01+01;1359
2014-12-16 07:26:01+01;1339
2014-12-16 08:14:01+01;1339
2014-12-16 09:02:01+01;1319
2014-12-16 10:06:01+01;1309
2014-12-16 10:46:01+01;1309
2014-12-16 13:22:01+01;1299
2014-12-16 14:14:01+01;1289
2014-12-16 17:38:01+01;1279
2014-12-17 00:54:01+01;1409
2014-12-17 05:30:01+01;1369
2014-12-17 06:38:01+01;1349
2014-12-17 08:34:01+01;1349
2014-12-17 08:38:01+01;1329
2014-12-17 09:10:01+01;1329
2014-12-17 09:34:01+01;1319
2014-12-17 12:30:01+01;1299
2014-12-17 14:06:01+01;1279
2014-12-17 16:46:01+01;1269
2014-12-17 18:38:01+01;1259
2014-12-17 23:02:01+01;1389
2014-12-18 05:26:01+01;1369
2014-12-18 07:18:01+01;1319
2014-12-18 08:10:01+01;1309
2014-12-18 08:42:01+01;1309
2014-12-18 09:18:01+01;1309
2014-12-18 13:10:01+01;1289
2014-12-18 17:34:01+01;1279
2014-12-18 18:18:01+01;1259
2014-12-18 23:02:01+01;1409
2014-12-19 05:30:01+01;1369
2014-12-19 07:18:01+01;1319
2014-12-19 08:34:01+01;1309
2014-12-19 09:30:01+01;1299
2014-12-19 15:10:01+01;1299
2014-12-19 15:54:01+01;1289
2014-12-19 17:46:01+01;1279
2014-12-19 23:02:01+01;1409
2014-12-20 05:30:01+01;1369
2014-12-20 06:50:01+01;1349
2014-12-20 07:30:01+01;1319
2014-12-20 08:02:01+01;1319
2014-12-20 08:46:01+01;1309
2014-12-20 09:58:01+01;1299
2014-12-20 12:10:01+01;1289
2014-12-20 12:26:01+01;1279
2014-12-20 14:02:01+01;1269
2014-12-20 18:18:01+01;1259
2014-12-20 23:02:01+01;1409
2014-12-21 05:30:01+01;1369
2014-12-21 07:50:01+01;1359
2014-12-21 08:34:01+01;1349
2014-12-21 09:10:01+01;1309
2014-12-21 10:30:01+01;1299
2014-12-21 11:58:01+01;1299
2014-12-21 12:30:01+01;1269
2014-12-21 14:58:01+01;1259
2014-12-21 23:02:01+01;1409
2014-12-22 05:26:01+01;1369
2014-12-22 07:14:01+01;1319
2014-12-22 08:18:01+01;1309
2014-12-22 09:22:01+01;1289
2014-12-22 11:30:02+01;1269
2014-12-22 15:10:01+01;1259
2014-12-22 23:02:01+01;1409
2014-12-23 05:30:01+01;1369
2014-12-23 07:18:01+01;1319
2014-12-23 09:02:01+01;1289
2014-12-23 10:02:01+01;1289
2014-12-23 14:14:01+01;1269
2014-12-23 16:18:01+01;1269
2014-12-23 23:02:01+01;1409
2014-12-24 05:34:01+01;1369
2014-12-24 07:26:01+01;1319
2014-12-24 08:22:01+01;1309
2014-12-24 10:30:01+01;1299
2014-12-24 11:14:01+01;1289
2014-12-24 12:38:01+01;1279
2014-12-24 15:22:01+01;1269
2014-12-24 23:02:01+01;1409
2014-12-25 05:30:01+01;1369
2014-12-25 09:02:01+01;1319
2014-12-25 09:54:01+01;1309
2014-12-25 11:14:01+01;1299
2014-12-25 12:18:01+01;1289
2014-12-25 19:22:01+01;1269
2014-12-25 23:02:01+01;1409
2014-12-26 05:30:01+01;1369
2014-12-26 06:46:01+01;1349
2014-12-26 09:06:01+01;1269
2014-12-26 11:50:01+01;1269
2014-12-26 14:54:01+01;1269
2014-12-26 16:42:01+01;1269
2014-12-26 19:38:01+01;1269
2014-12-26 23:02:01+01;1409
2014-12-27 05:30:01+01;1369
2014-12-27 08:46:01+01;1319
2014-12-27 08:54:01+01;1309
2014-12-27 11:50:01+01;1299
2014-12-27 12:34:01+01;1289
2014-12-27 13:58:01+01;1269
2014-12-27 23:02:01+01;1409
2014-12-28 05:30:01+01;1369
2014-12-28 08:46:01+01;1319
2014-12-28 10:58:01+01;1299
2014-12-28 13:50:01+01;1279
2014-12-28 14:34:01+01;1269
2014-12-28 23:02:01+01;1409
2014-12-29 05:26:01+01;1369
2014-12-29 06:46:01+01;1349
2014-12-29 07:30:01+01;1319
2014-12-29 08:38:01+01;1299
2014-12-29 10:06:01+01;1289
2014-12-29 11:50:01+01;1269
2014-12-29 17:06:01+01;1269
2014-12-29 23:02:01+01;1409
2014-12-30 05:30:01+01;1359
2014-12-30 06:54:01+01;1339
2014-12-30 07:30:01+01;1319
2014-12-30 08:22:01+01;1299
2014-12-30 10:26:01+01;1289
2014-12-30 15:02:01+01;1269
2014-12-30 16:22:01+01;1259
2014-12-30 23:02:01+01;1389
2014-12-31 05:30:01+01;1349
2014-12-31 06:50:01+01;1319
2014-12-31 11:02:01+01;1289
2014-12-31 12:26:01+01;1279
2014-12-31 14:30:01+01;1259
2014-12-31 23:02:01+01;1389
2015-01-01 05:26:01+01;1349
2015-01-01 06:50:01+01;1319
2015-01-01 10:34:01+01;1309
2015-01-01 12:22:01+01;1279
2015-01-01 14:10:01+01;1259
2015-01-01 16:58:01+01;1249
2015-01-01 23:02:01+01;1389
2015-01-02 05:26:01+01;1349
2015-01-02 08:50:01+01;1319
2015-01-02 08:58:01+01;1309
2015-01-02 09:02:01+01;1299
2015-01-02 09:38:01+01;1279
2015-01-02 11:06:01+01;1269
2015-01-02 12:46:01+01;1259
2015-01-02 23:02:01+01;1389
2015-01-03 05:30:01+01;1339
2015-01-03 07:18:01+01;1299
2015-01-03 09:34:01+01;1289
2015-01-03 10:14:01+01;1279
2015-01-03 11:58:01+01;1269
2015-01-03 13:34:01+01;1259
2015-01-03 23:02:01+01;1389
2015-01-04 05:30:02+01;1339
2015-01-04 07:22:01+01;1319
2015-01-04 08:14:01+01;1309
2015-01-04 10:38:01+01;1259
2015-01-04 23:02:01+01;1389
2015-01-05 05:30:01+01;1339
2015-01-05 07:30:01+01;1309
2015-01-05 08:22:01+01;1299
2015-01-05 09:18:01+01;1289
2015-01-05 10:22:01+01;1279
2015-01-05 11:14:01+01;1269
2015-01-05 14:50:01+01;1259
2015-01-05 23:02:01+01;1369
2015-01-06 05:30:01+01;1329
2015-01-06 06:50:01+01;1309
2015-01-06 08:46:01+01;1299
2015-01-06 09:34:01+01;1289
2015-01-06 10:38:01+01;1289
2015-01-06 13:38:01+01;1289
2015-01-06 16:10:01+01;1269
2015-01-06 23:02:01+01;1359
2015-01-07 05:30:01+01;1329
2015-01-07 07:22:01+01;1299
2015-01-07 08:34:01+01;1289
2015-01-07 11:50:01+01;1269
2015-01-07 13:06:01+01;1259
2015-01-07 15:38:01+01;1239
2015-01-07 23:02:01+01;1359
2015-01-08 05:34:01+01;1329
2015-01-08 07:30:01+01;1289
2015-01-08 09:02:01+01;1279
2015-01-08 10:02:01+01;1269
2015-01-08 10:50:01+01;1259
2015-01-08 15:54:01+01;1229
2015-01-08 18:14:01+01;1229
2015-01-08 23:02:01+01;1359
2015-01-09 05:30:01+01;1319
2015-01-09 10:10:01+01;1319
2015-01-09 10:58:01+01;1279
2015-01-09 12:18:01+01;1259
2015-01-09 13:10:01+01;1249
2015-01-09 15:02:01+01;1239
2015-01-09 23:02:01+01;1349
2015-01-10 05:34:02+01;1309
2015-01-10 07:46:01+01;1309
2015-01-10 08:10:01+01;1279
2015-01-10 09:22:01+01;1269
2015-01-10 11:58:01+01;1239
2015-01-10 23:02:01+01;1349
2015-01-11 05:30:01+01;1309
2015-01-11 08:18:01+01;1289
2015-01-11 09:26:01+01;1279
2015-01-11 14:50:01+01;1249
2015-01-11 15:34:01+01;1239
2015-01-11 17:18:01+01;1239
2015-01-11 23:02:01+01;1349
2015-01-12 05:26:01+01;1309
2015-01-12 06:58:01+01;1289
2015-01-12 09:14:01+01;1269
2015-01-12 10:46:01+01;1259
2015-01-12 12:26:01+01;1239
2015-01-12 23:02:01+01;1339
2015-01-13 05:30:01+01;1309
2015-01-13 06:54:01+01;1289
2015-01-13 07:58:01+01;1269
2015-01-13 08:42:01+01;1259
2015-01-13 12:58:01+01;1259
2015-01-13 14:38:01+01;1229
2015-01-13 23:02:01+01;1339
2015-01-14 05:30:01+01;1299
2015-01-14 08:02:01+01;1289
2015-01-14 08:46:01+01;1279
2015-01-14 09:06:01+01;1259
2015-01-14 11:10:01+01;1249
2015-01-14 14:26:01+01;1229
2015-01-14 18:34:01+01;1219
2015-01-14 23:02:01+01;1329
2015-01-15 05:42:01+01;1319
2015-01-15 06:50:01+01;1319
2015-01-15 08:34:01+01;1289
2015-01-15 09:18:01+01;1269
2015-01-15 13:26:01+01;1239
2015-01-15 14:10:01+01;1229
2015-01-15 14:22:01+01;1219
2015-01-15 15:42:01+01;1219
2015-01-15 23:02:01+01;1339
2015-01-16 05:26:01+01;1299
2015-01-16 06:50:01+01;1299
2015-01-16 07:18:01+01;1289
2015-01-16 07:26:01+01;1279
2015-01-16 09:22:01+01;1259
2015-01-16 10:10:01+01;1249
2015-01-16 12:06:01+01;1239
2015-01-16 13:18:01+01;1239
2015-01-16 16:38:01+01;1239
2015-01-16 16:58:01+01;1229
2015-01-16 23:02:01+01;1339
2015-01-17 05:30:01+01;1319
2015-01-17 05:34:01+01;1299
2015-01-17 07:22:01+01;1289
2015-01-17 09:10:01+01;1269
2015-01-17 09:34:01+01;1259
2015-01-17 11:46:01+01;1249
2015-01-17 12:22:01+01;1239
2015-01-17 14:50:01+01;1229
2015-01-17 23:02:01+01;1339
2015-01-18 05:38:01+01;1319
2015-01-18 06:46:01+01;1299
2015-01-18 07:38:01+01;1299
2015-01-18 09:06:01+01;1289
2015-01-18 11:14:01+01;1269
2015-01-18 12:46:01+01;1249
2015-01-18 16:30:01+01;1249
2015-01-18 17:06:01+01;1229
2015-01-18 23:02:01+01;1339
2015-01-19 05:34:01+01;1299
2015-01-19 07:30:01+01;1289
2015-01-19 08:42:01+01;1279
2015-01-19 10:30:01+01;1269
2015-01-19 12:26:01+01;1249
2015-01-19 13:50:01+01;1229
2015-01-19 16:42:01+01;1229
2015-01-19 23:02:01+01;1349
2015-01-20 05:38:01+01;1309
2015-01-20 08:42:01+01;1269
2015-01-20 10:26:01+01;1269
2015-01-20 12:02:01+01;1259
2015-01-20 14:46:01+01;1249
2015-01-20 16:30:01+01;1229
2015-01-20 23:02:01+01;1359
2015-01-21 05:34:01+01;1309
2015-01-21 08:22:01+01;1289
2015-01-21 08:50:01+01;1269
2015-01-21 10:22:01+01;1259
2015-01-21 12:10:01+01;1259
2015-01-21 13:30:01+01;1249
2015-01-21 14:18:01+01;1239
2015-01-21 17:06:01+01;1229
2015-01-21 23:02:01+01;1359
2015-01-22 05:34:01+01;1299
2015-01-22 07:34:01+01;1289
2015-01-22 08:58:01+01;1269
2015-01-22 09:14:01+01;1269
2015-01-22 10:06:01+01;1259
2015-01-22 12:18:01+01;1249
2015-01-22 13:38:01+01;1239
2015-01-22 14:26:01+01;1229
2015-01-22 17:50:01+01;1219
2015-01-22 23:02:01+01;1359
2015-01-23 05:30:01+01;1309
2015-01-23 07:26:01+01;1289
2015-01-23 08:10:01+01;1279
2015-01-23 09:14:01+01;1269
2015-01-23 10:18:01+01;1259
2015-01-23 11:10:01+01;1259
2015-01-23 13:22:01+01;1239
2015-01-23 16:02:01+01;1229
2015-01-23 16:42:01+01;1219
2015-01-23 23:02:01+01;1369
2015-01-24 05:34:01+01;1309
2015-01-24 07:14:01+01;1289
2015-01-24 08:02:01+01;1279
2015-01-24 08:46:01+01;1269
2015-01-24 09:14:01+01;1259
2015-01-24 11:10:01+01;1249
2015-01-24 12:22:01+01;1229
2015-01-24 16:34:01+01;1219
2015-01-24 23:02:01+01;1369
2015-01-25 05:34:01+01;1309
2015-01-25 07:06:01+01;1299
2015-01-25 08:46:01+01;1289
2015-01-25 08:54:01+01;1269
2015-01-25 11:50:01+01;1259
2015-01-25 11:58:01+01;1249
2015-01-25 12:46:01+01;1249
2015-01-25 14:26:01+01;1229
2015-01-25 23:02:01+01;1369
2015-01-26 05:30:01+01;1309
2015-01-26 07:46:01+01;1299
2015-01-26 08:58:01+01;1239
2015-01-26 09:18:01+01;1229
2015-01-26 11:46:01+01;1229
2015-01-26 13:22:01+01;1229
2015-01-26 13:38:01+01;1229
2015-01-26 23:02:01+01;1369
2015-01-27 05:34:01+01;1309
2015-01-27 07:34:01+01;1289
2015-01-27 09:06:01+01;1269
2015-01-27 10:26:01+01;1269
2015-01-27 13:34:01+01;1259
2015-01-27 14:46:01+01;1249
2015-01-27 15:10:01+01;1249
2015-01-27 15:46:01+01;1239
2015-01-27 16:26:01+01;1239
2015-01-27 16:50:01+01;1229
2015-01-27 17:22:01+01;1229
2015-01-27 23:02:01+01;1369
2015-01-28 05:34:01+01;1309
2015-01-28 09:10:01+01;1289
2015-01-28 11:02:01+01;1269
2015-01-28 12:10:01+01;1259
2015-01-28 14:34:01+01;1239
2015-01-28 16:18:01+01;1229
2015-01-28 18:30:01+01;1219
2015-01-28 23:02:01+01;1369
2015-01-29 05:38:01+01;1309
2015-01-29 07:30:01+01;1289
2015-01-29 07:50:01+01;1279
2015-01-29 09:22:01+01;1269
2015-01-29 10:10:01+01;1259
2015-01-29 11:06:01+01;1259
2015-01-29 12:10:01+01;1229
2015-01-29 13:58:01+01;1229
2015-01-29 15:14:01+01;1229
2015-01-29 18:22:01+01;1219
2015-01-29 23:02:01+01;1379
2015-01-30 05:26:01+01;1319
2015-01-30 06:42:01+01;1299
2015-01-30 08:06:01+01;1269
2015-01-30 08:18:01+01;1269
2015-01-30 08:42:01+01;1269
2015-01-30 08:54:01+01;1259
2015-01-30 09:42:01+01;1249
2015-01-30 11:46:01+01;1239
2015-01-30 11:54:01+01;1239
2015-01-30 14:02:01+01;1239
2015-01-30 14:46:01+01;1239
2015-01-30 15:10:02+01;1229
2015-01-30 23:02:01+01;1369
2015-01-31 05:34:01+01;1349
2015-01-31 05:38:01+01;1329
2015-01-31 07:50:01+01;1299
2015-01-31 09:50:01+01;1249
2015-01-31 10:14:01+01;1239
2015-01-31 11:10:01+01;1239
2015-01-31 12:02:01+01;1239
2015-01-31 23:02:01+01;1369
2015-02-01 05:30:01+01;1329
2015-02-01 07:18:01+01;1299
2015-02-01 09:18:01+01;1289
2015-02-01 11:10:01+01;1269
2015-02-01 11:22:01+01;1259
2015-02-01 12:58:01+01;1249
2015-02-01 14:02:01+01;1239
2015-02-01 14:10:01+01;1239
2015-02-01 23:02:01+01;1369
2015-02-02 05:30:01+01;1329
2015-02-02 06:50:01+01;1289
2015-02-02 07:06:01+01;1279
2015-02-02 08:18:01+01;1279
2015-02-02 08:38:01+01;1269
2015-02-02 11:30:01+01;1259
2015-02-02 12:26:01+01;1249
2015-02-02 13:22:01+01;1239
2015-02-02 23:02:01+01;1389
2015-02-03 05:26:01+01;1359
2015-02-03 06:46:01+01;1299
2015-02-03 07:38:01+01;1269
2015-02-03 10:02:01+01;1269
2015-02-03 10:10:01+01;1269
2015-02-03 23:02:01+01;1419
2015-02-04 05:30:01+01;1369
2015-02-04 06:46:01+01;1309
2015-02-04 07:22:01+01;1299
2015-02-04 08:22:01+01;1289
2015-02-04 09:14:01+01;1279
2015-02-04 12:18:01+01;1269
2015-02-04 23:02:01+01;1429
2015-02-05 05:34:01+01;1369
2015-02-05 06:50:01+01;1309
2015-02-05 07:26:01+01;1309
2015-02-05 08:26:01+01;1299
2015-02-05 10:46:01+01;1299
2015-02-05 12:10:01+01;1289
2015-02-05 15:22:01+01;1279
2015-02-05 23:02:01+01;1429
2015-02-06 05:30:01+01;1389
2015-02-06 05:34:01+01;1369
2015-02-06 06:46:01+01;1319
2015-02-06 07:22:01+01;1309
2015-02-06 08:26:01+01;1299
2015-02-06 09:30:01+01;1289
2015-02-06 12:22:01+01;1269
2015-02-06 13:26:01+01;1259
2015-02-06 23:02:01+01;1429
2015-02-07 05:30:01+01;1409
2015-02-07 05:34:01+01;1389
2015-02-07 07:46:01+01;1309
2015-02-07 11:42:01+01;1299
2015-02-07 12:38:01+01;1289
2015-02-07 14:46:01+01;1269
2015-02-07 19:58:01+01;1269
2015-02-07 23:02:01+01;1429
2015-02-08 05:26:01+01;1389
2015-02-08 08:30:01+01;1379
2015-02-08 09:06:01+01;1319
2015-02-08 09:58:01+01;1299
2015-02-08 11:14:01+01;1289
2015-02-08 12:46:01+01;1279
2015-02-08 14:26:01+01;1269
2015-02-08 23:02:01+01;1429
2015-02-09 05:30:01+01;1409
2015-02-09 05:34:01+01;1389
2015-02-09 06:46:01+01;1389
2015-02-09 07:30:01+01;1319
2015-02-09 08:26:01+01;1299
2015-02-09 08:46:01+01;1289
2015-02-09 10:14:01+01;1279
2015-02-09 23:02:01+01;1439
2015-02-10 05:30:01+01;1399
2015-02-10 07:18:01+01;1379
2015-02-10 08:10:01+01;1349
2015-02-10 08:18:01+01;1329
2015-02-10 09:02:01+01;1309
2015-02-10 12:22:01+01;1299
2015-02-10 13:26:01+01;1289
2015-02-10 14:30:01+01;1279
2015-02-10 23:02:01+01;1439
2015-02-11 05:30:01+01;1419
2015-02-11 05:34:01+01;1399
2015-02-11 06:42:01+01;1369
2015-02-11 07:34:01+01;1329
2015-02-11 08:38:01+01;1309
2015-02-11 10:26:01+01;1309
2015-02-11 13:26:01+01;1299
2015-02-11 13:58:02+01;1289
2015-02-11 16:42:01+01;1279
2015-02-11 23:02:01+01;1439
2015-02-12 05:26:01+01;1389
2015-02-12 07:30:01+01;1319
2015-02-12 09:22:01+01;1309
2015-02-12 10:50:01+01;1299
2015-02-12 12:26:01+01;1299
2015-02-12 12:58:01+01;1289
2015-02-12 13:54:01+01;1279
2015-02-12 23:02:01+01;1419
2015-02-13 05:30:01+01;1409
2015-02-13 05:46:01+01;1389
2015-02-13 06:34:01+01;1379
2015-02-13 07:22:01+01;1329
2015-02-13 08:54:01+01;1319
2015-02-13 10:18:01+01;1309
2015-02-13 11:10:01+01;1299
2015-02-13 13:22:01+01;1289
2015-02-13 14:02:01+01;1279
2015-02-13 23:02:01+01;1429
2015-02-14 05:34:01+01;1409
2015-02-14 07:18:01+01;1329
2015-02-14 09:06:01+01;1319
2015-02-14 10:02:01+01;1309
2015-02-14 10:30:01+01;1309
2015-02-14 12:42:01+01;1289
2015-02-14 15:14:01+01;1279
2015-02-14 23:02:01+01;1429
2015-02-15 05:26:01+01;1409
2015-02-15 06:38:01+01;1359
2015-02-15 08:10:01+01;1329
2015-02-15 10:22:01+01;1319
2015-02-15 12:02:01+01;1299
2015-02-15 16:54:01+01;1299
2015-02-15 18:02:01+01;1289
2015-02-15 23:02:01+01;1429
2015-02-16 05:30:01+01;1409
2015-02-16 06:38:01+01;1369
2015-02-16 07:38:01+01;1339
2015-02-16 08:26:01+01;1319
2015-02-16 10:22:01+01;1309
2015-02-16 12:38:01+01;1299
2015-02-16 13:30:01+01;1289
2015-02-16 23:02:01+01;1439
2015-02-17 05:30:01+01;1409
2015-02-17 06:50:01+01;1339
2015-02-17 07:18:01+01;1329
2015-02-17 08:22:01+01;1329
2015-02-17 10:02:01+01;1329
2015-02-17 12:02:01+01;1319
2015-02-17 12:22:01+01;1319
2015-02-17 13:42:01+01;1309
2015-02-17 23:02:01+01;1439
2015-02-18 05:26:01+01;1399
2015-02-18 06:50:01+01;1369
2015-02-18 07:42:01+01;1359
2015-02-18 08:46:01+01;1349
2015-02-18 08:58:01+01;1339
2015-02-18 09:46:01+01;1329
2015-02-18 12:26:01+01;1319
2015-02-18 14:26:01+01;1309
2015-02-18 16:42:02+01;1309
2015-02-18 23:02:01+01;1429
2015-02-19 05:30:01+01;1419
2015-02-19 05:46:01+01;1399
2015-02-19 06:50:01+01;1359
2015-02-19 07:22:01+01;1349
2015-02-19 08:54:01+01;1339
2015-02-19 08:58:01+01;1339
2015-02-19 09:58:01+01;1329
2015-02-19 10:46:01+01;1319
2015-02-19 13:42:01+01;1319
2015-02-19 14:06:01+01;1309
2015-02-19 23:02:01+01;1429
2015-02-20 05:34:01+01;1409
2015-02-20 05:46:01+01;1389
2015-02-20 06:50:01+01;1359
2015-02-20 07:34:01+01;1349
2015-02-20 10:18:01+01;1339
2015-02-20 11:50:01+01;1329
2015-02-20 16:14:01+01;1309
2015-02-20 17:30:01+01;1299
2015-02-20 23:02:01+01;1419
2015-02-21 05:46:01+01;1399
2015-02-21 07:14:01+01;1359
2015-02-21 07:34:01+01;1349
2015-02-21 08:18:01+01;1339
2015-02-21 08:54:01+01;1329
2015-02-21 09:58:01+01;1319
2015-02-21 12:34:01+01;1309
2015-02-21 12:46:01+01;1299
2015-02-21 15:22:01+01;1289
2015-02-21 23:02:01+01;1419
2015-02-22 05:34:01+01;1399
2015-02-22 07:18:01+01;1349
2015-02-22 11:30:01+01;1329
2015-02-22 11:58:01+01;1319
2015-02-22 13:14:01+01;1319
2015-02-22 13:26:01+01;1309
2015-02-22 14:14:01+01;1299
2015-02-22 23:02:01+01;1419
2015-02-23 05:46:01+01;1399
2015-02-23 06:46:01+01;1349
2015-02-23 07:18:01+01;1339
2015-02-23 08:06:01+01;1329
2015-02-23 08:34:01+01;1319
2015-02-23 12:42:01+01;1309
2015-02-23 14:58:01+01;1309
2015-02-23 23:02:01+01;1439
2015-02-24 05:34:01+01;1419
2015-02-24 05:38:01+01;1399
2015-02-24 06:50:01+01;1359
2015-02-24 07:10:01+01;1349
2015-02-24 08:18:01+01;1339
2015-02-24 09:10:01+01;1329
2015-02-24 12:06:01+01;1319
2015-02-24 12:30:01+01;1309
2015-02-24 14:22:01+01;1309
2015-02-24 23:02:01+01;1429
2015-02-25 01:26:01+01;1429
2015-02-25 05:42:01+01;1429
2015-02-25 06:26:01+01;1409
2015-02-25 06:58:01+01;1359
2015-02-25 08:10:01+01;1349
2015-02-25 09:14:01+01;1339
2015-02-25 10:58:01+01;1329
2015-02-25 12:18:01+01;1319
2015-02-25 13:14:01+01;1309
2015-02-25 23:02:01+01;1429
2015-02-26 05:34:01+01;1429
2015-02-26 05:46:01+01;1409
2015-02-26 06:42:01+01;1349
2015-02-26 07:22:02+01;1339
2015-02-26 08:02:01+01;1329
2015-02-26 08:38:01+01;1319
2015-02-26 12:18:01+01;1309
2015-02-26 13:58:01+01;1299
2015-02-26 15:46:01+01;1299
2015-02-26 23:02:01+01;1449
2015-02-27 05:34:02+01;1449
2015-02-27 05:46:01+01;1429
2015-02-27 07:38:01+01;1349
2015-02-27 08:46:01+01;1329
2015-02-27 09:10:01+01;1319
2015-02-27 12:14:02+01;1319
2015-02-27 23:02:01+01;1459
2015-02-28 05:26:01+01;1429
2015-02-28 07:14:01+01;1369
2015-02-28 07:34:01+01;1359
2015-02-28 08:50:01+01;1349
2015-02-28 10:14:01+01;1339
2015-02-28 12:10:01+01;1329
2015-02-28 12:38:01+01;1329
2015-02-28 23:02:01+01;1459
2015-03-01 05:34:01+01;1449
2015-03-01 05:42:01+01;1429
2015-03-01 07:18:01+01;1369
2015-03-01 08:30:01+01;1359
2015-03-01 11:50:01+01;1349
2015-03-01 12:18:01+01;1329
2015-03-01 12:54:02+01;1329
2015-03-01 23:02:01+01;1459
2015-03-02 05:34:01+01;1429
2015-03-02 06:50:01+01;1369
2015-03-02 07:42:01+01;1359
2015-03-02 08:34:01+01;1349
2015-03-02 10:34:01+01;1349
2015-03-02 13:02:01+01;1339
2015-03-02 14:22:01+01;1329
2015-03-02 23:02:01+01;1469
2015-03-03 05:38:01+01;1449
2015-03-03 05:42:02+01;1429
2015-03-03 07:10:01+01;1379
2015-03-03 07:38:01+01;1369
2015-03-03 08:38:01+01;1359
2015-03-03 09:58:01+01;1349
2015-03-03 12:30:01+01;1339
2015-03-03 13:46:01+01;1329
2015-03-03 23:02:01+01;1469
2015-03-04 05:34:01+01;1449
2015-03-04 05:54:01+01;1429
2015-03-04 06:38:01+01;1379
2015-03-04 07:22:01+01;1369
2015-03-04 08:34:01+01;1349
2015-03-04 09:50:01+01;1339
2015-03-04 12:30:01+01;1329
2015-03-04 17:06:01+01;1329
2015-03-04 23:02:01+01;1469
2015-03-05 05:42:01+01;1459
2015-03-05 05:50:01+01;1439
2015-03-05 06:46:01+01;1379
2015-03-05 08:02:01+01;1379
2015-03-05 09:10:01+01;1359
2015-03-05 10:34:01+01;1349
2015-03-05 12:34:01+01;1349
2015-03-05 14:14:01+01;1339
2015-03-05 15:58:01+01;1329
2015-03-05 23:02:01+01;1469
2015-03-06 05:38:01+01;1459
2015-03-06 06:06:01+01;1439
2015-03-06 06:54:01+01;1379
2015-03-06 07:18:01+01;1369
2015-03-06 08:42:01+01;1359
2015-03-06 09:06:01+01;1359
2015-03-06 12:30:01+01;1349
2015-03-06 14:30:01+01;1339
2015-03-06 23:02:01+01;1469
2015-03-07 05:34:01+01;1449
2015-03-07 07:22:01+01;1389
2015-03-07 08:18:01+01;1369
2015-03-07 08:58:01+01;1359
2015-03-07 09:54:01+01;1349
2015-03-07 12:02:01+01;1349
2015-03-07 12:18:01+01;1339
2015-03-07 13:10:01+01;1329
2015-03-07 13:46:01+01;1329
2015-03-07 23:02:01+01;1469
2015-03-08 05:34:01+01;1449
2015-03-08 07:26:01+01;1389
2015-03-08 07:42:01+01;1379
2015-03-08 09:14:01+01;1369
2015-03-08 11:46:01+01;1359
2015-03-08 12:30:01+01;1349
2015-03-08 14:58:01+01;1339
2015-03-08 23:02:01+01;1469
2015-03-09 05:30:01+01;1469
2015-03-09 05:34:01+01;1449
2015-03-09 06:46:01+01;1389
2015-03-09 08:34:01+01;1369
2015-03-09 10:14:01+01;1359
2015-03-09 12:22:01+01;1349
2015-03-09 14:22:01+01;1339
2015-03-09 23:02:01+01;1479
2015-03-10 05:30:01+01;1469
2015-03-10 05:34:01+01;1449
2015-03-10 06:38:01+01;1429
2015-03-10 07:22:01+01;1409
2015-03-10 07:42:01+01;1389
2015-03-10 07:58:01+01;1379
2015-03-10 08:42:01+01;1369
2015-03-10 10:10:01+01;1359
2015-03-10 12:58:01+01;1359
2015-03-10 13:26:01+01;1349
2015-03-10 23:02:01+01;1489
2015-03-11 05:30:01+01;1469
2015-03-11 05:34:01+01;1449
2015-03-11 06:42:01+01;1429
2015-03-11 07:30:01+01;1399
2015-03-11 09:14:01+01;1379
2015-03-11 13:14:01+01;1359
2015-03-11 16:22:01+01;1359
2015-03-11 23:34:01+01;1479
2015-03-12 05:34:01+01;1449
2015-03-12 06:38:01+01;1439
2015-03-12 07:22:01+01;1419
2015-03-12 07:34:01+01;1409
2015-03-12 08:18:01+01;1399
2015-03-12 09:18:01+01;1379
2015-03-12 13:34:01+01;1359
2015-03-12 15:34:01+01;1349
2015-03-12 16:46:01+01;1349
2015-03-12 17:42:01+01;1339
2015-03-12 23:02:01+01;1489
2015-03-13 05:34:01+01;1489
2015-03-13 05:38:01+01;1469
2015-03-13 06:50:01+01;1439
2015-03-13 07:22:01+01;1399
2015-03-13 08:34:01+01;1389
2015-03-13 09:06:01+01;1379
2015-03-13 13:18:01+01;1359
2015-03-13 14:10:01+01;1359
2015-03-13 17:18:01+01;1359
2015-03-13 23:02:01+01;1509
2015-03-14 05:30:01+01;1459
2015-03-14 07:46:01+01;1399
2015-03-14 07:50:01+01;1389
2015-03-14 10:46:01+01;1379
2015-03-14 12:10:01+01;1369
2015-03-14 12:38:01+01;1369
2015-03-14 12:46:01+01;1359
2015-03-14 14:38:01+01;1359
2015-03-14 23:02:01+01;1509
2015-03-15 05:26:01+01;1459
2015-03-15 06:34:01+01;1439
2015-03-15 08:10:01+01;1409
2015-03-15 08:54:01+01;1399
2015-03-15 11:34:01+01;1389
2015-03-15 12:30:01+01;1369
2015-03-15 14:42:01+01;1359
2015-03-15 16:10:01+01;1359
2015-03-15 23:02:01+01;1509
2015-03-16 05:30:01+01;1459
2015-03-16 06:42:01+01;1409
2015-03-16 07:18:01+01;1399
2015-03-16 08:26:01+01;1389
2015-03-16 09:58:01+01;1379
2015-03-16 11:42:01+01;1379
2015-03-16 12:30:01+01;1369
2015-03-16 15:02:01+01;1359
2015-03-16 17:30:01+01;1359
2015-03-16 23:02:01+01;1489
2015-03-17 05:30:01+01;1439
2015-03-17 06:58:01+01;1419
2015-03-17 08:54:01+01;1419
2015-03-17 10:46:01+01;1409
2015-03-17 13:58:01+01;1399
2015-03-17 14:26:01+01;1389
2015-03-17 16:14:01+01;1379
2015-03-17 18:26:01+01;1359
2015-03-17 23:02:01+01;1469
2015-03-18 05:30:01+01;1439
2015-03-18 06:42:01+01;1409
2015-03-18 08:22:01+01;1399
2015-03-18 09:46:01+01;1389
2015-03-18 12:26:01+01;1379
2015-03-18 12:58:01+01;1369
2015-03-18 14:42:01+01;1359
2015-03-18 16:22:01+01;1349
2015-03-18 17:26:01+01;1339
2015-03-18 23:02:01+01;1469
2015-03-19 05:34:01+01;1439
2015-03-19 06:50:01+01;1399
2015-03-19 07:26:01+01;1389
2015-03-19 08:18:01+01;1369
2015-03-19 10:02:01+01;1369
2015-03-19 11:18:01+01;1359
2015-03-19 13:14:01+01;1349
2015-03-19 16:14:01+01;1339
2015-03-19 23:02:01+01;1489
2015-03-20 05:34:01+01;1459
2015-03-20 05:50:01+01;1439
2015-03-20 06:50:01+01;1409
2015-03-20 07:30:01+01;1399
2015-03-20 08:54:01+01;1379
2015-03-20 09:50:01+01;1379
2015-03-20 13:46:01+01;1369
2015-03-20 15:14:01+01;1359
2015-03-20 16:22:01+01;1349
2015-03-20 23:06:01+01;1469
2015-03-21 05:34:01+01;1439
2015-03-21 07:30:01+01;1409
2015-03-21 08:10:01+01;1399
2015-03-21 09:02:01+01;1379
2015-03-21 12:26:01+01;1369
2015-03-21 13:34:01+01;1359
2015-03-21 23:02:01+01;1469
2015-03-22 05:38:01+01;1439
2015-03-22 07:50:01+01;1419
2015-03-22 09:26:01+01;1409
2015-03-22 13:06:01+01;1409
2015-03-22 15:02:01+01;1369
2015-03-22 17:22:01+01;1349
2015-03-23 00:06:01+01;1469
2015-03-23 05:30:01+01;1459
2015-03-23 05:34:01+01;1439
2015-03-23 06:46:01+01;1359
2015-03-23 14:22:01+01;1349
2015-03-23 16:18:01+01;1339
2015-03-23 23:02:01+01;1479
2015-03-24 05:34:01+01;1439
2015-03-24 06:50:01+01;1409
2015-03-24 07:14:01+01;1399
2015-03-24 08:42:01+01;1379
2015-03-24 10:30:01+01;1369
2015-03-24 13:38:01+01;1359
2015-03-24 14:34:01+01;1349
2015-03-24 23:02:01+01;1479
2015-03-25 05:38:01+01;1449
2015-03-25 08:22:01+01;1419
2015-03-25 10:50:01+01;1389
2015-03-25 11:02:01+01;1379
2015-03-25 12:10:01+01;1369
2015-03-25 14:02:01+01;1359
2015-03-25 15:58:01+01;1349
2015-03-25 23:02:01+01;1479
2015-03-26 05:34:01+01;1459
2015-03-26 06:50:01+01;1349
2015-03-26 23:02:01+01;1489
2015-03-27 05:54:01+01;1489
2015-03-27 06:42:01+01;1439
2015-03-27 07:18:01+01;1429
2015-03-27 07:46:01+01;1419
2015-03-27 10:06:01+01;1409
2015-03-27 12:06:01+01;1399
2015-03-27 13:14:01+01;1389
2015-03-27 14:22:01+01;1379
2015-03-27 16:26:01+01;1369
2015-03-27 23:02:01+01;1509
2015-03-28 05:38:01+01;1489
2015-03-28 07:18:01+01;1439
2015-03-28 08:46:01+01;1429
2015-03-28 08:54:01+01;1409
2015-03-28 11:10:01+01;1409
2015-03-28 12:10:01+01;1399
2015-03-28 13:22:01+01;1389
2015-03-28 13:42:01+01;1379
2015-03-28 23:02:01+01;1509
2015-03-29 05:34:01+02;1489
2015-03-29 07:38:01+02;1459
2015-03-29 08:46:01+02;1449
2015-03-29 08:50:01+02;1399
2015-03-29 12:26:01+02;1369
2015-03-29 23:02:01+02;1509
2015-03-30 06:14:01+02;1489
2015-03-30 07:02:01+02;1449
2015-03-30 09:34:01+02;1439
2015-03-30 12:02:01+02;1389
2015-03-30 14:02:01+02;1379
2015-03-30 14:06:01+02;1379
2015-03-30 23:02:01+02;1509
2015-03-31 05:42:01+02;1489
2015-03-31 06:42:01+02;1479
2015-03-31 07:26:01+02;1429
2015-03-31 08:14:01+02;1419
2015-03-31 09:26:01+02;1409
2015-03-31 10:10:01+02;1399
2015-03-31 13:06:01+02;1379
2015-03-31 14:54:01+02;1369
2015-03-31 17:14:01+02;1359
2015-03-31 23:02:01+02;1509
2015-04-01 05:34:01+02;1489
2015-04-01 07:22:01+02;1429
2015-04-01 08:10:01+02;1419
2015-04-01 09:02:01+02;1409
2015-04-01 10:02:01+02;1399
2015-04-01 10:50:01+02;1389
2015-04-01 11:38:01+02;1389
2015-04-01 14:10:01+02;1379
2015-04-01 15:18:01+02;1369
2015-04-01 23:06:01+02;1509
2015-04-02 05:38:01+02;1509
2015-04-02 05:46:01+02;1489
2015-04-02 07:14:01+02;1429
2015-04-02 08:18:01+02;1409
2015-04-02 09:30:01+02;1399
2015-04-02 11:38:02+02;1389
2015-04-02 19:10:01+02;1379
2015-04-02 23:02:01+02;1519
2015-04-03 05:38:01+02;1509
2015-04-03 05:42:01+02;1489
2015-04-03 06:42:01+02;1429
2015-04-03 07:18:01+02;1419
2015-04-03 08:46:01+02;1399
2015-04-03 09:18:01+02;1399
2015-04-03 10:26:01+02;1389
2015-04-03 15:26:01+02;1369
2015-04-03 23:02:01+02;1519
2015-04-04 05:38:01+02;1489
2015-04-04 07:06:01+02;1429
2015-04-04 07:22:01+02;1419
2015-04-04 08:42:01+02;1409
2015-04-04 09:34:01+02;1399
2015-04-04 11:46:01+02;1389
2015-04-04 12:22:01+02;1379
2015-04-04 12:38:01+02;1369
2015-04-04 23:02:01+02;1519
2015-04-05 05:34:01+02;1489
2015-04-05 07:34:01+02;1429
2015-04-05 08:42:01+02;1419
2015-04-05 08:58:01+02;1409
2015-04-05 10:58:01+02;1409
2015-04-05 11:34:01+02;1399
2015-04-05 12:58:01+02;1389
2015-04-05 14:34:01+02;1379
2015-04-05 23:02:01+02;1519
2015-04-06 05:34:01+02;1489
2015-04-06 08:02:01+02;1429
2015-04-06 08:38:01+02;1419
2015-04-06 09:58:01+02;1409
2015-04-06 17:02:01+02;1399
2015-04-06 23:02:01+02;1519
2015-04-07 05:38:01+02;1489
2015-04-07 06:46:01+02;1449
2015-04-07 08:26:01+02;1409
2015-04-07 10:26:01+02;1409
2015-04-07 11:42:01+02;1409
2015-04-07 13:58:01+02;1409
2015-04-07 14:42:01+02;1399
2015-04-07 16:14:01+02;1389
2015-04-07 17:50:01+02;1369
2015-04-07 23:02:01+02;1519
2015-04-08 05:38:01+02;1489
2015-04-08 06:58:01+02;1439
2015-04-08 07:38:01+02;1429
2015-04-08 08:46:01+02;1409
2015-04-08 11:14:01+02;1389
2015-04-08 13:26:01+02;1379
2015-04-08 14:10:01+02;1369
2015-04-08 23:26:01+02;1529
2015-04-09 05:38:01+02;1489
2015-04-09 08:18:01+02;1409
2015-04-09 08:50:01+02;1409
2015-04-09 09:42:01+02;1399
2015-04-09 09:54:01+02;1389
2015-04-09 11:58:02+02;1389
2015-04-09 13:50:01+02;1379
2015-04-09 14:22:01+02;1369
2015-04-09 23:02:01+02;1519
2015-04-10 05:38:01+02;1509
2015-04-10 05:42:01+02;1489
2015-04-10 06:46:01+02;1449
2015-04-10 06:58:01+02;1439
2015-04-10 08:22:01+02;1409
2015-04-10 08:54:01+02;1409
2015-04-10 09:10:01+02;1399
2015-04-10 09:42:01+02;1399
2015-04-10 10:50:01+02;1389
2015-04-10 11:50:01+02;1379
2015-04-10 13:22:01+02;1369
2015-04-10 14:34:01+02;1359
2015-04-10 23:02:01+02;1519
2015-04-11 05:30:01+02;1489
2015-04-11 07:14:01+02;1439
2015-04-11 07:34:01+02;1429
2015-04-11 10:02:01+02;1409
2015-04-11 11:22:01+02;1399
2015-04-11 12:02:01+02;1399
2015-04-11 12:46:01+02;1379
2015-04-11 14:34:01+02;1359
2015-04-12 05:26:01+02;1489
2015-04-12 07:22:01+02;1429
2015-04-12 08:58:01+02;1419
2015-04-12 09:18:01+02;1409
2015-04-12 11:34:01+02;1399
2015-04-12 12:14:01+02;1379
2015-04-12 12:58:01+02;1369
2015-04-12 17:22:01+02;1359
2015-04-12 23:02:01+02;1519
2015-04-13 05:30:01+02;1509
2015-04-13 05:42:01+02;1489
2015-04-13 06:46:01+02;1429
2015-04-13 07:46:01+02;1419
2015-04-13 08:42:01+02;1409
2015-04-13 09:30:01+02;1409
2015-04-13 09:50:01+02;1399
2015-04-13 10:34:01+02;1399
2015-04-13 12:22:01+02;1389
2015-04-13 12:54:01+02;1379
2015-04-13 16:42:01+02;1369
2015-04-13 23:02:01+02;1529
2015-04-14 05:30:01+02;1509
2015-04-14 06:38:01+02;1479
2015-04-14 07:06:01+02;1449
2015-04-14 08:30:01+02;1419
2015-04-14 09:34:01+02;1409
2015-04-14 10:34:01+02;1399
2015-04-14 12:14:01+02;1399
2015-04-14 13:18:01+02;1389
2015-04-14 15:26:01+02;1379
2015-04-14 16:18:01+02;1379
2015-04-14 18:26:02+02;1379
2015-04-14 23:02:01+02;1539
2015-04-15 07:10:01+02;1459
2015-04-15 08:02:01+02;1449
2015-04-15 08:34:01+02;1439
2015-04-15 10:30:01+02;1399
2015-04-15 12:26:01+02;1399
2015-04-15 13:30:01+02;1389
2015-04-15 14:58:01+02;1379
2015-04-16 05:30:01+02;1509
2015-04-16 06:46:01+02;1459
2015-04-16 08:06:01+02;1449
2015-04-16 08:42:01+02;1429
2015-04-16 09:58:01+02;1419
2015-04-16 12:54:01+02;1409
2015-04-16 14:38:01+02;1409
2015-04-16 14:42:01+02;1389
2015-04-16 23:02:01+02;1559
2015-04-17 05:30:01+02;1539
2015-04-17 05:34:02+02;1519
2015-04-17 06:42:01+02;1479
2015-04-17 07:02:01+02;1469
2015-04-17 07:54:01+02;1459
2015-04-17 08:42:01+02;1449
2015-04-17 08:58:01+02;1439
2015-04-17 11:10:01+02;1429
2015-04-17 13:26:01+02;1429
2015-04-17 15:34:01+02;1419
2015-04-17 16:30:01+02;1419
2015-04-17 16:46:01+02;1409
2015-04-17 23:02:01+02;1569
2015-04-18 05:30:01+02;1539
2015-04-18 05:34:01+02;1519
2015-04-18 07:18:01+02;1469
2015-04-18 08:18:01+02;1459
2015-04-18 08:34:01+02;1449
2015-04-18 10:10:01+02;1439
2015-04-18 11:34:01+02;1429
2015-04-18 12:50:01+02;1419
2015-04-18 14:02:01+02;1409
2015-04-18 18:06:01+02;1409
2015-04-18 23:02:01+02;1569
2015-04-19 05:26:01+02;1539
2015-04-19 05:30:01+02;1519
2015-04-19 07:18:02+02;1469
2015-04-19 08:46:01+02;1459
2015-04-19 08:58:01+02;1449
2015-04-19 10:58:01+02;1449
2015-04-19 11:38:01+02;1429
2015-04-19 13:46:01+02;1419
2015-04-19 15:26:01+02;1409
2015-04-19 16:54:01+02;1409
2015-04-19 23:02:01+02;1569
2015-04-20 05:26:01+02;1539
2015-04-20 05:34:01+02;1519
2015-04-20 06:46:01+02;1469
2015-04-20 07:02:01+02;1459
2015-04-20 08:22:01+02;1449
2015-04-20 09:02:01+02;1439
2015-04-20 10:54:01+02;1429
2015-04-20 12:02:01+02;1429
2015-04-20 14:30:01+02;1409
2015-04-20 23:02:01+02;1559
2015-04-21 05:30:01+02;1539
2015-04-21 05:34:01+02;1519
2015-04-21 06:42:01+02;1469
2015-04-21 07:58:01+02;1459
2015-04-21 08:46:02+02;1449
2015-04-21 10:02:01+02;1439
2015-04-21 11:10:01+02;1429
2015-04-21 12:10:02+02;1429
2015-04-21 14:42:01+02;1409
2015-04-21 23:02:01+02;1559
2015-04-22 05:30:01+02;1539
2015-04-22 05:34:01+02;1519
2015-04-22 06:46:01+02;1479
2015-04-22 08:38:01+02;1449
2015-04-22 10:38:01+02;1439
2015-04-22 11:06:01+02;1429
2015-04-22 13:54:01+02;1419
2015-04-22 15:22:01+02;1409
2015-04-22 23:02:01+02;1559
2015-04-23 05:30:01+02;1539
2015-04-23 05:34:01+02;1519
2015-04-23 06:46:01+02;1469
2015-04-23 07:10:01+02;1459
2015-04-23 08:22:01+02;1449
2015-04-23 09:18:01+02;1439
2015-04-23 10:54:01+02;1429
2015-04-23 13:46:01+02;1409
2015-04-23 23:02:01+02;1559
2015-04-24 05:30:01+02;1539
2015-04-24 05:34:01+02;1519
2015-04-24 06:42:02+02;1479
2015-04-24 07:26:01+02;1469
2015-04-24 08:22:01+02;1459
2015-04-24 09:10:01+02;1449
2015-04-24 11:06:01+02;1439
2015-04-24 13:26:01+02;1429
2015-04-24 13:54:01+02;1419
2015-04-24 23:02:01+02;1569
2015-04-25 05:30:01+02;1549
2015-04-25 05:34:01+02;1529
2015-04-25 07:18:01+02;1469
2015-04-25 08:22:01+02;1459
2015-04-25 09:18:01+02;1449
2015-04-25 10:22:01+02;1439
2015-04-25 12:38:01+02;1429
2015-04-25 13:42:01+02;1419
2015-04-25 23:02:01+02;1569
2015-04-26 05:30:01+02;1549
2015-04-26 05:34:01+02;1529
2015-04-26 07:34:01+02;1489
2015-04-26 14:02:01+02;1489
2015-04-26 14:46:01+02;1419
2015-04-26 23:02:01+02;1569
2015-04-27 05:30:01+02;1549
2015-04-27 05:34:02+02;1529
2015-04-27 06:46:01+02;1489
2015-04-27 08:14:01+02;1479
2015-04-27 08:30:01+02;1469
2015-04-27 09:58:01+02;1459
2015-04-27 10:42:01+02;1449
2015-04-27 13:34:01+02;1439
2015-04-27 23:02:01+02;1569
2015-04-28 06:46:01+02;1509
2015-04-28 07:02:01+02;1499
2015-04-28 08:34:01+02;1489
2015-04-28 10:38:01+02;1479
2015-04-28 11:10:01+02;1459
2015-04-28 15:06:01+02;1449
2015-04-28 16:26:01+02;1449
2015-04-28 17:22:01+02;1449
2015-04-28 23:02:01+02;1579
2015-04-29 05:30:01+02;1569
2015-04-29 06:46:01+02;1509
2015-04-29 07:06:01+02;1499
2015-04-29 09:14:01+02;1479
2015-04-29 11:30:01+02;1459
2015-04-29 13:46:01+02;1449
2015-04-29 14:34:01+02;1449
2015-04-29 17:18:01+02;1439
2015-04-29 18:26:01+02;1439
2015-04-29 23:02:01+02;1579
2015-04-30 06:46:01+02;1499
2015-04-30 07:06:01+02;1489
2015-04-30 08:30:01+02;1479
2015-04-30 12:22:01+02;1459
2015-04-30 13:54:01+02;1449
2015-04-30 15:58:01+02;1449
2015-04-30 17:34:01+02;1439
2015-04-30 18:22:01+02;1429
2015-04-30 23:02:01+02;1589
2015-05-01 05:30:01+02;1579
2015-05-01 06:46:01+02;1519
2015-05-01 08:06:01+02;1449
2015-05-01 08:22:01+02;1429
2015-05-01 11:18:01+02;1429
2015-05-01 15:42:01+02;1419
2015-05-01 23:02:01+02;1589
2015-05-02 05:30:01+02;1579
2015-05-02 07:14:01+02;1489
2015-05-02 08:22:01+02;1479
2015-05-02 08:34:01+02;1469
2015-05-02 09:14:01+02;1459
2015-05-02 09:42:01+02;1449
2015-05-02 11:34:01+02;1439
2015-05-02 12:30:01+02;1429
2015-05-02 13:02:01+02;1419
2015-05-02 23:02:01+02;1589
2015-05-03 05:34:01+02;1579
2015-05-03 07:18:01+02;1509
2015-05-03 09:38:01+02;1469
2015-05-03 11:22:01+02;1449
2015-05-03 12:46:01+02;1439
2015-05-03 14:10:01+02;1429
2015-05-03 14:22:01+02;1419
2015-05-03 23:02:01+02;1589
2015-05-04 05:30:01+02;1579
2015-05-04 06:42:01+02;1509
2015-05-04 06:58:01+02;1499
2015-05-04 07:10:01+02;1489
2015-05-04 08:14:01+02;1489
2015-05-04 11:14:01+02;1469
2015-05-04 13:14:01+02;1449
2015-05-04 15:58:01+02;1439
2015-05-04 17:22:01+02;1419
2015-05-04 23:02:01+02;1589
2015-05-05 05:34:01+02;1579
2015-05-05 06:34:01+02;1509
2015-05-05 06:58:01+02;1499
2015-05-05 08:22:01+02;1489
2015-05-05 11:58:01+02;1469
2015-05-05 13:02:01+02;1459
2015-05-05 18:22:01+02;1439
2015-05-05 18:30:01+02;1429
2015-05-05 23:02:01+02;1589
2015-05-06 05:34:01+02;1589
2015-05-06 06:42:01+02;1509
2015-05-06 08:26:01+02;1499
2015-05-06 08:46:02+02;1489
2015-05-06 11:46:01+02;1469
2015-05-06 23:02:01+02;1589
2015-05-07 05:34:01+02;1589
2015-05-07 06:38:01+02;1519
2015-05-07 07:02:01+02;1509
2015-05-07 09:10:01+02;1489
2015-05-07 11:02:01+02;1469
2015-05-07 14:46:01+02;1449
2015-05-07 18:18:01+02;1439
2015-05-07 23:02:01+02;1589
2015-05-08 05:34:01+02;1589
2015-05-08 06:50:01+02;1509
2015-05-08 07:06:01+02;1499
2015-05-08 08:18:01+02;1469
2015-05-08 09:06:01+02;1459
2015-05-08 09:22:01+02;1439
2015-05-08 12:22:01+02;1429
2015-05-08 12:46:01+02;1419
2015-05-08 14:10:01+02;1409
2015-05-08 17:14:01+02;1409
2015-05-08 18:14:02+02;1409
2015-05-08 23:02:01+02;1579
2015-05-09 05:34:01+02;1579
2015-05-09 07:10:01+02;1499
2015-05-09 07:14:01+02;1489
2015-05-09 07:22:01+02;1479
2015-05-09 08:26:01+02;1469
2015-05-09 09:26:01+02;1459
2015-05-09 11:26:01+02;1409
2015-05-09 12:18:01+02;1409
2015-05-09 23:02:01+02;1579
2015-05-10 05:34:01+02;1579
2015-05-10 08:26:01+02;1499
2015-05-10 14:22:01+02;1499
2015-05-10 15:34:01+02;1429
2015-05-10 23:02:01+02;1579
2015-05-11 05:26:01+02;1579
2015-05-11 06:58:01+02;1499
2015-05-11 10:22:01+02;1499
2015-05-11 11:02:01+02;1499
2015-05-11 11:42:01+02;1459
2015-05-11 12:46:01+02;1459
2015-05-11 14:18:01+02;1459
2015-05-11 14:30:01+02;1439
2015-05-11 23:02:01+02;1579
2015-05-12 05:30:01+02;1579
2015-05-12 06:34:01+02;1549
2015-05-12 06:58:01+02;1499
2015-05-12 08:10:01+02;1479
2015-05-12 12:02:01+02;1449
2015-05-12 13:06:01+02;1439
2015-05-12 15:50:01+02;1429
2015-05-12 23:02:01+02;1589
2015-05-13 05:34:01+02;1579
2015-05-13 06:38:01+02;1549
2015-05-13 06:46:01+02;1549
2015-05-13 07:02:01+02;1499
2015-05-13 08:30:01+02;1489
2015-05-13 08:50:01+02;1489
2015-05-13 10:18:01+02;1469
2015-05-13 13:18:01+02;1469
2015-05-13 14:18:01+02;1439
2015-05-13 17:26:01+02;1429
2015-05-13 23:02:01+02;1589
2015-05-14 05:30:01+02;1579
2015-05-14 06:38:01+02;1509
2015-05-14 06:54:01+02;1509
2015-05-14 08:18:01+02;1499
2015-05-14 09:06:01+02;1499
2015-05-14 10:02:01+02;1479
2015-05-14 10:34:01+02;1479
2015-05-14 11:30:01+02;1469
2015-05-14 14:30:01+02;1469
2015-05-14 14:50:01+02;1459
2015-05-14 16:10:01+02;1449
2015-05-14 23:02:01+02;1589
2015-05-15 05:30:01+02;1579
2015-05-15 06:46:01+02;1509
2015-05-15 06:54:01+02;1509
2015-05-15 07:22:01+02;1509
2015-05-15 07:54:01+02;1499
2015-05-15 10:18:01+02;1479
2015-05-15 10:26:01+02;1479
2015-05-15 11:34:01+02;1469
2015-05-15 15:50:01+02;1439
2015-05-15 23:02:01+02;1589
2015-05-16 05:34:01+02;1579
2015-05-16 07:10:01+02;1509
2015-05-16 07:30:01+02;1489
2015-05-16 08:30:01+02;1489
2015-05-16 10:22:01+02;1489
2015-05-16 10:26:01+02;1459
2015-05-16 13:22:01+02;1439
2015-05-16 23:02:01+02;1589
2015-05-17 05:30:01+02;1579
2015-05-17 07:10:01+02;1439
2015-05-17 08:14:01+02;1439
2015-05-17 10:14:01+02;1439
2015-05-17 12:18:01+02;1439
2015-05-17 14:46:01+02;1439
2015-05-17 23:02:01+02;1589
2015-05-18 05:34:01+02;1579
2015-05-18 06:54:01+02;1509
2015-05-18 07:34:01+02;1509
2015-05-18 08:34:01+02;1489
2015-05-18 15:58:01+02;1429
2015-05-18 23:02:01+02;1589
2015-05-19 05:30:01+02;1589
2015-05-19 06:42:01+02;1509
2015-05-19 06:46:01+02;1509
2015-05-19 07:34:01+02;1509
2015-05-19 08:30:01+02;1499
2015-05-19 10:02:01+02;1479
2015-05-19 10:38:01+02;1479
2015-05-19 11:02:01+02;1469
2015-05-19 15:22:01+02;1449
2015-05-19 16:42:01+02;1449
2015-05-19 23:02:01+02;1589
2015-05-20 05:30:01+02;1589
2015-05-20 06:54:01+02;1499
2015-05-20 08:34:01+02;1499
2015-05-20 08:46:01+02;1489
2015-05-20 10:46:01+02;1489
2015-05-20 11:06:01+02;1459
2015-05-20 15:22:01+02;1429
2015-05-20 23:02:01+02;1589
2015-05-21 05:30:01+02;1589
2015-05-21 06:46:01+02;1589
2015-05-21 06:54:01+02;1499
2015-05-21 09:26:01+02;1499
2015-05-21 10:46:01+02;1499
2015-05-21 11:10:01+02;1459
2015-05-21 12:54:01+02;1459
2015-05-21 14:10:01+02;1439
2015-05-21 16:46:01+02;1429
2015-05-21 23:02:01+02;1589
2015-05-22 06:38:01+02;1589
2015-05-22 06:58:01+02;1509
2015-05-22 07:10:01+02;1439
2015-05-22 10:22:01+02;1439
2015-05-22 11:38:01+02;1439
2015-05-22 15:18:01+02;1439
2015-05-22 23:02:01+02;1589
2015-05-23 05:38:01+02;1589
2015-05-23 07:10:01+02;1509
2015-05-23 09:06:01+02;1499
2015-05-23 10:30:01+02;1499
2015-05-23 10:46:01+02;1479
2015-05-23 12:46:01+02;1469
2015-05-23 13:06:01+02;1469
2015-05-23 13:46:01+02;1439
2015-05-23 15:46:01+02;1439
2015-05-23 23:02:01+02;1589
2015-05-24 05:34:01+02;1589
2015-05-24 07:22:01+02;1499
2015-05-24 10:22:01+02;1499
2015-05-24 11:06:01+02;1479
2015-05-24 11:10:01+02;1479
2015-05-24 13:18:01+02;1479
2015-05-24 14:46:01+02;1439
2015-05-24 17:34:01+02;1439
2015-05-24 23:02:01+02;1589
2015-05-25 05:38:01+02;1589
2015-05-25 06:34:01+02;1589
2015-05-25 07:22:01+02;1589
2015-05-25 07:30:01+02;1509
2015-05-25 08:54:01+02;1439
2015-05-25 09:22:01+02;1439
2015-05-25 23:02:01+02;1589
2015-05-26 05:38:01+02;1589
2015-05-26 06:50:01+02;1589
2015-05-26 06:58:01+02;1509
2015-05-26 08:46:01+02;1509
2015-05-26 11:18:01+02;1489
2015-05-26 11:26:01+02;1489
2015-05-26 14:46:01+02;1479
2015-05-26 15:50:01+02;1469
2015-05-26 17:10:01+02;1459
2015-05-26 18:10:01+02;1449
2015-05-26 19:26:01+02;1449
2015-05-26 23:02:01+02;1609
2015-05-27 05:42:01+02;1589
2015-05-27 06:46:01+02;1589
2015-05-27 06:58:01+02;1489
2015-05-27 07:18:01+02;1459
2015-05-27 08:14:01+02;1459
2015-05-27 12:14:01+02;1449
2015-05-27 23:02:01+02;1609
2015-05-28 05:42:01+02;1589
2015-05-28 06:50:01+02;1589
2015-05-28 07:02:01+02;1479
2015-05-28 08:34:01+02;1469
2015-05-28 10:10:01+02;1449
2015-05-28 11:18:01+02;1449
2015-05-28 16:46:01+02;1449
2015-05-28 23:02:01+02;1599
2015-05-29 05:38:01+02;1589
2015-05-29 06:42:01+02;1589
2015-05-29 07:02:01+02;1529
2015-05-29 07:06:02+02;1529
2015-05-29 07:30:01+02;1509
2015-05-29 10:30:01+02;1509
2015-05-29 11:18:01+02;1469
2015-05-29 14:42:01+02;1449
2015-05-29 23:02:01+02;1599
2015-05-30 05:34:01+02;1589
2015-05-30 07:14:01+02;1509
2015-05-30 07:18:01+02;1489
2015-05-30 08:14:01+02;1479
2015-05-30 10:22:01+02;1479
2015-05-30 11:14:01+02;1449
2015-05-30 13:42:01+02;1449
2015-05-30 23:02:01+02;1599
2015-05-31 05:38:01+02;1589
2015-05-31 07:14:01+02;1499
2015-05-31 10:14:01+02;1469
2015-05-31 11:14:01+02;1469
2015-05-31 11:18:01+02;1459
2015-05-31 12:18:01+02;1459
2015-05-31 14:50:01+02;1449
2015-05-31 23:02:01+02;1599
2015-06-01 06:02:01+02;1589
2015-06-01 07:02:01+02;1529
2015-06-01 07:26:01+02;1509
2015-06-01 08:22:01+02;1469
2015-06-01 09:42:01+02;1469
2015-06-01 11:18:01+02;1449
2015-06-01 11:34:01+02;1449
2015-06-01 13:10:01+02;1439
2015-06-01 14:42:01+02;1439
2015-06-01 23:02:01+02;1609
2015-06-02 05:50:01+02;1609
2015-06-02 06:50:01+02;1609
2015-06-02 07:02:01+02;1609
2015-06-02 07:06:01+02;1499
2015-06-02 07:58:01+02;1489
2015-06-02 08:22:01+02;1489
2015-06-02 09:34:01+02;1489
2015-06-02 10:18:01+02;1469
2015-06-02 13:30:01+02;1459
2015-06-02 23:02:01+02;1619
2015-06-03 05:54:01+02;1609
2015-06-03 06:50:01+02;1609
2015-06-03 06:58:01+02;1499
2015-06-03 08:34:01+02;1489
2015-06-03 10:30:01+02;1489
2015-06-03 10:34:01+02;1459
2015-06-03 23:02:01+02;1619
2015-06-04 05:54:01+02;1599
2015-06-04 07:14:01+02;1599
2015-06-04 07:58:01+02;1599
2015-06-04 08:26:01+02;1489
2015-06-04 10:50:01+02;1459
2015-06-04 23:02:01+02;1609
2015-06-05 05:46:01+02;1599
2015-06-05 06:58:02+02;1599
2015-06-05 07:02:01+02;1489
2015-06-05 10:22:01+02;1489
2015-06-05 12:58:01+02;1489
2015-06-05 16:34:01+02;1469
2015-06-05 17:06:01+02;1459
2015-06-05 23:02:01+02;1599
2015-06-06 07:14:01+02;1499
2015-06-06 07:50:01+02;1489
2015-06-06 08:46:01+02;1489
2015-06-06 10:30:01+02;1489
2015-06-06 12:18:01+02;1459
2015-06-06 13:34:01+02;1449
2015-06-06 23:02:01+02;1599
2015-06-07 07:22:01+02;1599
2015-06-07 08:10:01+02;1489
2015-06-07 09:10:01+02;1489
2015-06-07 10:26:01+02;1479
2015-06-07 10:38:01+02;1479
2015-06-07 11:38:01+02;1469
2015-06-07 14:54:01+02;1449
2015-06-07 23:02:01+02;1599
2015-06-08 07:06:01+02;1499
2015-06-08 07:46:01+02;1489
2015-06-08 09:38:01+02;1489
2015-06-08 10:22:01+02;1459
2015-06-08 12:26:01+02;1459
2015-06-08 13:18:01+02;1439
2015-06-08 16:34:01+02;1429
2015-06-08 23:02:01+02;1609
2015-06-09 06:50:01+02;1479
2015-06-09 07:06:01+02;1479
2015-06-09 07:14:01+02;1439
2015-06-09 08:50:01+02;1439
2015-06-09 10:38:01+02;1439
2015-06-09 23:02:01+02;1619
2015-06-10 05:46:01+02;1609
2015-06-10 06:34:01+02;1609
2015-06-10 06:58:01+02;1479
2015-06-10 07:14:01+02;1479
2015-06-10 08:50:01+02;1469
2015-06-10 08:54:01+02;1469
2015-06-10 09:38:01+02;1469
2015-06-10 10:02:01+02;1449
2015-06-10 11:30:01+02;1439
2015-06-10 23:02:01+02;1629
2015-06-11 05:46:01+02;1619
2015-06-11 06:46:01+02;1619
2015-06-11 06:58:01+02;1479
2015-06-11 07:02:01+02;1479
2015-06-11 07:58:01+02;1469
2015-06-11 10:02:01+02;1449
2015-06-11 23:02:01+02;1639
2015-06-12 05:34:01+02;1619
2015-06-12 06:46:01+02;1619
2015-06-12 06:50:01+02;1529
2015-06-12 07:02:01+02;1529
2015-06-12 07:14:01+02;1509
2015-06-12 09:38:01+02;1509
2015-06-12 10:18:01+02;1499
2015-06-12 11:18:01+02;1489
2015-06-12 13:30:01+02;1469
2015-06-12 14:54:01+02;1459
2015-06-12 15:50:01+02;1459
2015-06-12 23:02:01+02;1629
2015-06-13 06:06:01+02;1609
2015-06-13 07:10:01+02;1509
2015-06-13 07:34:01+02;1509
2015-06-13 08:42:01+02;1499
2015-06-13 09:58:01+02;1489
2015-06-13 12:30:01+02;1489
2015-06-13 12:38:01+02;1479
2015-06-13 14:02:01+02;1459
2015-06-13 23:02:01+02;1629
2015-06-14 05:58:01+02;1609
2015-06-14 07:26:01+02;1519
2015-06-14 08:34:01+02;1519
2015-06-14 10:26:01+02;1519
2015-06-14 11:26:01+02;1489
2015-06-14 12:46:01+02;1489
2015-06-14 14:50:01+02;1459
2015-06-14 23:02:01+02;1629
2015-06-15 05:34:01+02;1609
2015-06-15 06:50:01+02;1609
2015-06-15 07:02:01+02;1519
2015-06-15 07:26:01+02;1519
2015-06-15 08:46:01+02;1509
2015-06-15 10:34:01+02;1509
2015-06-15 11:30:01+02;1509
2015-06-15 11:34:01+02;1489
2015-06-15 16:14:01+02;1449
2015-06-15 23:02:01+02;1629
2015-06-16 05:38:01+02;1609
2015-06-16 06:46:01+02;1609
2015-06-16 07:22:01+02;1469
2015-06-16 13:30:01+02;1469
2015-06-16 14:10:01+02;1469
2015-06-16 15:30:01+02;1449
2015-06-16 17:18:01+02;1449
2015-06-16 23:02:01+02;1629
2015-06-17 05:38:01+02;1609
2015-06-17 06:42:01+02;1609
2015-06-17 07:02:01+02;1479
2015-06-17 08:06:01+02;1469
2015-06-17 10:26:01+02;1449
2015-06-17 23:02:01+02;1639
2015-06-18 05:38:01+02;1609
2015-06-18 06:34:01+02;1609
2015-06-18 07:02:01+02;1489
2015-06-18 08:18:01+02;1479
2015-06-18 10:18:02+02;1459
2015-06-18 10:54:01+02;1459
2015-06-18 23:02:01+02;1639
2015-06-19 05:34:01+02;1609
2015-06-19 06:46:01+02;1609
2015-06-19 06:58:01+02;1609
2015-06-19 07:02:01+02;1499
2015-06-19 08:46:01+02;1479
2015-06-19 10:38:01+02;1459
2015-06-19 23:02:01+02;1639
2015-06-20 08:18:01+02;1499
2015-06-20 12:50:01+02;1499
2015-06-20 13:38:01+02;1499
2015-06-20 14:46:01+02;1499
2015-06-20 15:06:01+02;1459
2015-06-20 18:50:01+02;1449
2015-06-20 20:14:01+02;1439
2015-06-20 23:02:01+02;1639
2015-06-21 05:42:01+02;1609
2015-06-21 07:18:01+02;1449
2015-06-21 09:46:01+02;1449
2015-06-21 10:38:01+02;1449
2015-06-21 11:50:01+02;1449
2015-06-21 13:06:01+02;1449
2015-06-21 14:58:01+02;1439
2015-06-21 16:46:01+02;1439
2015-06-21 23:02:01+02;1639
2015-06-22 05:34:01+02;1609
2015-06-22 06:58:01+02;1609
2015-06-22 07:10:01+02;1509
2015-06-22 07:50:01+02;1459
2015-06-22 10:02:01+02;1439
2015-06-22 23:02:01+02;1619
2015-06-23 05:50:01+02;1609
2015-06-23 06:46:01+02;1609
2015-06-23 07:14:01+02;1519
2015-06-23 08:58:01+02;1499
2015-06-23 16:22:01+02;1499
2015-06-23 16:58:01+02;1459
2015-06-23 23:02:01+02;1609
2015-06-24 05:42:01+02;1609
2015-06-24 07:02:01+02;1609
2015-06-24 07:18:01+02;1459
2015-06-24 10:34:01+02;1459
2015-06-24 23:02:01+02;1619
2015-06-25 05:42:01+02;1609
2015-06-25 07:14:01+02;1529
2015-06-25 07:38:01+02;1519
2015-06-25 13:02:01+02;1519
2015-06-25 14:14:01+02;1509
2015-06-25 15:46:01+02;1499
2015-06-25 16:34:01+02;1499
2015-06-25 17:02:01+02;1479
2015-06-25 23:02:01+02;1619
2015-06-26 05:38:01+02;1609
2015-06-26 07:14:01+02;1519
2015-06-26 07:34:01+02;1519
2015-06-26 15:34:01+02;1499
2015-06-26 16:26:01+02;1499
2015-06-26 16:42:01+02;1489
2015-06-26 19:18:01+02;1489
2015-06-26 19:22:01+02;1469
2015-06-26 23:02:01+02;1609
2015-06-27 06:46:01+02;1609
2015-06-27 07:22:01+02;1519
2015-06-27 08:30:01+02;1499
2015-06-27 13:34:01+02;1499
2015-06-27 13:58:01+02;1469
2015-06-27 14:26:01+02;1469
2015-06-27 23:02:01+02;1609
2015-06-28 05:34:01+02;1609
2015-06-28 07:14:01+02;1509
2015-06-28 07:42:01+02;1509
2015-06-28 12:42:01+02;1509
2015-06-28 13:34:01+02;1499
2015-06-28 14:34:01+02;1469
2015-06-28 23:02:01+02;1609
2015-06-29 05:34:01+02;1609
2015-06-29 06:46:01+02;1609
2015-06-29 07:14:01+02;1509
2015-06-29 07:34:01+02;1499
2015-06-29 12:18:01+02;1499
2015-06-29 16:22:01+02;1479
2015-06-29 17:02:01+02;1469
2015-06-29 19:26:01+02;1449
2015-06-29 23:02:01+02;1609
2015-06-30 05:34:01+02;1609
2015-06-30 07:18:01+02;1509
2015-06-30 15:46:01+02;1509
2015-06-30 16:30:01+02;1489
2015-06-30 16:34:01+02;1479
2015-06-30 17:10:01+02;1469
2015-06-30 18:22:01+02;1469
2015-06-30 18:26:01+02;1459
2015-06-30 23:02:01+02;1609
2015-07-01 05:34:01+02;1609
2015-07-01 07:26:01+02;1509
2015-07-01 07:30:01+02;1509
2015-07-01 15:30:01+02;1509
2015-07-01 16:14:01+02;1469
2015-07-01 17:46:01+02;1459
2015-07-01 20:38:01+02;1459
2015-07-01 23:02:01+02;1619
2015-07-02 05:38:01+02;1609
2015-07-02 07:02:01+02;1609
2015-07-02 07:22:01+02;1509
2015-07-02 11:14:01+02;1479
2015-07-02 11:18:01+02;1469
2015-07-02 11:54:01+02;1459
2015-07-02 16:10:01+02;1459
2015-07-02 23:02:01+02;1619
2015-07-03 05:42:01+02;1609
2015-07-03 07:06:01+02;1609
2015-07-03 07:18:01+02;1519
2015-07-03 07:58:01+02;1509
2015-07-03 12:02:01+02;1539
2015-07-03 15:02:02+02;1519
2015-07-03 15:26:01+02;1509
2015-07-03 15:34:01+02;1479
2015-07-03 16:54:01+02;1479
2015-07-03 17:14:01+02;1479
2015-07-03 23:02:01+02;1619
2015-07-04 05:34:01+02;1609
2015-07-04 07:18:01+02;1609
2015-07-04 07:38:01+02;1509
2015-07-04 12:02:01+02;1539
2015-07-04 14:10:01+02;1509
2015-07-04 14:26:01+02;1509
2015-07-04 15:14:01+02;1479
2015-07-04 23:02:01+02;1649
2015-07-05 06:02:01+02;1609
2015-07-05 07:18:01+02;1499
2015-07-05 07:30:01+02;1499
2015-07-05 10:22:01+02;1499
2015-07-05 12:02:01+02;1529
2015-07-05 16:22:01+02;1469
2015-07-05 16:42:01+02;1469
2015-07-05 18:54:01+02;1449
2015-07-05 23:02:01+02;1679
2015-07-06 05:38:01+02;1609
2015-07-06 07:06:01+02;1609
2015-07-06 07:26:01+02;1569
2015-07-06 07:38:01+02;1529
2015-07-06 10:34:01+02;1519
2015-07-06 11:06:01+02;1519
2015-07-06 12:02:01+02;1549
2015-07-06 12:22:01+02;1549
2015-07-06 14:42:02+02;1519
2015-07-06 15:22:01+02;1499
2015-07-06 17:46:01+02;1499
2015-07-06 18:46:01+02;1499
2015-07-06 23:02:01+02;1619
2015-07-07 05:34:01+02;1609
2015-07-07 06:42:01+02;1609
2015-07-07 07:22:01+02;1539
2015-07-07 09:22:01+02;1529
2015-07-07 09:50:01+02;1529
2015-07-07 12:02:01+02;1559
2015-07-07 14:10:01+02;1519
2015-07-07 15:18:01+02;1519
2015-07-07 15:30:01+02;1479
2015-07-07 17:26:01+02;1479
2015-07-07 23:02:01+02;1629
2015-07-08 05:34:01+02;1609
2015-07-08 06:46:01+02;1609
2015-07-08 07:26:01+02;1529
2015-07-08 12:02:01+02;1559
2015-07-08 12:30:01+02;1559
2015-07-08 14:14:01+02;1539
2015-07-08 14:26:01+02;1529
2015-07-08 15:50:01+02;1489
2015-07-08 18:30:01+02;1479
2015-07-08 18:46:01+02;1479
2015-07-08 23:02:01+02;1629
2015-07-09 05:34:01+02;1609
2015-07-09 06:42:01+02;1609
2015-07-09 07:26:01+02;1539
2015-07-09 07:34:01+02;1529
2015-07-09 11:06:01+02;1529
2015-07-09 12:02:01+02;1559
2015-07-09 14:02:01+02;1539
2015-07-09 14:18:01+02;1539
2015-07-09 14:46:01+02;1529
2015-07-09 15:34:01+02;1509
2015-07-09 23:02:01+02;1629
2015-07-10 05:34:01+02;1609
2015-07-10 06:50:01+02;1609
2015-07-10 07:18:01+02;1539
2015-07-10 10:38:01+02;1489
2015-07-10 12:02:01+02;1519
2015-07-10 12:58:01+02;1519
2015-07-10 14:38:01+02;1489
2015-07-10 15:02:01+02;1489
2015-07-10 16:02:01+02;1459
2015-07-10 23:02:01+02;1629
2015-07-11 05:38:01+02;1609
2015-07-11 07:30:01+02;1549
2015-07-11 07:50:01+02;1499
2015-07-11 07:58:01+02;1499
2015-07-11 08:38:01+02;1489
2015-07-11 10:38:01+02;1479
2015-07-11 12:02:01+02;1509
2015-07-11 14:10:01+02;1479
2015-07-11 14:38:01+02;1479
2015-07-11 16:22:01+02;1459
2015-07-11 23:02:01+02;1629
2015-07-12 05:34:01+02;1609
2015-07-12 08:30:01+02;1499
2015-07-12 10:42:01+02;1479
2015-07-12 12:02:01+02;1509
2015-07-12 14:30:01+02;1509
2015-07-12 14:54:01+02;1489
2015-07-12 16:22:01+02;1459
2015-07-12 23:02:01+02;1629
2015-07-13 05:34:01+02;1609
2015-07-13 06:42:01+02;1609
2015-07-13 07:14:01+02;1489
2015-07-13 07:22:01+02;1489
2015-07-13 08:34:01+02;1489
2015-07-13 09:58:01+02;1479
2015-07-13 11:14:01+02;1469
2015-07-13 12:34:01+02;1509
2015-07-13 13:58:01+02;1489
2015-07-13 15:26:01+02;1459
2015-07-13 23:02:01+02;1609
2015-07-14 05:34:01+02;1589
2015-07-14 06:46:01+02;1589
2015-07-14 07:14:01+02;1589
2015-07-14 07:22:01+02;1509
2015-07-14 08:02:01+02;1499
2015-07-14 11:02:01+02;1479
2015-07-14 12:34:01+02;1509
2015-07-14 14:46:01+02;1489
2015-07-14 15:10:01+02;1479
2015-07-14 15:26:01+02;1459
2015-07-14 23:02:01+02;1589
2015-07-15 05:34:01+02;1579
2015-07-15 06:46:01+02;1579
2015-07-15 07:14:01+02;1539
2015-07-15 07:22:01+02;1499
2015-07-15 10:46:01+02;1499
2015-07-15 11:06:01+02;1459
2015-07-15 12:34:01+02;1489
2015-07-15 13:58:01+02;1469
2015-07-15 15:26:01+02;1439
2015-07-15 16:42:01+02;1429
2015-07-15 18:18:01+02;1419
2015-07-15 23:02:01+02;1579
2015-07-16 05:34:01+02;1579
2015-07-16 06:38:01+02;1579
2015-07-16 07:22:01+02;1479
2015-07-16 07:26:01+02;1449
2015-07-16 08:06:01+02;1449
2015-07-16 11:34:01+02;1449
2015-07-16 12:34:01+02;1479
2015-07-16 14:14:01+02;1449
2015-07-16 16:10:01+02;1419
2015-07-16 23:02:01+02;1569
2015-07-17 05:42:01+02;1569
2015-07-17 07:26:01+02;1459
2015-07-17 08:34:01+02;1439
2015-07-17 12:34:01+02;1469
2015-07-17 14:02:01+02;1449
2015-07-17 14:58:01+02;1419
2015-07-17 23:02:01+02;1569
2015-07-18 05:38:02+02;1569
2015-07-18 07:30:01+02;1549
2015-07-18 08:18:01+02;1449
2015-07-18 12:34:01+02;1479
2015-07-18 14:10:01+02;1419
2015-07-18 23:02:01+02;1569
2015-07-19 05:58:01+02;1569
2015-07-19 08:26:02+02;1449
2015-07-19 10:22:01+02;1439
2015-07-19 11:42:01+02;1419
2015-07-19 12:34:01+02;1449
2015-07-19 14:42:01+02;1429
2015-07-19 15:38:01+02;1419
2015-07-20 23:02:01+02;1579
2015-07-21 05:42:01+02;1579
2015-07-21 06:54:01+02;1579
2015-07-21 07:34:01+02;1529
2015-07-21 09:42:01+02;1479
2015-07-21 10:14:01+02;1479
2015-07-21 10:26:01+02;1449
2015-07-21 11:14:01+02;1449
2015-07-21 11:26:01+02;1429
2015-07-21 12:34:02+02;1459
2015-07-21 14:02:01+02;1439
2015-07-21 14:34:01+02;1439
2015-07-21 14:42:01+02;1429
2015-07-21 14:46:01+02;1409
2015-07-21 16:02:01+02;1409
2015-07-21 23:02:01+02;1589
2015-07-22 05:30:01+02;1579
2015-07-22 06:42:01+02;1579
2015-07-22 07:10:01+02;1519
2015-07-22 07:26:01+02;1479
2015-07-22 08:38:01+02;1469
2015-07-22 11:18:01+02;1469
2015-07-22 11:38:01+02;1439
2015-07-22 12:34:01+02;1469
2015-07-22 14:02:01+02;1449
2015-07-22 14:50:01+02;1419
2015-07-22 23:02:01+02;1579
2015-07-23 05:30:01+02;1569
2015-07-23 06:46:01+02;1569
2015-07-23 07:18:01+02;1519
2015-07-23 07:34:01+02;1519
2015-07-23 07:38:01+02;1479
2015-07-23 08:14:01+02;1469
2015-07-23 11:34:01+02;1469
2015-07-23 11:46:01+02;1449
2015-07-23 12:34:01+02;1479
2015-07-23 13:54:01+02;1469
2015-07-23 14:02:01+02;1439
2015-07-23 15:26:01+02;1439
2015-07-23 23:02:01+02;1569
2015-07-24 05:34:01+02;1569
2015-07-24 06:46:01+02;1569
2015-07-24 07:18:01+02;1519
2015-07-24 08:30:01+02;1519
2015-07-24 08:42:01+02;1469
2015-07-24 09:58:01+02;1459
2015-07-24 12:34:01+02;1489
2015-07-24 14:02:01+02;1439
2015-07-24 14:46:01+02;1439
2015-07-24 15:34:01+02;1429
2015-07-24 15:42:02+02;1419
2015-07-24 17:50:01+02;1409
2015-07-24 23:02:01+02;1569
2015-07-25 05:30:01+02;1569
2015-07-25 07:14:01+02;1519
2015-07-25 07:46:01+02;1459
2015-07-25 07:54:01+02;1459
2015-07-25 08:46:01+02;1449
2015-07-25 09:30:01+02;1439
2015-07-25 10:34:01+02;1429
2015-07-25 11:42:01+02;1419
2015-07-25 12:34:01+02;1449
2015-07-25 13:50:01+02;1439
2015-07-25 14:18:01+02;1409
2015-07-25 16:46:01+02;1399
2015-07-25 23:06:01+02;1569
2015-07-26 05:30:01+02;1569
2015-07-26 08:30:01+02;1449
2015-07-26 10:42:01+02;1409
2015-07-26 12:34:01+02;1439
2015-07-26 13:26:01+02;1429
2015-07-26 15:02:01+02;1399
2015-07-26 23:02:01+02;1569
2015-07-27 05:30:01+02;1569
2015-07-27 07:30:01+02;1459
2015-07-27 08:38:01+02;1449
2015-07-27 11:46:01+02;1429
2015-07-27 12:34:01+02;1459
2015-07-27 14:02:01+02;1449
2015-07-27 14:10:01+02;1419
2015-07-27 14:46:01+02;1409
2015-07-27 18:14:01+02;1399
2015-07-27 23:02:01+02;1569
2015-07-28 05:30:01+02;1569
2015-07-28 07:34:01+02;1449
2015-07-28 09:06:01+02;1439
2015-07-28 11:38:01+02;1419
2015-07-28 12:34:01+02;1449
2015-07-28 14:06:01+02;1439
2015-07-28 14:14:01+02;1409
2015-07-28 16:34:01+02;1399
2015-07-28 23:02:01+02;1559
2015-07-29 05:34:01+02;1559
2015-07-29 07:22:01+02;1459
2015-07-29 08:38:01+02;1449
2015-07-29 12:34:01+02;1479
2015-07-29 12:46:01+02;1459
2015-07-29 14:14:01+02;1449
2015-07-29 14:34:01+02;1419
2015-07-29 17:30:01+02;1399
2015-07-29 23:02:01+02;1549
2015-07-30 05:34:01+02;1549
2015-07-30 07:22:01+02;1439
2015-07-30 08:22:01+02;1419
2015-07-30 10:50:01+02;1419
2015-07-30 11:42:01+02;1399
2015-07-30 12:34:01+02;1429
2015-07-30 14:02:01+02;1419
2015-07-30 14:06:01+02;1389
2015-07-30 23:02:01+02;1569
2015-07-31 07:22:01+02;1429
2015-07-31 08:50:01+02;1389
2015-07-31 11:14:01+02;1389
2015-07-31 12:34:01+02;1419
2015-07-31 14:22:01+02;1399
2015-07-31 23:02:01+02;1579
2015-08-01 05:34:01+02;1579
2015-08-01 07:34:01+02;1449
2015-08-01 08:26:01+02;1449
2015-08-01 08:30:01+02;1439
2015-08-01 09:50:01+02;1419
2015-08-01 11:50:01+02;1409
2015-08-01 12:34:01+02;1439
2015-08-01 14:54:01+02;1399
2015-08-01 23:02:01+02;1579
2015-08-02 05:50:01+02;1579
2015-08-02 08:10:01+02;1459
2015-08-02 08:38:01+02;1459
2015-08-02 08:46:01+02;1449
2015-08-02 09:14:01+02;1449
2015-08-02 10:06:01+02;1439
2015-08-02 11:22:01+02;1429
2015-08-02 12:34:01+02;1459
2015-08-02 14:02:01+02;1439
2015-08-02 15:02:01+02;1399
2015-08-02 23:02:01+02;1579
2015-08-03 05:42:01+02;1579
2015-08-03 07:22:01+02;1459
2015-08-03 08:10:01+02;1449
2015-08-03 08:58:01+02;1439
2015-08-03 11:58:01+02;1419
2015-08-03 12:34:01+02;1449
2015-08-03 14:06:01+02;1439
2015-08-03 15:38:01+02;1399
2015-08-03 23:02:01+02;1579
2015-08-04 07:18:01+02;1459
2015-08-04 08:30:01+02;1449
2015-08-04 10:38:01+02;1419
2015-08-04 12:34:01+02;1449
2015-08-04 14:06:01+02;1449
2015-08-04 14:10:01+02;1439
2015-08-04 14:34:01+02;1409
2015-08-04 18:02:01+02;1399
2015-08-04 23:02:01+02;1559
2015-08-05 07:26:01+02;1459
2015-08-05 08:10:01+02;1449
2015-08-05 10:14:01+02;1409
2015-08-05 12:34:01+02;1439
2015-08-05 14:06:01+02;1419
2015-08-05 14:54:01+02;1389
2015-08-05 18:02:01+02;1389
2015-08-05 23:06:01+02;1559
2015-08-06 07:26:01+02;1439
2015-08-06 10:34:01+02;1429
2015-08-06 10:46:01+02;1419
2015-08-06 12:34:01+02;1449
2015-08-06 13:58:01+02;1419
2015-08-06 15:34:01+02;1389
2015-08-06 23:02:01+02;1559
2015-08-07 07:18:01+02;1549
2015-08-07 07:22:01+02;1399
2015-08-07 08:46:01+02;1399
2015-08-07 10:22:01+02;1389
2015-08-07 12:34:01+02;1419
2015-08-07 14:02:01+02;1419
2015-08-07 14:14:01+02;1389
2015-08-07 15:22:01+02;1389
2015-08-07 23:02:01+02;1539
2015-08-08 07:14:01+02;1539
2015-08-08 07:34:01+02;1449
2015-08-08 07:58:01+02;1449
2015-08-08 08:30:01+02;1439
2015-08-08 10:10:01+02;1429
2015-08-08 12:34:01+02;1459
2015-08-08 14:02:01+02;1439
2015-08-08 14:14:01+02;1399
2015-08-08 16:38:01+02;1389
2015-08-08 23:02:01+02;1539
2015-08-09 11:34:01+02;1439
2015-08-09 12:34:01+02;1469
2015-08-09 14:58:01+02;1419
2015-08-09 16:22:01+02;1409
2015-08-09 17:22:01+02;1399
2015-08-09 23:02:01+02;1539
2015-08-10 07:22:01+02;1439
2015-08-10 08:26:01+02;1419
2015-08-10 11:30:01+02;1399
2015-08-10 12:34:01+02;1429
2015-08-10 14:06:01+02;1419
2015-08-10 18:02:01+02;1379
2015-08-10 23:02:01+02;1539
2015-08-11 07:22:01+02;1439
2015-08-11 08:34:01+02;1419
2015-08-11 11:02:01+02;1389
2015-08-11 12:34:01+02;1419
2015-08-11 14:26:01+02;1409
2015-08-11 14:42:01+02;1389
2015-08-11 17:58:01+02;1369
2015-08-11 23:02:01+02;1539
2015-08-12 05:46:01+02;1539
2015-08-12 07:22:01+02;1429
2015-08-12 07:46:01+02;1419
2015-08-12 11:22:01+02;1399
2015-08-12 12:34:01+02;1429
2015-08-12 12:54:01+02;1409
2015-08-12 14:34:01+02;1379
2015-08-12 17:54:01+02;1369
2015-08-12 23:02:01+02;1539
2015-08-13 05:30:01+02;1539
2015-08-13 07:34:01+02;1429
2015-08-13 08:14:01+02;1409
2015-08-13 10:26:01+02;1399
2015-08-13 11:26:01+02;1389
2015-08-13 12:34:01+02;1419
2015-08-13 14:02:01+02;1389
2015-08-13 14:18:01+02;1379
2015-08-13 15:38:01+02;1369
2015-08-13 18:02:01+02;1359
2015-08-13 23:02:01+02;1539
2015-08-14 07:30:01+02;1409
2015-08-14 08:18:01+02;1399
2015-08-14 10:14:01+02;1389
2015-08-14 10:50:01+02;1389
2015-08-14 12:34:01+02;1419
2015-08-14 14:06:01+02;1409
2015-08-14 14:58:01+02;1389
2015-08-14 15:02:01+02;1379
2015-08-14 18:18:01+02;1359
2015-08-14 23:02:01+02;1529
2015-08-15 05:34:01+02;1529
2015-08-15 07:26:02+02;1409
2015-08-15 07:58:01+02;1409
2015-08-15 08:14:01+02;1399
2015-08-15 10:58:01+02;1399
2015-08-15 12:34:02+02;1429
2015-08-15 13:58:01+02;1399
2015-08-15 14:58:01+02;1379
2015-08-15 23:02:01+02;1529
2015-08-16 05:34:01+02;1529
2015-08-16 07:34:01+02;1529
2015-08-16 07:42:01+02;1479
2015-08-16 08:30:01+02;1479
2015-08-16 10:46:01+02;1399
2015-08-16 11:42:01+02;1399
2015-08-16 12:34:01+02;1429
2015-08-16 14:06:01+02;1399
2015-08-16 14:54:02+02;1369
2015-08-16 17:14:01+02;1359
2015-08-16 23:02:01+02;1529
2015-08-17 05:30:01+02;1529
2015-08-17 07:26:01+02;1409
2015-08-17 07:46:01+02;1389
2015-08-17 08:06:01+02;1389
2015-08-17 10:10:01+02;1389
2015-08-17 11:06:01+02;1389
2015-08-17 12:34:01+02;1419
2015-08-17 14:06:01+02;1399
2015-08-17 14:22:01+02;1369
2015-08-17 17:50:01+02;1349
2015-08-17 23:02:01+02;1529
2015-08-18 05:34:01+02;1529
2015-08-18 07:22:01+02;1409
2015-08-18 07:34:01+02;1379
2015-08-18 10:34:01+02;1379
2015-08-18 10:46:01+02;1359
2015-08-18 12:38:01+02;1389
2015-08-18 14:22:01+02;1379
2015-08-18 14:46:01+02;1359
2015-08-18 15:42:01+02;1349
2015-08-18 23:02:01+02;1529
2015-08-19 05:34:01+02;1529
2015-08-19 06:58:01+02;1529
2015-08-19 07:18:01+02;1379
2015-08-19 10:46:01+02;1369
2015-08-19 12:38:01+02;1399
2015-08-19 13:58:01+02;1389
2015-08-19 15:58:01+02;1349
2015-08-19 23:02:01+02;1529
2015-08-20 05:34:01+02;1529
2015-08-20 06:50:01+02;1529
2015-08-20 07:22:01+02;1409
2015-08-20 08:46:01+02;1399
2015-08-20 09:34:01+02;1399
2015-08-20 10:50:01+02;1369
2015-08-20 12:34:01+02;1399
2015-08-20 13:50:01+02;1389
2015-08-20 14:42:01+02;1379
2015-08-20 16:02:01+02;1349
2015-08-20 23:02:01+02;1519
2015-08-21 05:38:01+02;1519
2015-08-21 07:14:01+02;1519
2015-08-21 07:26:01+02;1489
2015-08-21 07:46:01+02;1489
2015-08-21 08:42:01+02;1469
2015-08-21 09:02:01+02;1449
2015-08-21 09:30:01+02;1429
2015-08-21 09:46:01+02;1429
2015-08-21 10:22:01+02;1389
2015-08-21 10:46:01+02;1349
2015-08-21 12:34:01+02;1379
2015-08-21 13:58:01+02;1359
2015-08-21 14:50:01+02;1329
2015-08-21 23:02:01+02;1509
2015-08-22 07:26:01+02;1359
2015-08-22 10:38:01+02;1349
2015-08-22 12:34:01+02;1379
2015-08-22 14:02:01+02;1349
2015-08-22 15:02:01+02;1329
2015-08-22 16:18:01+02;1319
2015-08-22 23:06:01+02;1509
2015-08-23 08:18:01+02;1369
2015-08-23 10:26:01+02;1359
2015-08-23 11:42:01+02;1349
2015-08-23 12:34:01+02;1379
2015-08-23 14:26:01+02;1329
2015-08-23 18:34:01+02;1319
2015-08-23 23:02:01+02;1509
2015-08-24 08:34:01+02;1369
2015-08-24 09:18:01+02;1349
2015-08-24 10:06:01+02;1339
2015-08-24 11:38:01+02;1339
2015-08-24 12:34:01+02;1369
2015-08-24 13:38:01+02;1359
2015-08-24 13:58:01+02;1359
2015-08-24 14:14:01+02;1329
2015-08-24 17:02:01+02;1299
2015-08-24 23:02:01+02;1489
2015-08-25 07:22:02+02;1359
2015-08-25 08:30:01+02;1349
2015-08-25 10:18:01+02;1329
2015-08-25 12:34:01+02;1359
2015-08-25 13:38:01+02;1339
2015-08-25 14:02:01+02;1329
2015-08-25 15:02:01+02;1319
2015-08-25 15:42:01+02;1309
2015-08-25 16:14:01+02;1299
2015-08-25 17:02:01+02;1289
2015-08-25 23:02:01+02;1469
2015-08-26 00:26:01+02;1469
2015-08-26 00:42:01+02;1469
2015-08-26 06:42:01+02;1469
2015-08-26 07:22:01+02;1339
2015-08-26 08:22:01+02;1329
2015-08-26 10:26:01+02;1319
2015-08-26 10:50:01+02;1309
2015-08-26 12:34:01+02;1339
2015-08-26 13:54:02+02;1329
2015-08-26 14:02:01+02;1289
2015-08-26 14:18:02+02;1289
2015-08-26 15:58:01+02;1279
2015-08-26 23:02:01+02;1469
2015-08-27 06:50:01+02;1469
2015-08-27 07:18:01+02;1339
2015-08-27 08:02:01+02;1329
2015-08-27 10:38:01+02;1309
2015-08-27 12:34:01+02;1339
2015-08-27 14:54:01+02;1329
2015-08-27 15:10:01+02;1319
2015-08-27 15:58:01+02;1299
2015-08-27 16:26:01+02;1289
2015-08-27 18:14:01+02;1279
2015-08-27 23:02:01+02;1469
2015-08-28 06:50:01+02;1469
2015-08-28 07:26:01+02;1409
2015-08-28 07:30:01+02;1339
2015-08-28 08:02:01+02;1329
2015-08-28 10:18:01+02;1319
2015-08-28 11:06:01+02;1309
2015-08-28 12:34:01+02;1339
2015-08-28 13:58:01+02;1329
2015-08-28 14:38:02+02;1319
2015-08-28 15:10:01+02;1309
2015-08-28 15:22:01+02;1309
2015-08-28 23:06:01+02;1469
2015-08-29 07:18:01+02;1339
2015-08-29 12:34:01+02;1369
2015-08-29 13:50:01+02;1329
2015-08-29 14:22:01+02;1289
2015-08-29 23:02:01+02;1469
2015-08-30 08:14:01+02;1339
2015-08-30 10:14:01+02;1319
2015-08-30 11:22:01+02;1309
2015-08-30 12:34:01+02;1339
2015-08-30 14:38:01+02;1289
2015-08-30 15:26:01+02;1289
2015-08-30 23:02:01+02;1469
2015-08-31 07:02:01+02;1469
2015-08-31 07:10:02+02;1339
2015-08-31 10:42:01+02;1319
2015-08-31 12:58:01+02;1349
2015-08-31 15:02:01+02;1339
2015-08-31 16:10:01+02;1309
2015-08-31 18:10:01+02;1309
2015-08-31 19:06:01+02;1309
2015-08-31 23:06:01+02;1469
2015-09-01 07:38:01+02;1359
2015-09-01 10:06:01+02;1329
2015-09-01 12:34:01+02;1359
2015-09-01 13:50:01+02;1349
2015-09-01 14:18:01+02;1329
2015-09-01 23:10:01+02;1489
2015-09-02 07:10:01+02;1349
2015-09-02 07:46:01+02;1339
2015-09-02 09:54:01+02;1329
2015-09-02 12:34:01+02;1359
2015-09-02 14:10:02+02;1329
2015-09-02 23:02:01+02;1499
2015-09-03 05:38:01+02;1489
2015-09-03 07:02:01+02;1489
2015-09-03 07:22:01+02;1369
2015-09-03 10:30:02+02;1369
2015-09-03 12:34:01+02;1399
2015-09-03 13:50:01+02;1359
2015-09-03 16:02:01+02;1349
2015-09-03 16:22:01+02;1349
2015-09-03 16:50:01+02;1339
2015-09-03 23:02:01+02;1489
2015-09-04 05:34:01+02;1489
2015-09-04 06:38:01+02;1489
2015-09-04 07:18:01+02;1369
2015-09-04 07:30:01+02;1339
2015-09-04 08:38:01+02;1339
2015-09-04 09:46:01+02;1339
2015-09-04 10:26:01+02;1329
2015-09-04 12:34:01+02;1359
2015-09-04 13:50:01+02;1349
2015-09-04 14:22:01+02;1319
2015-09-04 15:22:01+02;1309
2015-09-04 23:02:01+02;1499
2015-09-05 05:58:01+02;1499
2015-09-05 07:38:01+02;1349
2015-09-05 11:14:01+02;1329
2015-09-05 12:34:01+02;1359
2015-09-05 13:46:01+02;1329
2015-09-05 15:10:01+02;1319
2015-09-05 16:06:01+02;1319
2015-09-05 23:02:01+02;1499
2015-09-06 05:26:01+02;1499
2015-09-06 07:14:01+02;1489
2015-09-06 08:18:01+02;1359
2015-09-06 09:10:01+02;1359
2015-09-06 09:46:01+02;1339
2015-09-06 10:42:01+02;1329
2015-09-06 10:54:01+02;1329
2015-09-06 12:34:01+02;1359
2015-09-06 13:46:01+02;1329
2015-09-06 14:10:02+02;1309
2015-09-06 23:02:01+02;1499
2015-09-07 05:30:02+02;1499
2015-09-07 07:14:01+02;1359
2015-09-07 10:18:01+02;1359
2015-09-07 10:26:01+02;1339
2015-09-07 12:34:01+02;1369
2015-09-07 13:54:01+02;1339
2015-09-07 14:38:01+02;1329
2015-09-07 16:10:01+02;1319
2015-09-07 16:58:01+02;1309
2015-09-07 23:02:01+02;1499
2015-09-08 05:30:02+02;1499
2015-09-08 07:22:01+02;1369
2015-09-08 08:22:01+02;1359
2015-09-08 09:58:01+02;1339
2015-09-08 10:22:01+02;1339
2015-09-08 10:46:01+02;1329
2015-09-08 12:34:01+02;1359
2015-09-08 13:54:01+02;1329
2015-09-08 14:22:01+02;1319
2015-09-08 16:22:01+02;1309
2015-09-08 17:18:01+02;1299
2015-09-08 23:02:01+02;1489
2015-09-09 06:46:01+02;1489
2015-09-09 07:14:01+02;1359
2015-09-09 07:34:01+02;1329
2015-09-09 08:18:01+02;1329
2015-09-09 09:42:01+02;1329
2015-09-09 10:26:01+02;1329
2015-09-09 12:34:01+02;1359
2015-09-09 14:02:01+02;1329
2015-09-09 14:22:01+02;1319
2015-09-09 15:42:01+02;1309
2015-09-09 16:10:01+02;1299
2015-09-09 23:02:01+02;1489
2015-09-10 05:30:01+02;1489
2015-09-10 07:02:01+02;1489
2015-09-10 07:58:01+02;1349
2015-09-10 10:14:01+02;1319
2015-09-10 12:34:01+02;1349
2015-09-10 13:54:01+02;1319
2015-09-10 14:26:01+02;1319
2015-09-10 15:18:01+02;1309
2015-09-10 15:54:01+02;1299
2015-09-10 23:02:01+02;1499
2015-09-11 05:30:01+02;1499
2015-09-11 07:22:01+02;1309
2015-09-11 10:46:01+02;1299
2015-09-11 12:34:01+02;1329
2015-09-11 14:06:01+02;1329
2015-09-11 14:26:01+02;1309
2015-09-11 15:34:01+02;1299
2015-09-11 16:18:01+02;1289
2015-09-11 23:02:01+02;1499
2015-09-12 05:30:01+02;1499
2015-09-12 07:10:01+02;1339
2015-09-12 08:50:01+02;1329
2015-09-12 12:34:01+02;1359
2015-09-12 13:54:01+02;1359
2015-09-12 14:14:01+02;1329
2015-09-12 14:54:01+02;1309
2015-09-12 23:02:01+02;1499
2015-09-13 05:34:01+02;1499
2015-09-13 08:42:01+02;1309
2015-09-13 12:34:01+02;1339
2015-09-13 14:26:01+02;1319
2015-09-13 14:34:01+02;1289
2015-09-13 23:02:01+02;1499
2015-09-14 05:30:01+02;1499
2015-09-14 07:14:01+02;1309
2015-09-14 10:22:01+02;1309
2015-09-14 12:34:01+02;1339
2015-09-14 14:22:01+02;1329
2015-09-14 14:26:01+02;1329
2015-09-14 14:50:01+02;1319
2015-09-14 15:10:01+02;1309
2015-09-14 17:06:01+02;1299
2015-09-14 23:02:01+02;1489
2015-09-15 07:22:01+02;1359
2015-09-15 07:46:01+02;1349
2015-09-15 11:02:01+02;1319
2015-09-15 12:34:01+02;1349
2015-09-15 13:54:01+02;1319
2015-09-15 14:34:01+02;1319
2015-09-15 15:42:01+02;1309
2015-09-15 16:46:01+02;1299
2015-09-15 17:50:01+02;1289
2015-09-15 23:02:01+02;1479
2015-09-16 07:22:01+02;1339
2015-09-16 08:18:01+02;1339
2015-09-16 10:14:01+02;1329
2015-09-16 12:34:01+02;1359
2015-09-16 13:50:01+02;1349
2015-09-16 14:10:01+02;1299
2015-09-16 15:02:01+02;1299
2015-09-16 15:30:01+02;1289
2015-09-16 16:02:01+02;1279
2015-09-16 23:02:01+02;1489
2015-09-17 07:14:01+02;1329
2015-09-17 09:58:01+02;1309
2015-09-17 12:34:01+02;1339
2015-09-17 13:58:01+02;1299
2015-09-17 16:18:01+02;1289
2015-09-17 17:42:01+02;1289
2015-09-17 23:02:01+02;1509
2015-09-18 05:30:01+02;1489
2015-09-18 07:14:01+02;1339
2015-09-18 08:18:01+02;1329
2015-09-18 12:34:01+02;1359
2015-09-18 13:54:01+02;1339
2015-09-18 14:06:01+02;1309
2015-09-18 15:38:01+02;1299
2015-09-18 16:46:01+02;1289
2015-09-18 23:02:01+02;1489
2015-09-19 07:18:01+02;1339
2015-09-19 07:34:01+02;1299
2015-09-19 12:34:01+02;1329
2015-09-19 14:14:01+02;1299
2015-09-19 15:18:01+02;1299
2015-09-19 16:06:01+02;1299
2015-09-19 23:02:01+02;1489
2015-09-20 08:18:01+02;1359
2015-09-20 08:34:01+02;1359
2015-09-20 11:02:01+02;1329
2015-09-20 12:34:01+02;1359
2015-09-20 14:54:01+02;1359
2015-09-20 15:22:01+02;1329
2015-09-20 23:02:01+02;1489
2015-09-21 06:46:01+02;1489
2015-09-21 07:10:01+02;1349
2015-09-21 07:54:01+02;1339
2015-09-21 09:34:01+02;1339
2015-09-21 10:34:01+02;1329
2015-09-21 12:34:01+02;1359
2015-09-21 13:54:01+02;1319
2015-09-21 14:22:01+02;1299
2015-09-21 14:54:01+02;1289
2015-09-21 17:54:01+02;1279
2015-09-21 23:02:01+02;1479
2015-09-22 06:38:01+02;1479
2015-09-22 07:14:01+02;1339
2015-09-22 07:18:01+02;1309
2015-09-22 08:02:01+02;1309
2015-09-22 11:10:01+02;1309
2015-09-22 12:34:01+02;1339
2015-09-22 14:18:01+02;1299
2015-09-22 15:22:01+02;1289
2015-09-22 15:50:01+02;1279
2015-09-22 23:02:01+02;1489
2015-09-23 05:30:01+02;1489
2015-09-23 06:38:01+02;1489
2015-09-23 07:14:01+02;1329
2015-09-23 07:50:01+02;1329
2015-09-23 10:34:01+02;1309
2015-09-23 12:34:01+02;1339
2015-09-23 14:06:02+02;1329
2015-09-23 14:58:01+02;1309
2015-09-23 15:02:01+02;1309
2015-09-23 15:22:02+02;1299
2015-09-23 16:34:01+02;1289
2015-09-23 23:02:01+02;1489
2015-09-24 05:30:01+02;1489
2015-09-24 06:46:01+02;1489
2015-09-24 07:22:01+02;1349
2015-09-24 07:30:01+02;1309
2015-09-24 11:02:01+02;1309
2015-09-24 12:34:01+02;1339
2015-09-24 14:22:01+02;1329
2015-09-24 14:42:01+02;1319
2015-09-24 16:06:01+02;1289
2015-09-24 23:02:01+02;1509
2015-09-25 05:26:01+02;1489
2015-09-25 06:42:01+02;1489
2015-09-25 07:06:01+02;1369
2015-09-25 07:26:01+02;1349
2015-09-25 08:38:01+02;1339
2015-09-25 09:58:01+02;1319
2015-09-25 12:34:01+02;1369
2015-09-25 14:14:01+02;1299
2015-09-25 16:06:01+02;1289
2015-09-25 23:02:01+02;1489
2015-09-26 07:10:01+02;1339
2015-09-26 11:14:01+02;1299
2015-09-26 12:34:01+02;1329
2015-09-26 14:02:01+02;1279
2015-09-26 14:22:01+02;1279
2015-09-26 14:46:01+02;1279
2015-09-26 23:02:01+02;1489
2015-09-27 07:58:01+02;1339
2015-09-27 10:06:01+02;1319
2015-09-27 12:34:01+02;1349
2015-09-27 14:26:01+02;1319
2015-09-27 14:58:01+02;1279
2015-09-27 23:02:01+02;1489
2015-09-28 06:42:01+02;1489
2015-09-28 07:18:01+02;1389
2015-09-28 07:22:01+02;1339
2015-09-28 08:14:01+02;1329
2015-09-28 10:34:01+02;1309
2015-09-28 11:10:01+02;1299
2015-09-28 12:34:01+02;1329
2015-09-28 14:18:01+02;1299
2015-09-28 15:26:01+02;1289
2015-09-28 16:54:01+02;1279
2015-09-28 23:02:01+02;1489
2015-09-29 06:42:01+02;1489
2015-09-29 07:18:01+02;1339
2015-09-29 10:50:01+02;1339
2015-09-29 11:14:01+02;1329
2015-09-29 12:34:01+02;1359
2015-09-29 13:58:01+02;1329
2015-09-29 14:02:01+02;1319
2015-09-29 15:22:01+02;1309
2015-09-29 16:02:01+02;1299
2015-09-29 16:50:01+02;1279
2015-09-29 16:54:01+02;1279
2015-09-29 17:54:01+02;1269
2015-09-29 23:02:01+02;1489
2015-09-30 05:30:01+02;1479
2015-09-30 07:14:01+02;1329
2015-09-30 08:06:01+02;1319
2015-09-30 10:22:01+02;1299
2015-09-30 11:34:01+02;1289
2015-09-30 12:34:01+02;1319
2015-09-30 14:06:01+02;1279
2015-09-30 16:06:01+02;1259
2015-09-30 17:46:01+02;1249
2015-09-30 23:02:01+02;1479
2015-10-01 07:18:01+02;1309
2015-10-01 08:06:01+02;1299
2015-10-01 10:18:01+02;1289
2015-10-01 11:30:02+02;1279
2015-10-01 12:34:01+02;1309
2015-10-01 14:06:01+02;1269
2015-10-01 16:26:01+02;1259
2015-10-01 23:02:01+02;1489
2015-10-02 05:30:01+02;1479
2015-10-02 07:18:01+02;1319
2015-10-02 08:22:01+02;1309
2015-10-02 10:22:01+02;1289
2015-10-02 12:34:01+02;1319
2015-10-02 14:18:01+02;1279
2015-10-02 15:10:01+02;1279
2015-10-02 15:58:01+02;1269
2015-10-02 23:02:01+02;1489
2015-10-03 05:30:01+02;1469
2015-10-03 07:34:01+02;1279
2015-10-03 07:58:01+02;1279
2015-10-03 09:26:01+02;1279
2015-10-03 12:34:01+02;1309
2015-10-03 13:38:01+02;1299
2015-10-03 14:02:01+02;1269
2015-10-03 23:02:01+02;1489
2015-10-04 05:30:01+02;1469
2015-10-04 07:50:01+02;1469
2015-10-04 08:10:01+02;1319
2015-10-04 09:34:01+02;1289
2015-10-04 12:34:01+02;1319
2015-10-04 14:30:01+02;1289
2015-10-04 23:02:01+02;1489
2015-10-05 05:30:01+02;1469
2015-10-05 06:42:01+02;1469
2015-10-05 07:22:01+02;1329
2015-10-05 08:10:01+02;1319
2015-10-05 10:22:01+02;1319
2015-10-05 10:50:01+02;1309
2015-10-05 12:34:01+02;1339
2015-10-05 14:10:01+02;1279
2015-10-05 16:06:01+02;1269
2015-10-05 23:02:01+02;1469
2015-10-06 06:50:01+02;1469
2015-10-06 07:10:01+02;1379
2015-10-06 07:14:01+02;1329
2015-10-06 08:22:01+02;1319
2015-10-06 10:18:01+02;1299
2015-10-06 11:34:01+02;1289
2015-10-06 12:34:01+02;1319
2015-10-06 14:02:01+02;1279
2015-10-06 16:10:01+02;1269
2015-10-06 23:02:01+02;1469
2015-10-07 05:30:01+02;1469
2015-10-07 06:42:01+02;1469
2015-10-07 07:30:01+02;1379
2015-10-07 07:54:01+02;1319
2015-10-07 10:18:01+02;1299
2015-10-07 10:50:01+02;1289
2015-10-07 12:34:01+02;1319
2015-10-07 14:06:01+02;1279
2015-10-07 14:10:01+02;1279
2015-10-07 23:02:01+02;1489
2015-10-08 05:30:01+02;1469
2015-10-08 07:18:01+02;1329
2015-10-08 08:18:01+02;1319
2015-10-08 10:06:01+02;1299
2015-10-08 12:34:01+02;1329
2015-10-08 14:06:01+02;1289
2015-10-08 16:34:01+02;1279
2015-10-08 23:02:01+02;1479
2015-10-09 05:26:01+02;1469
2015-10-09 06:46:01+02;1469
2015-10-09 07:14:01+02;1339
2015-10-09 08:30:01+02;1289
2015-10-09 10:10:01+02;1279
2015-10-09 11:34:01+02;1279
2015-10-09 12:34:01+02;1309
2015-10-09 13:58:01+02;1279
2015-10-09 15:30:02+02;1279
2015-10-09 23:02:01+02;1479
2015-10-10 05:26:01+02;1469
2015-10-10 07:18:01+02;1339
2015-10-10 08:06:01+02;1329
2015-10-10 10:34:01+02;1309
2015-10-10 12:34:01+02;1339
2015-10-10 14:02:01+02;1289
2015-10-10 15:22:01+02;1279
2015-10-10 23:02:01+02;1479
2015-10-11 05:30:01+02;1469
2015-10-11 08:18:01+02;1369
2015-10-11 08:30:01+02;1329
2015-10-11 10:30:01+02;1309
2015-10-11 12:34:01+02;1339
2015-10-11 13:50:01+02;1309
2015-10-11 14:50:01+02;1279
2015-10-11 23:02:01+02;1479
2015-10-12 05:34:01+02;1469
2015-10-12 07:02:01+02;1469
2015-10-12 07:14:01+02;1339
2015-10-12 07:58:01+02;1329
2015-10-12 09:54:01+02;1309
2015-10-12 12:34:01+02;1339
2015-10-12 14:18:01+02;1299
2015-10-12 17:10:01+02;1279
2015-10-12 23:02:01+02;1479
2015-10-13 05:30:01+02;1459
2015-10-13 07:10:01+02;1339
2015-10-13 08:46:01+02;1329
2015-10-13 10:10:01+02;1279
2015-10-13 12:34:01+02;1309
2015-10-13 14:02:01+02;1289
2015-10-13 14:50:01+02;1289
2015-10-13 16:22:01+02;1279
2015-10-13 23:02:01+02;1469
2015-10-14 05:30:01+02;1459
2015-10-14 06:46:01+02;1459
2015-10-14 07:18:01+02;1339
2015-10-14 07:54:01+02;1329
2015-10-14 09:42:01+02;1329
2015-10-14 10:22:01+02;1309
2015-10-14 11:38:01+02;1299
2015-10-14 12:34:01+02;1329
2015-10-14 13:50:01+02;1289
2015-10-14 15:26:01+02;1279
2015-10-14 16:10:01+02;1269
2015-10-14 17:38:01+02;1259
2015-10-14 23:02:01+02;1459
2015-10-15 06:46:01+02;1459
2015-10-15 07:10:01+02;1319
2015-10-15 08:18:01+02;1309
2015-10-15 10:06:01+02;1299
2015-10-15 12:34:01+02;1329
2015-10-15 14:02:01+02;1279
2015-10-15 14:42:01+02;1269
2015-10-15 16:46:01+02;1259
2015-10-15 23:02:01+02;1459
2015-10-16 06:38:01+02;1459
2015-10-16 07:14:01+02;1319
2015-10-16 07:18:01+02;1279
2015-10-16 07:58:01+02;1279
2015-10-16 10:02:01+02;1279
2015-10-16 11:30:01+02;1279
2015-10-16 12:34:01+02;1309
2015-10-16 14:14:01+02;1279
2015-10-16 14:26:01+02;1269
2015-10-16 15:14:01+02;1259
2015-10-16 17:22:01+02;1249
2015-10-16 23:02:01+02;1459
2015-10-17 07:18:01+02;1309
2015-10-17 08:02:01+02;1299
2015-10-17 09:58:01+02;1289
2015-10-17 12:34:01+02;1319
2015-10-17 13:58:01+02;1289
2015-10-17 14:18:01+02;1269
2015-10-17 23:02:01+02;1459
2015-10-18 08:30:01+02;1309
2015-10-18 10:26:02+02;1289
2015-10-18 12:34:01+02;1319
2015-10-18 14:14:01+02;1289
2015-10-18 14:42:01+02;1259
2015-10-18 16:34:01+02;1249
2015-10-18 23:02:01+02;1459
2015-10-19 07:14:01+02;1309
2015-10-19 07:54:01+02;1299
2015-10-19 09:58:01+02;1279
2015-10-19 11:10:01+02;1279
2015-10-19 12:34:01+02;1309
2015-10-19 13:54:01+02;1279
2015-10-19 14:18:01+02;1269
2015-10-19 17:46:01+02;1259
2015-10-19 23:02:01+02;1469
2015-10-20 05:30:01+02;1459
2015-10-20 07:14:01+02;1319
2015-10-20 08:06:02+02;1309
2015-10-20 10:02:01+02;1289
2015-10-20 11:02:01+02;1279
2015-10-20 12:34:01+02;1309
2015-10-20 14:02:01+02;1269
2015-10-20 15:50:01+02;1259
2015-10-20 23:02:01+02;1459
2015-10-21 05:30:01+02;1449
2015-10-21 07:14:01+02;1319
2015-10-21 08:02:01+02;1309
2015-10-21 10:42:01+02;1309
2015-10-21 11:06:01+02;1289
2015-10-21 12:34:01+02;1319
2015-10-21 13:58:01+02;1289
2015-10-21 14:02:01+02;1269
2015-10-21 15:14:01+02;1259
2015-10-21 16:14:01+02;1249
2015-10-21 16:42:01+02;1239
2015-10-21 23:02:01+02;1449
2015-10-22 07:26:01+02;1299
2015-10-22 08:58:01+02;1289
2015-10-22 10:06:01+02;1269
2015-10-22 10:54:01+02;1259
2015-10-22 12:34:01+02;1289
2015-10-22 14:10:01+02;1249
2015-10-22 16:46:01+02;1239
2015-10-22 23:02:01+02;1449
2015-10-23 07:22:01+02;1299
2015-10-23 08:18:01+02;1289
2015-10-23 09:58:01+02;1269
2015-10-23 11:02:01+02;1259
2015-10-23 12:34:01+02;1289
2015-10-23 14:14:01+02;1249
2015-10-23 23:02:01+02;1449
2015-10-24 07:30:01+02;1359
2015-10-24 09:02:01+02;1359
2015-10-24 09:46:01+02;1299
2015-10-24 10:34:01+02;1279
2015-10-24 12:34:01+02;1309
2015-10-24 14:06:01+02;1249
2015-10-24 23:02:01+02;1449
2015-10-25 08:10:01+01;1299
2015-10-25 09:34:01+01;1269
2015-10-25 12:34:01+01;1299
2015-10-25 14:10:01+01;1249
2015-10-25 23:02:01+01;1449
2015-10-26 06:46:01+01;1449
2015-10-26 07:18:01+01;1359
2015-10-26 07:22:01+01;1309
2015-10-26 08:10:01+01;1299
2015-10-26 10:34:01+01;1279
2015-10-26 12:34:01+01;1309
2015-10-26 14:14:01+01;1269
2015-10-26 15:46:01+01;1259
2015-10-26 23:02:01+01;1459
2015-10-27 06:46:01+01;1459
2015-10-27 07:14:01+01;1319
2015-10-27 07:58:01+01;1299
2015-10-27 10:42:01+01;1279
2015-10-27 11:26:01+01;1279
2015-10-27 12:34:01+01;1309
2015-10-27 14:02:01+01;1299
2015-10-27 14:06:01+01;1259
2015-10-27 23:02:01+01;1459
2015-10-28 06:50:01+01;1459
2015-10-28 07:14:01+01;1459
2015-10-28 07:38:01+01;1359
2015-10-28 08:18:01+01;1309
2015-10-28 09:46:01+01;1289
2015-10-28 10:58:01+01;1279
2015-10-28 12:34:01+01;1309
2015-10-28 14:02:01+01;1279
2015-10-28 14:18:01+01;1249
2015-10-28 17:26:01+01;1249
2015-10-28 23:34:01+01;1459
2015-10-29 06:58:01+01;1459
2015-10-29 07:10:01+01;1309
2015-10-29 07:42:01+01;1299
2015-10-29 10:46:01+01;1269
2015-10-29 12:34:01+01;1299
2015-10-29 14:06:01+01;1269
2015-10-29 23:02:01+01;1479
2015-10-30 05:30:01+01;1459
2015-10-30 06:46:01+01;1459
2015-10-30 07:10:01+01;1359
2015-10-30 08:26:01+01;1339
2015-10-30 08:58:01+01;1269
2015-10-30 10:18:01+01;1269
2015-10-30 12:34:01+01;1299
2015-10-30 14:02:01+01;1289
2015-10-30 14:06:01+01;1279
2015-10-30 23:02:01+01;1479
2015-10-31 05:30:01+01;1459
2015-10-31 07:22:01+01;1339
2015-10-31 08:10:01+01;1329
2015-10-31 10:34:01+01;1299
2015-10-31 12:34:01+01;1329
2015-10-31 13:46:01+01;1299
2015-10-31 14:22:01+01;1279
2015-10-31 23:02:01+01;1479
2015-11-01 05:26:01+01;1459
2015-11-01 08:14:01+01;1459
2015-11-01 08:22:01+01;1359
2015-11-01 08:46:01+01;1329
2015-11-01 10:30:01+01;1319
2015-11-01 12:34:01+01;1349
2015-11-01 13:46:01+01;1319
2015-11-01 14:22:01+01;1279
2015-11-01 23:02:01+01;1479
2015-11-02 05:30:01+01;1459
2015-11-02 07:22:01+01;1329
2015-11-02 08:14:01+01;1299
2015-11-02 12:34:01+01;1329
2015-11-02 14:14:01+01;1299
2015-11-02 14:18:01+01;1289
2015-11-02 17:18:01+01;1279
2015-11-02 23:02:01+01;1469
2015-11-03 06:46:01+01;1469
2015-11-03 07:18:01+01;1339
2015-11-03 08:14:01+01;1329
2015-11-03 10:42:01+01;1309
2015-11-03 12:34:01+01;1339
2015-11-03 14:06:01+01;1309
2015-11-03 14:14:01+01;1299
2015-11-03 14:46:01+01;1289
2015-11-03 16:10:01+01;1279
2015-11-03 23:02:01+01;1479
2015-11-04 05:26:01+01;1469
2015-11-04 06:46:01+01;1469
2015-11-04 07:10:01+01;1339
2015-11-04 08:14:01+01;1329
2015-11-04 10:10:01+01;1309
2015-11-04 12:34:01+01;1339
2015-11-04 14:02:01+01;1319
2015-11-04 14:06:01+01;1309
2015-11-04 15:50:01+01;1299
2015-11-04 23:02:01+01;1489
2015-11-05 05:30:01+01;1479
2015-11-05 06:42:01+01;1479
2015-11-05 07:18:01+01;1359
2015-11-05 08:14:01+01;1349
2015-11-05 12:34:01+01;1379
2015-11-05 14:14:01+01;1339
2015-11-05 14:18:01+01;1309
2015-11-05 15:50:01+01;1299
2015-11-05 23:02:01+01;1489
2015-11-06 05:26:01+01;1479
2015-11-06 06:42:01+01;1479
2015-11-06 07:18:01+01;1359
2015-11-06 12:34:01+01;1389
2015-11-06 13:50:01+01;1359
2015-11-06 14:46:01+01;1359
2015-11-06 14:50:01+01;1349
2015-11-06 15:38:01+01;1349
2015-11-06 16:10:01+01;1339
2015-11-06 17:26:01+01;1329
2015-11-06 23:02:01+01;1489
2015-11-07 05:30:01+01;1489
2015-11-07 07:26:01+01;1369
2015-11-07 12:34:01+01;1399
2015-11-07 13:58:01+01;1339
2015-11-07 14:58:01+01;1299
2015-11-07 23:02:01+01;1489
2015-11-08 05:30:01+01;1489
2015-11-08 07:58:01+01;1379
2015-11-08 08:18:01+01;1349
2015-11-08 12:34:01+01;1379
2015-11-08 14:14:01+01;1349
2015-11-08 19:30:01+01;1299
2015-11-08 23:02:01+01;1489
2015-11-09 05:26:01+01;1489
2015-11-09 07:26:01+01;1349
2015-11-09 10:50:01+01;1319
2015-11-09 12:34:01+01;1349
2015-11-09 13:54:01+01;1319
2015-11-09 17:22:01+01;1299
2015-11-09 23:02:01+01;1489
2015-11-10 09:14:01+01;1349
2015-11-10 10:42:01+01;1329
2015-11-10 12:34:01+01;1359
2015-11-10 14:10:01+01;1309
2015-11-10 23:02:01+01;1489
2015-11-11 06:46:01+01;1489
2015-11-11 07:18:01+01;1369
2015-11-11 09:30:01+01;1339
2015-11-11 12:34:01+01;1369
2015-11-11 14:02:01+01;1339
2015-11-11 14:34:01+01;1329
2015-11-11 14:50:01+01;1309
2015-11-11 23:02:01+01;1499
2015-11-12 05:26:01+01;1489
2015-11-12 07:22:01+01;1359
2015-11-12 09:54:01+01;1329
2015-11-12 12:34:01+01;1359
2015-11-12 14:10:01+01;1329
2015-11-12 14:14:01+01;1309
2015-11-12 16:02:01+01;1299
2015-11-12 23:02:01+01;1489
2015-11-13 08:14:01+01;1389
2015-11-13 08:50:01+01;1339
2015-11-13 10:02:01+01;1329
2015-11-13 11:34:01+01;1319
2015-11-13 12:34:01+01;1349
2015-11-13 13:50:01+01;1319
2015-11-13 14:18:01+01;1309
2015-11-13 14:46:01+01;1299
2015-11-13 23:02:01+01;1479
2015-11-14 05:26:01+01;1479
2015-11-14 06:50:01+01;1479
2015-11-14 07:18:01+01;1339
2015-11-14 11:34:01+01;1309
2015-11-14 12:34:01+01;1339
2015-11-14 13:50:01+01;1309
2015-11-14 14:06:01+01;1289
2015-11-14 23:02:01+01;1479
2015-11-15 05:26:01+01;1479
2015-11-15 08:22:01+01;1319
2015-11-15 12:34:01+01;1349
2015-11-15 13:50:01+01;1309
2015-11-15 14:06:01+01;1289
2015-11-15 23:02:01+01;1479
2015-11-16 05:30:01+01;1479
2015-11-16 06:50:01+01;1479
2015-11-16 07:22:01+01;1329
2015-11-16 10:46:01+01;1299
2015-11-16 12:34:01+01;1329
2015-11-16 14:14:01+01;1299
2015-11-16 14:26:01+01;1289
2015-11-16 16:50:01+01;1289
2015-11-16 23:02:01+01;1469
2015-11-17 05:30:01+01;1469
2015-11-17 07:18:01+01;1329
2015-11-17 08:46:01+01;1309
2015-11-17 09:30:01+01;1299
2015-11-17 12:34:01+01;1329
2015-11-17 14:14:01+01;1299
2015-11-17 15:14:01+01;1279
2015-11-17 23:02:01+01;1459
2015-11-18 07:18:01+01;1319
2015-11-18 10:10:01+01;1289
2015-11-18 12:34:01+01;1319
2015-11-18 14:14:01+01;1289
2015-11-18 14:54:01+01;1279
2015-11-18 23:02:01+01;1469
2015-11-19 06:38:01+01;1469
2015-11-19 07:22:01+01;1329
2015-11-19 08:22:01+01;1309
2015-11-19 10:46:01+01;1289
2015-11-19 12:34:01+01;1319
2015-11-19 13:54:01+01;1289
2015-11-19 15:06:01+01;1279
2015-11-19 23:02:01+01;1469
2015-11-20 06:46:01+01;1469
2015-11-20 07:10:01+01;1329
2015-11-20 09:18:01+01;1329
2015-11-20 09:34:01+01;1329
2015-11-20 09:38:01+01;1319
2015-11-20 11:14:01+01;1309
2015-11-20 12:34:01+01;1339
2015-11-20 13:54:01+01;1309
2015-11-20 14:14:01+01;1299
2015-11-20 14:54:01+01;1289
2015-11-20 17:10:01+01;1279
2015-11-20 23:02:01+01;1479
2015-11-21 05:30:01+01;1469
2015-11-21 07:14:01+01;1329
2015-11-21 08:22:01+01;1309
2015-11-21 09:18:01+01;1299
2015-11-21 11:10:01+01;1289
2015-11-21 12:34:01+01;1319
2015-11-21 13:58:01+01;1289
2015-11-21 14:02:01+01;1279
2015-11-21 23:02:01+01;1479
2015-11-22 05:30:01+01;1469
2015-11-22 08:26:01+01;1319
2015-11-22 09:54:01+01;1309
2015-11-22 12:34:01+01;1339
2015-11-22 13:58:01+01;1309
2015-11-22 14:10:01+01;1279
2015-11-22 23:02:01+01;1479
2015-11-23 05:30:01+01;1469
2015-11-23 06:42:01+01;1469
2015-11-23 07:18:01+01;1329
2015-11-23 08:18:01+01;1309
2015-11-23 09:22:01+01;1299
2015-11-23 10:30:01+01;1289
2015-11-23 12:34:01+01;1319
2015-11-23 14:02:01+01;1289
2015-11-23 14:54:01+01;1279
2015-11-23 23:02:01+01;1469
2015-11-24 06:50:01+01;1469
2015-11-24 07:10:01+01;1369
2015-11-24 07:34:01+01;1329
2015-11-24 07:54:01+01;1319
2015-11-24 08:58:01+01;1309
2015-11-24 09:58:01+01;1299
2015-11-24 10:38:01+01;1289
2015-11-24 12:34:01+01;1319
2015-11-24 13:50:01+01;1289
2015-11-24 14:42:01+01;1279
2015-11-24 23:02:01+01;1469
2015-11-25 05:30:01+01;1469
2015-11-25 08:18:01+01;1329
2015-11-25 08:22:01+01;1279
2015-11-25 12:34:01+01;1309
2015-11-25 14:14:01+01;1279
2015-11-25 23:02:01+01;1489
2015-11-26 05:30:01+01;1469
2015-11-26 07:10:01+01;1329
2015-11-26 07:34:02+01;1279
2015-11-26 12:34:01+01;1309
2015-11-26 23:02:01+01;1489
2015-11-27 05:26:01+01;1469
2015-11-27 07:34:01+01;1339
2015-11-27 07:54:01+01;1339
2015-11-27 08:02:01+01;1329
2015-11-27 08:58:01+01;1319
2015-11-27 09:10:01+01;1309
2015-11-27 09:22:01+01;1289
2015-11-27 12:34:01+01;1319
2015-11-27 13:58:01+01;1289
2015-11-27 14:46:01+01;1289
2015-11-27 23:02:01+01;1479
2015-11-28 07:26:01+01;1369
2015-11-28 07:58:01+01;1329
2015-11-28 08:58:01+01;1319
2015-11-28 09:54:01+01;1309
2015-11-28 12:34:01+01;1339
2015-11-28 13:58:01+01;1309
2015-11-28 14:26:01+01;1289
2015-11-28 23:02:01+01;1479
2015-11-29 07:30:01+01;1329
2015-11-29 08:22:01+01;1329
2015-11-29 08:38:01+01;1319
2015-11-29 10:30:01+01;1299
2015-11-29 12:34:01+01;1329
2015-11-29 14:14:01+01;1299
2015-11-29 14:22:01+01;1289
2015-11-29 23:02:01+01;1479
2015-11-30 07:10:01+01;1339
2015-11-30 07:58:01+01;1329
2015-11-30 09:22:01+01;1319
2015-11-30 10:50:01+01;1299
2015-11-30 12:34:01+01;1329
2015-11-30 14:14:01+01;1299
2015-11-30 16:18:01+01;1279
2015-12-01 00:42:01+01;1479
2015-12-01 09:22:01+01;1309
2015-12-01 11:22:01+01;1289
2015-12-01 12:34:01+01;1319
2015-12-01 14:10:01+01;1289
2015-12-01 17:38:01+01;1289
2015-12-01 23:02:01+01;1479
2015-12-02 05:30:01+01;1469
2015-12-02 07:10:01+01;1339
2015-12-02 08:18:01+01;1319
2015-12-02 09:38:01+01;1309
2015-12-02 10:22:01+01;1299
2015-12-02 11:46:01+01;1289
2015-12-02 12:34:01+01;1319
2015-12-02 14:54:01+01;1309
2015-12-02 14:58:01+01;1279
2015-12-02 23:02:01+01;1469
2015-12-03 06:54:01+01;1469
2015-12-03 07:22:01+01;1329
2015-12-03 07:42:01+01;1329
2015-12-03 08:34:01+01;1309
2015-12-03 09:34:01+01;1299
2015-12-03 11:18:01+01;1279
2015-12-03 12:34:01+01;1309
2015-12-03 14:14:01+01;1279
2015-12-03 14:42:01+01;1279
2015-12-03 16:46:01+01;1279
2015-12-03 23:02:01+01;1459
2015-12-04 07:18:01+01;1319
2015-12-04 08:10:01+01;1299
2015-12-04 10:06:01+01;1289
2015-12-04 11:34:01+01;1269
2015-12-04 12:34:01+01;1299
2015-12-04 13:58:01+01;1269
2015-12-04 14:10:01+01;1269
2015-12-04 15:14:01+01;1269
2015-12-04 23:02:01+01;1449
2015-12-05 05:26:01+01;1449
2015-12-05 07:22:01+01;1269
2015-12-05 08:02:01+01;1269
2015-12-05 12:34:01+01;1299
2015-12-05 14:06:01+01;1269
2015-12-05 15:10:01+01;1269
2015-12-05 23:02:01+01;1449
2015-12-06 05:30:01+01;1449
2015-12-06 07:34:01+01;1359
2015-12-06 08:22:01+01;1359
2015-12-06 08:38:01+01;1299
2015-12-06 09:58:01+01;1279
2015-12-06 12:34:01+01;1309
2015-12-06 14:10:01+01;1279
2015-12-06 14:58:01+01;1269
2015-12-06 23:02:01+01;1449
2015-12-07 05:38:01+01;1449
2015-12-07 07:14:01+01;1319
2015-12-07 07:58:01+01;1309
2015-12-07 08:38:01+01;1289
2015-12-07 10:26:01+01;1269
2015-12-07 12:34:01+01;1299
2015-12-07 14:14:01+01;1259
2015-12-07 16:02:01+01;1259
2015-12-07 23:02:01+01;1449
2015-12-08 05:26:01+01;1449
2015-12-08 07:18:01+01;1309
2015-12-08 08:06:01+01;1299
2015-12-08 08:54:01+01;1289
2015-12-08 09:34:01+01;1289
2015-12-08 10:50:01+01;1269
2015-12-08 12:34:01+01;1299
2015-12-08 14:02:01+01;1269
2015-12-08 14:46:01+01;1269
2015-12-08 16:14:01+01;1239
2015-12-08 23:02:01+01;1439
2015-12-09 05:30:01+01;1439
2015-12-09 07:22:01+01;1279
2015-12-09 08:46:01+01;1269
2015-12-09 09:42:01+01;1259
2015-12-09 10:42:01+01;1249
2015-12-09 12:34:01+01;1279
2015-12-09 14:02:01+01;1249
2015-12-09 14:14:01+01;1239
2015-12-09 14:50:01+01;1229
2015-12-09 23:02:01+01;1439
2015-12-10 05:26:01+01;1429
2015-12-10 06:54:01+01;1429
2015-12-10 07:10:01+01;1279
2015-12-10 08:42:01+01;1269
2015-12-10 09:50:01+01;1259
2015-12-10 12:34:01+01;1289
2015-12-10 14:14:01+01;1259
2015-12-10 14:46:01+01;1229
2015-12-10 23:02:01+01;1439
2015-12-11 06:46:01+01;1439
2015-12-11 07:10:01+01;1289
2015-12-11 07:54:01+01;1279
2015-12-11 08:22:01+01;1269
2015-12-11 10:22:01+01;1259
2015-12-11 11:38:01+01;1249
2015-12-11 12:34:01+01;1279
2015-12-11 14:06:01+01;1249
2015-12-11 14:50:01+01;1239
2015-12-11 23:02:01+01;1449
2015-12-12 05:26:01+01;1439
2015-12-12 07:10:01+01;1299
2015-12-12 08:10:01+01;1279
2015-12-12 09:22:01+01;1269
2015-12-12 10:34:01+01;1259
2015-12-12 12:34:01+01;1289
2015-12-12 14:02:01+01;1259
2015-12-12 14:22:01+01;1239
2015-12-12 16:58:01+01;1239
2015-12-12 23:02:01+01;1449
2015-12-13 05:26:01+01;1439
2015-12-13 08:14:02+01;1329
2015-12-13 08:18:01+01;1299
2015-12-13 10:34:01+01;1289
2015-12-13 12:34:01+01;1319
2015-12-13 13:54:01+01;1289
2015-12-13 14:14:01+01;1269
2015-12-13 15:26:01+01;1259
2015-12-13 17:02:01+01;1259
2015-12-13 23:02:01+01;1449
2015-12-14 05:26:01+01;1439
2015-12-14 07:14:01+01;1299
2015-12-14 08:02:01+01;1289
2015-12-14 09:06:01+01;1279
2015-12-14 10:02:01+01;1269
2015-12-14 11:06:01+01;1259
2015-12-14 12:34:01+01;1289
2015-12-14 14:14:01+01;1259
2015-12-14 14:50:01+01;1249
2015-12-14 17:38:01+01;1249
2015-12-14 23:02:01+01;1449
2015-12-15 05:30:01+01;1429
2015-12-15 07:18:01+01;1309
2015-12-15 08:06:02+01;1299
2015-12-15 08:46:01+01;1289
2015-12-15 09:42:01+01;1279
2015-12-15 10:26:01+01;1269
2015-12-15 11:02:01+01;1259
2015-12-15 12:34:01+01;1289
2015-12-15 14:02:01+01;1259
2015-12-15 14:14:01+01;1249
2015-12-15 14:58:01+01;1239
2015-12-15 15:10:01+01;1239
2015-12-15 17:18:02+01;1239
2015-12-15 23:02:01+01;1439
2015-12-16 05:30:01+01;1429
2015-12-16 07:10:01+01;1289
2015-12-16 07:42:01+01;1279
2015-12-16 08:22:01+01;1269
2015-12-16 10:10:01+01;1259
2015-12-16 10:46:01+01;1249
2015-12-16 12:34:01+01;1279
2015-12-16 14:06:01+01;1249
2015-12-16 14:14:01+01;1239
2015-12-16 18:22:01+01;1239
2015-12-16 23:02:01+01;1439
2015-12-17 05:30:01+01;1419
2015-12-17 07:14:01+01;1279
2015-12-17 07:50:01+01;1269
2015-12-17 08:50:01+01;1259
2015-12-17 10:34:01+01;1249
2015-12-17 10:54:01+01;1249
2015-12-17 12:34:01+01;1279
2015-12-17 13:38:01+01;1249
2015-12-17 14:14:01+01;1249
2015-12-17 15:02:01+01;1239
2015-12-17 17:10:01+01;1229
2015-12-17 23:02:01+01;1429
2015-12-18 05:26:01+01;1419
2015-12-18 07:18:02+01;1279
2015-12-18 08:10:01+01;1259
2015-12-18 08:54:01+01;1259
2015-12-18 09:22:01+01;1249
2015-12-18 10:30:01+01;1239
2015-12-18 11:18:01+01;1239
2015-12-18 12:34:01+01;1269
2015-12-18 14:58:02+01;1229
2015-12-18 17:46:01+01;1219
2015-12-18 23:02:01+01;1419
2015-12-19 05:30:01+01;1419
2015-12-19 07:10:01+01;1279
2015-12-19 07:46:01+01;1269
2015-12-19 08:42:01+01;1259
2015-12-19 09:38:01+01;1249
2015-12-19 11:26:01+01;1239
2015-12-19 12:34:01+01;1269
2015-12-19 14:14:01+01;1239
2015-12-19 14:22:01+01;1239
2015-12-19 15:02:01+01;1229
2015-12-19 23:02:01+01;1419
2015-12-20 05:26:01+01;1419
2015-12-20 07:22:01+01;1329
2015-12-20 08:18:01+01;1259
2015-12-20 10:02:01+01;1249
2015-12-20 11:30:01+01;1239
2015-12-20 12:34:01+01;1269
2015-12-20 14:02:01+01;1239
2015-12-20 14:18:01+01;1229
2015-12-20 16:38:01+01;1219
2015-12-20 23:02:01+01;1419
2015-12-21 05:26:01+01;1419
2015-12-21 07:22:01+01;1279
2015-12-21 08:06:01+01;1269
2015-12-21 09:06:01+01;1259
2015-12-21 09:54:01+01;1249
2015-12-21 10:46:01+01;1239
2015-12-21 11:10:01+01;1239
2015-12-21 12:34:01+01;1269
2015-12-21 13:50:01+01;1239
2015-12-21 14:38:01+01;1229
2015-12-21 23:02:01+01;1429
2015-12-22 05:26:01+01;1409
2015-12-22 06:54:01+01;1409
2015-12-22 07:10:01+01;1289
2015-12-22 07:38:01+01;1279
2015-12-22 08:30:01+01;1269
2015-12-22 09:22:01+01;1259
2015-12-22 10:54:01+01;1239
2015-12-22 12:34:01+01;1269
2015-12-22 14:14:01+01;1239
2015-12-22 14:38:01+01;1229
2015-12-22 23:02:01+01;1419
2015-12-23 05:26:01+01;1409
2015-12-23 06:50:01+01;1409
2015-12-23 07:10:01+01;1279
2015-12-23 08:58:01+01;1279
2015-12-23 10:18:01+01;1269
2015-12-23 11:18:01+01;1259
2015-12-23 12:34:01+01;1289
2015-12-23 14:10:02+01;1259
2015-12-23 14:34:01+01;1239
2015-12-23 17:10:01+01;1229
2015-12-23 17:58:01+01;1219
2015-12-23 23:02:01+01;1409
2015-12-24 05:30:01+01;1409
2015-12-24 06:50:01+01;1409
2015-12-24 07:18:01+01;1269
2015-12-24 07:30:01+01;1259
2015-12-24 07:58:01+01;1229
2015-12-24 09:06:01+01;1229
2015-12-24 10:34:01+01;1229
2015-12-24 12:34:01+01;1259
2015-12-24 13:58:01+01;1229
2015-12-24 14:10:01+01;1219
2015-12-24 14:50:01+01;1219
2015-12-24 23:02:01+01;1409
2015-12-25 05:30:01+01;1409
2015-12-25 08:18:02+01;1339
2015-12-25 08:38:01+01;1339
2015-12-25 08:42:01+01;1239
2015-12-25 09:30:01+01;1229
2015-12-25 10:42:01+01;1219
2015-12-25 12:34:01+01;1249
2015-12-25 14:14:01+01;1219
2015-12-25 14:26:01+01;1219
2015-12-25 23:02:01+01;1409
2015-12-26 05:26:01+01;1409
2015-12-26 07:38:01+01;1339
2015-12-26 08:18:01+01;1239
2015-12-26 09:18:01+01;1229
2015-12-26 10:30:01+01;1219
2015-12-26 12:34:01+01;1249
2015-12-26 14:14:01+01;1219
2015-12-26 16:38:01+01;1219
2015-12-26 20:22:01+01;1219
2015-12-26 23:02:01+01;1409
2015-12-27 05:30:01+01;1409
2015-12-27 07:34:01+01;1339
2015-12-27 08:10:01+01;1249
2015-12-27 08:50:01+01;1239
2015-12-27 10:14:01+01;1219
2015-12-27 12:34:01+01;1249
2015-12-27 14:10:01+01;1219
2015-12-27 14:34:01+01;1219
2015-12-27 16:30:01+01;1219
2015-12-27 23:02:01+01;1409
2015-12-28 05:26:01+01;1409
2015-12-28 07:14:01+01;1259
2015-12-28 09:06:01+01;1259
2015-12-28 11:10:01+01;1259
2015-12-28 12:34:01+01;1289
2015-12-28 14:10:01+01;1259
2015-12-28 15:14:01+01;1259
2015-12-28 16:06:02+01;1249
2015-12-28 17:38:01+01;1239
2015-12-28 23:02:01+01;1419
2015-12-29 05:26:01+01;1409
2015-12-29 07:14:02+01;1269
2015-12-29 07:34:01+01;1259
2015-12-29 08:46:01+01;1239
2015-12-29 09:10:01+01;1239
2015-12-29 10:38:01+01;1229
2015-12-29 12:34:01+01;1259
2015-12-29 14:14:02+01;1239
2015-12-29 14:46:01+01;1229
2015-12-29 17:34:01+01;1229
2015-12-29 23:02:01+01;1419
2015-12-30 05:30:01+01;1409
2015-12-30 07:14:01+01;1249
2015-12-30 08:02:01+01;1249
2015-12-30 08:46:01+01;1249
2015-12-30 09:22:01+01;1249
2015-12-30 10:46:01+01;1229
2015-12-30 12:34:01+01;1259
2015-12-30 14:14:01+01;1229
2015-12-30 15:18:01+01;1229
2015-12-30 17:10:01+01;1229
2015-12-30 23:02:01+01;1429
2015-12-31 05:26:01+01;1409
2015-12-31 07:10:01+01;1279
2015-12-31 07:46:01+01;1269
2015-12-31 08:50:01+01;1259
2015-12-31 09:42:01+01;1249
2015-12-31 10:54:01+01;1249
2015-12-31 10:58:01+01;1239
2015-12-31 12:34:01+01;1269
2015-12-31 14:14:02+01;1239
2015-12-31 14:18:01+01;1229
2015-12-31 23:02:01+01;1429
2016-01-01 05:26:01+01;1409
2016-01-01 09:58:01+01;1249
2016-01-01 10:38:01+01;1249
2016-01-01 12:34:01+01;1279
2016-01-01 14:14:01+01;1229
2016-01-01 14:18:01+01;1229
2016-01-01 16:46:01+01;1229
2016-01-01 23:02:01+01;1429
2016-01-02 05:30:01+01;1409
2016-01-02 07:10:01+01;1329
2016-01-02 07:22:01+01;1269
2016-01-02 08:38:01+01;1269
2016-01-02 09:10:01+01;1259
2016-01-02 09:34:01+01;1259
2016-01-02 12:34:01+01;1289
2016-01-02 13:58:01+01;1259
2016-01-02 15:02:01+01;1229
2016-01-02 16:58:01+01;1229
2016-01-02 23:02:01+01;1429
2016-01-03 05:26:01+01;1409
2016-01-03 07:26:01+01;1329
2016-01-03 07:38:01+01;1269
2016-01-03 08:38:01+01;1259
2016-01-03 09:46:01+01;1249
2016-01-03 10:46:01+01;1249
2016-01-03 12:34:01+01;1279
2016-01-03 14:10:01+01;1249
2016-01-03 14:38:01+01;1229
2016-01-03 16:42:01+01;1229
2016-01-03 23:02:01+01;1429
2016-01-04 05:30:01+01;1409
2016-01-04 06:46:01+01;1409
2016-01-04 07:10:01+01;1279
2016-01-04 07:50:01+01;1269
2016-01-04 08:34:01+01;1259
2016-01-04 09:58:01+01;1249
2016-01-04 10:38:01+01;1249
2016-01-04 11:22:01+01;1249
2016-01-04 12:34:01+01;1279
2016-01-04 14:14:01+01;1249
2016-01-04 14:22:01+01;1239
2016-01-04 16:54:01+01;1229
2016-01-04 19:02:01+01;1229
2016-01-04 23:02:01+01;1419
2016-01-05 06:50:01+01;1419
2016-01-05 07:10:01+01;1279
2016-01-05 07:50:01+01;1269
2016-01-05 08:34:01+01;1259
2016-01-05 09:42:01+01;1259
2016-01-05 10:10:01+01;1249
2016-01-05 12:34:01+01;1279
2016-01-05 12:54:01+01;1279
2016-01-05 14:14:01+01;1249
2016-01-05 14:46:01+01;1249
2016-01-05 16:10:01+01;1239
2016-01-05 17:10:01+01;1229
2016-01-05 23:02:01+01;1429
2016-01-06 05:30:01+01;1429
2016-01-06 06:54:01+01;1429
2016-01-06 07:18:01+01;1279
2016-01-06 08:34:01+01;1269
2016-01-06 11:10:01+01;1259
2016-01-06 12:34:01+01;1289
2016-01-06 14:02:01+01;1259
2016-01-06 15:10:01+01;1249
2016-01-06 17:18:01+01;1239
2016-01-06 18:06:01+01;1239
2016-01-06 23:02:01+01;1429
2016-01-07 05:26:01+01;1429
2016-01-07 06:46:01+01;1429
2016-01-07 07:06:01+01;1329
2016-01-07 07:10:01+01;1299
2016-01-07 07:50:01+01;1289
2016-01-07 08:42:01+01;1279
2016-01-07 09:38:01+01;1279
2016-01-07 10:14:01+01;1269
2016-01-07 11:30:01+01;1249
2016-01-07 12:34:01+01;1279
2016-01-07 14:02:01+01;1249
2016-01-07 14:50:01+01;1239
2016-01-07 17:22:01+01;1239
2016-01-07 17:34:01+01;1239
2016-01-07 23:02:01+01;1419
2016-01-08 05:30:01+01;1419
2016-01-08 07:14:01+01;1299
2016-01-08 08:02:01+01;1289
2016-01-08 08:26:01+01;1279
2016-01-08 09:42:01+01;1269
2016-01-08 10:30:01+01;1259
2016-01-08 11:34:01+01;1249
2016-01-08 12:34:01+01;1279
2016-01-08 14:14:01+01;1249
2016-01-08 14:18:01+01;1239
2016-01-08 14:58:01+01;1229
2016-01-08 17:18:01+01;1219
2016-01-08 23:02:01+01;1409
2016-01-09 05:30:02+01;1409
2016-01-09 07:10:01+01;1279
2016-01-09 07:50:01+01;1219
2016-01-09 09:22:01+01;1219
2016-01-09 10:58:01+01;1219
2016-01-09 12:34:01+01;1249
2016-01-09 14:10:02+01;1219
2016-01-09 16:54:01+01;1219
2016-01-09 23:02:01+01;1409
2016-01-10 05:30:02+01;1409
2016-01-10 07:58:01+01;1309
2016-01-10 08:26:01+01;1259
2016-01-10 10:26:01+01;1239
2016-01-10 12:34:01+01;1269
2016-01-10 14:14:01+01;1239
2016-01-10 14:54:01+01;1229
2016-01-10 17:02:01+01;1219
2016-01-10 17:22:01+01;1219
2016-01-10 23:02:01+01;1409
2016-01-11 05:26:01+01;1409
2016-01-11 07:18:01+01;1269
2016-01-11 08:06:01+01;1269
2016-01-11 08:22:01+01;1259
2016-01-11 08:26:01+01;1239
2016-01-11 09:14:01+01;1239
2016-01-11 10:34:01+01;1239
2016-01-11 12:34:01+01;1269
2016-01-11 14:14:01+01;1239
2016-01-11 14:18:01+01;1229
2016-01-11 17:34:01+01;1219
2016-01-11 18:50:02+01;1209
2016-01-11 23:02:01+01;1409
2016-01-12 06:50:02+01;1409
2016-01-12 08:10:01+01;1249
2016-01-12 11:22:01+01;1229
2016-01-12 12:34:01+01;1259
2016-01-12 13:58:01+01;1229
2016-01-12 15:10:02+01;1219
2016-01-12 23:02:01+01;1399
2016-01-13 07:06:01+01;1399
2016-01-13 07:10:01+01;1259
2016-01-13 07:50:02+01;1249
2016-01-13 08:46:01+01;1239
2016-01-13 11:10:02+01;1219
2016-01-13 12:34:01+01;1249
2016-01-13 14:14:01+01;1209
2016-01-13 14:42:01+01;1199
2016-01-13 17:42:01+01;1189
2016-01-13 23:02:01+01;1389
2016-01-14 07:10:01+01;1249
2016-01-14 07:14:01+01;1249
2016-01-14 08:02:01+01;1239
2016-01-14 08:30:02+01;1229
2016-01-14 09:34:01+01;1219
2016-01-14 10:26:01+01;1209
2016-01-14 12:34:01+01;1239
2016-01-14 14:14:01+01;1209
2016-01-14 14:54:01+01;1199
2016-01-14 18:02:02+01;1179
2016-01-14 18:46:01+01;1169
2016-01-14 23:02:01+01;1389
2016-01-15 06:38:01+01;1389
2016-01-15 07:14:01+01;1229
2016-01-15 08:02:01+01;1219
2016-01-15 08:22:01+01;1219
2016-01-15 09:50:01+01;1209
2016-01-15 10:10:01+01;1199
2016-01-15 12:34:01+01;1229
2016-01-15 14:38:01+01;1199
2016-01-15 14:50:02+01;1189
2016-01-15 15:38:01+01;1159
2016-01-15 23:02:01+01;1389
2016-01-16 07:10:01+01;1309
2016-01-16 07:18:01+01;1219
2016-01-16 08:14:01+01;1209
2016-01-16 09:34:01+01;1209
2016-01-16 11:02:01+01;1209
2016-01-16 12:34:01+01;1239
2016-01-16 14:02:01+01;1189
2016-01-16 16:18:01+01;1179
2016-01-16 23:02:01+01;1419
2016-01-17 05:30:02+01;1389
2016-01-17 07:22:01+01;1339
2016-01-17 08:38:01+01;1209
2016-01-17 09:26:01+01;1209
2016-01-17 12:34:01+01;1239
2016-01-17 13:58:01+01;1209
2016-01-17 14:10:03+01;1189
2016-01-17 16:34:01+01;1179
2016-01-17 23:02:01+01;1419
2016-01-18 05:26:01+01;1389
2016-01-18 07:10:02+01;1179
2016-01-18 12:34:01+01;1209
2016-01-18 14:10:02+01;1179
2016-01-18 17:26:02+01;1169
2016-01-18 18:14:01+01;1159
2016-01-18 23:02:01+01;1379
2016-01-19 05:30:01+01;1379
2016-01-19 07:14:01+01;1219
2016-01-19 08:30:01+01;1209
2016-01-19 09:14:01+01;1199
2016-01-19 10:54:01+01;1199
2016-01-19 12:34:01+01;1229
2016-01-19 13:50:01+01;1199
2016-01-19 14:14:01+01;1179
2016-01-19 17:10:01+01;1159
2016-01-19 23:02:02+01;1389
2016-01-20 05:30:01+01;1389
2016-01-20 07:14:01+01;1209
2016-01-20 08:22:01+01;1199
2016-01-20 10:10:01+01;1199
2016-01-20 12:34:01+01;1229
2016-01-20 14:14:01+01;1199
2016-01-20 14:54:01+01;1189
2016-01-20 15:26:01+01;1189
2016-01-20 16:22:01+01;1179
2016-01-20 16:58:01+01;1169
2016-01-20 23:02:01+01;1389
2016-01-21 05:34:01+01;1379
2016-01-21 06:42:01+01;1379
2016-01-21 07:42:01+01;1189
2016-01-21 12:34:01+01;1219
2016-01-21 14:02:01+01;1189
2016-01-21 14:14:01+01;1189
2016-01-21 17:38:01+01;1179
2016-01-21 18:10:02+01;1169
2016-01-21 19:42:01+01;1159
2016-01-21 23:02:01+01;1389
2016-01-22 05:30:03+01;1379
2016-01-22 07:14:01+01;1219
2016-01-22 08:22:01+01;1209
2016-01-22 09:22:01+01;1199
2016-01-22 10:30:02+01;1189
2016-01-22 11:02:01+01;1189
2016-01-22 12:34:01+01;1219
2016-01-22 14:02:01+01;1189
2016-01-22 14:10:01+01;1189
2016-01-22 16:22:01+01;1179
2016-01-22 23:02:01+01;1389
2016-01-23 05:30:02+01;1389
2016-01-23 07:02:01+01;1229
2016-01-23 09:10:01+01;1209
2016-01-23 10:22:01+01;1199
2016-01-23 11:18:01+01;1199
2016-01-23 12:34:01+01;1229
2016-01-23 14:10:02+01;1189
2016-01-23 16:50:01+01;1179
2016-01-23 23:02:01+01;1389
2016-01-24 05:30:02+01;1389
2016-01-24 08:14:01+01;1239
2016-01-24 08:38:01+01;1229
2016-01-24 09:46:01+01;1219
2016-01-24 10:18:01+01;1219
2016-01-24 10:50:02+01;1209
2016-01-24 12:34:01+01;1239
2016-01-24 13:50:01+01;1229
2016-01-24 14:02:01+01;1189
2016-01-24 16:38:01+01;1179
2016-01-24 23:02:01+01;1389
2016-01-25 05:30:01+01;1389
2016-01-25 07:10:01+01;1239
2016-01-25 09:14:01+01;1229
2016-01-25 10:02:01+01;1219
2016-01-25 10:26:01+01;1209
2016-01-25 12:34:01+01;1239
2016-01-25 14:34:01+01;1199
2016-01-25 16:42:01+01;1189
2016-01-25 23:02:01+01;1389
2016-01-26 05:30:01+01;1389
2016-01-26 07:14:01+01;1249
2016-01-26 08:26:02+01;1229
2016-01-26 09:22:01+01;1219
2016-01-26 10:10:01+01;1219
2016-01-26 10:50:01+01;1219
2016-01-26 12:34:02+01;1249
2016-01-26 14:14:01+01;1219
2016-01-26 14:34:01+01;1209
2016-01-26 16:18:01+01;1199
2016-01-26 17:10:01+01;1189
2016-01-26 23:02:01+01;1389
2016-01-27 05:30:01+01;1389
2016-01-27 07:10:01+01;1239
2016-01-27 08:22:01+01;1229
2016-01-27 09:38:02+01;1219
2016-01-27 10:34:01+01;1209
2016-01-27 11:18:01+01;1199
2016-01-27 11:42:01+01;1199
2016-01-27 12:34:01+01;1229
2016-01-27 14:18:01+01;1219
2016-01-27 14:34:01+01;1189
2016-01-27 16:34:01+01;1179
2016-01-27 17:46:01+01;1169
2016-01-27 19:18:01+01;1159
2016-01-27 23:02:01+01;1389
2016-01-28 05:30:01+01;1359
2016-01-28 07:14:01+01;1219
2016-01-28 08:42:01+01;1209
2016-01-28 09:22:01+01;1199
2016-01-28 10:26:01+01;1199
2016-01-28 12:34:01+01;1229
2016-01-28 14:14:01+01;1219
2016-01-28 14:42:01+01;1189
2016-01-28 16:26:01+01;1179
2016-01-28 17:38:01+01;1169
2016-01-28 23:02:01+01;1409
2016-01-29 05:30:01+01;1369
2016-01-29 07:10:01+01;1219
2016-01-29 08:26:01+01;1209
2016-01-29 09:18:01+01;1199
2016-01-29 10:34:01+01;1199
2016-01-29 12:34:01+01;1229
2016-01-29 13:26:02+01;1209
2016-01-29 14:02:01+01;1199
2016-01-29 17:14:01+01;1179
2016-01-29 23:02:01+01;1419
2016-01-30 05:30:01+01;1379
2016-01-30 07:14:01+01;1249
2016-01-30 08:42:01+01;1229
2016-01-30 09:22:01+01;1219
2016-01-30 11:02:01+01;1209
2016-01-30 12:34:01+01;1239
2016-01-30 13:50:01+01;1209
2016-01-30 14:50:01+01;1189
2016-01-30 23:02:01+01;1419
2016-01-31 05:30:01+01;1389
2016-01-31 07:38:01+01;1239
2016-01-31 08:26:01+01;1229
2016-01-31 09:26:01+01;1229
2016-01-31 10:22:01+01;1219
2016-01-31 12:34:01+01;1249
2016-01-31 13:50:01+01;1219
2016-01-31 14:26:01+01;1189
2016-01-31 16:50:02+01;1179
2016-01-31 23:02:01+01;1419
2016-02-01 05:30:01+01;1379
2016-02-01 07:50:01+01;1249
2016-02-01 08:14:01+01;1179
2016-02-01 08:58:01+01;1219
2016-02-01 09:10:01+01;1189
2016-02-01 12:34:01+01;1219
2016-02-01 13:30:01+01;1209
2016-02-01 17:14:01+01;1199
2016-02-01 23:02:01+01;1419
2016-02-02 05:30:01+01;1389
2016-02-02 07:26:01+01;1229
2016-02-02 08:38:01+01;1229
2016-02-02 08:50:01+01;1229
2016-02-02 10:10:01+01;1209
2016-02-02 10:50:01+01;1209
2016-02-02 12:34:01+01;1239
2016-02-02 16:22:01+01;1199
2016-02-02 23:02:01+01;1409
2016-02-03 05:26:01+01;1379
2016-02-03 07:14:01+01;1239
2016-02-03 08:14:02+01;1229
2016-02-03 09:42:01+01;1229
2016-02-03 10:42:01+01;1209
2016-02-03 12:34:01+01;1239
2016-02-03 13:02:01+01;1239
2016-02-03 13:26:01+01;1209
2016-02-03 14:18:01+01;1209
2016-02-03 14:54:01+01;1189
2016-02-03 16:22:01+01;1179
2016-02-03 17:50:01+01;1169
2016-02-03 23:02:01+01;1409
2016-02-04 05:30:01+01;1369
2016-02-04 07:10:01+01;1369
2016-02-04 07:14:01+01;1209
2016-02-04 07:58:01+01;1209
2016-02-04 08:22:01+01;1209
2016-02-04 09:06:01+01;1209
2016-02-04 09:58:01+01;1199
2016-02-04 10:42:01+01;1199
2016-02-04 11:22:01+01;1189
2016-02-04 12:34:01+01;1219
2016-02-04 13:26:01+01;1189
2016-02-04 14:38:01+01;1179
2016-02-04 15:10:01+01;1169
2016-02-04 17:22:01+01;1159
2016-02-04 23:02:01+01;1409
2016-02-05 05:26:01+01;1359
2016-02-05 06:38:01+01;1359
2016-02-05 07:02:01+01;1209
2016-02-05 07:22:01+01;1199
2016-02-05 12:34:01+01;1229
2016-02-05 13:30:01+01;1199
2016-02-05 15:10:01+01;1179
2016-02-05 16:22:01+01;1169
2016-02-05 23:02:01+01;1409
2016-02-06 05:26:01+01;1369
2016-02-06 07:26:01+01;1209
2016-02-06 08:18:01+01;1209
2016-02-06 10:58:01+01;1189
2016-02-06 11:34:01+01;1189
2016-02-06 12:34:01+01;1219
2016-02-06 13:58:01+01;1189
2016-02-06 14:50:01+01;1179
2016-02-06 23:02:01+01;1409
2016-02-07 05:30:01+01;1379
2016-02-07 07:38:01+01;1379
2016-02-07 07:54:01+01;1209
2016-02-07 09:26:01+01;1179
2016-02-07 12:34:01+01;1209
2016-02-07 13:58:01+01;1179
2016-02-07 23:02:01+01;1409
2016-02-08 05:26:01+01;1379
2016-02-08 07:30:01+01;1219
2016-02-08 07:46:01+01;1219
2016-02-08 08:18:01+01;1209
2016-02-08 09:42:01+01;1199
2016-02-08 11:10:01+01;1179
2016-02-08 12:34:01+01;1209
2016-02-08 13:38:01+01;1179
2016-02-08 15:22:01+01;1169
2016-02-08 23:02:01+01;1389
2016-02-09 05:26:01+01;1369
2016-02-09 07:10:01+01;1369
2016-02-09 07:22:01+01;1219
2016-02-09 07:58:01+01;1219
2016-02-09 10:54:01+01;1219
2016-02-09 12:34:01+01;1249
2016-02-09 15:02:01+01;1249
2016-02-09 15:06:01+01;1219
2016-02-09 16:58:01+01;1209
2016-02-09 17:34:01+01;1199
2016-02-09 19:02:01+01;1189
2016-02-09 23:02:01+01;1389
2016-02-10 05:30:01+01;1389
2016-02-10 07:18:01+01;1269
2016-02-10 08:34:01+01;1269
2016-02-10 09:26:01+01;1259
2016-02-10 10:14:01+01;1189
2016-02-10 12:34:01+01;1219
2016-02-10 13:58:01+01;1189
2016-02-10 14:38:01+01;1179
2016-02-10 14:58:01+01;1149
2016-02-10 16:50:01+01;1139
2016-02-10 23:02:01+01;1369
2016-02-11 05:30:01+01;1339
2016-02-11 07:26:02+01;1189
2016-02-11 07:58:01+01;1189
2016-02-11 09:10:01+01;1179
2016-02-11 10:42:01+01;1159
2016-02-11 11:30:01+01;1149
2016-02-11 12:34:01+01;1179
2016-02-11 13:26:01+01;1159
2016-02-11 14:58:01+01;1139
2016-02-11 15:22:01+01;1139
2016-02-11 23:02:01+01;1369
2016-02-12 05:26:01+01;1339
2016-02-12 07:18:01+01;1199
2016-02-12 08:14:01+01;1169
2016-02-12 12:34:01+01;1199
2016-02-12 14:26:02+01;1169
2016-02-12 15:10:01+01;1169
2016-02-12 23:02:01+01;1369
2016-02-13 07:26:01+01;1369
2016-02-13 07:42:01+01;1169
2016-02-13 12:34:01+01;1199
2016-02-13 13:50:01+01;1199
2016-02-13 15:26:01+01;1169
2016-02-13 23:02:01+01;1369
2016-02-14 07:18:01+01;1369
2016-02-14 08:38:01+01;1369
2016-02-14 09:10:01+01;1219
2016-02-14 10:30:01+01;1189
2016-02-14 12:34:01+01;1219
2016-02-14 13:58:01+01;1189
2016-02-14 14:54:01+01;1169
2016-02-14 23:02:01+01;1369
2016-02-15 07:18:01+01;1219
2016-02-15 07:54:01+01;1169
2016-02-15 12:34:01+01;1199
2016-02-15 15:18:01+01;1169
2016-02-15 23:02:01+01;1369
2016-02-16 05:26:01+01;1369
2016-02-16 08:38:01+01;1269
2016-02-16 08:46:01+01;1169
2016-02-16 08:50:01+01;1169
2016-02-16 12:34:01+01;1199
2016-02-16 14:30:01+01;1169
2016-02-16 23:02:02+01;1379
2016-02-17 05:26:01+01;1369
2016-02-17 07:26:01+01;1229
2016-02-17 08:26:01+01;1209
2016-02-17 12:34:01+01;1239
2016-02-17 14:50:01+01;1209
2016-02-17 23:02:01+01;1369
2016-02-18 07:30:01+01;1239
2016-02-18 08:30:01+01;1209
2016-02-18 09:50:01+01;1209
2016-02-18 12:34:01+01;1239
2016-02-18 14:34:01+01;1209
2016-02-18 23:02:01+01;1379
2016-02-19 07:26:01+01;1229
2016-02-19 08:58:01+01;1229
2016-02-19 09:18:01+01;1209
2016-02-19 12:34:01+01;1239
2016-02-19 14:34:01+01;1209
2016-02-19 15:22:01+01;1209
2016-02-19 23:02:01+01;1279
2016-02-20 07:26:01+01;1229
2016-02-20 07:46:01+01;1199
2016-02-20 12:34:01+01;1229
2016-02-20 15:02:01+01;1199
2016-02-20 18:18:01+01;1199
2016-02-20 23:02:01+01;1279
2016-02-21 08:26:01+01;1219
2016-02-21 09:14:01+01;1219
2016-02-21 12:34:01+01;1249
2016-02-21 13:58:01+01;1219
2016-02-21 15:26:01+01;1199
2016-02-21 23:02:01+01;1279
2016-02-22 07:14:01+01;1219
2016-02-22 07:50:02+01;1199
2016-02-22 10:22:01+01;1199
2016-02-22 11:30:01+01;1199
2016-02-22 12:34:01+01;1229
2016-02-22 14:50:01+01;1199
2016-02-22 17:38:01+01;1189
2016-02-22 23:02:01+01;1269
2016-02-23 07:10:01+01;1219
2016-02-23 08:10:01+01;1209
2016-02-23 12:34:01+01;1239
2016-02-23 14:50:01+01;1209
2016-02-23 16:02:01+01;1209
2016-02-23 19:18:01+01;1199
2016-02-23 23:02:01+01;1279
2016-02-24 07:18:01+01;1229
2016-02-24 07:46:01+01;1219
2016-02-24 08:58:01+01;1219
2016-02-24 11:02:01+01;1219
2016-02-24 11:22:01+01;1219
2016-02-24 12:34:01+01;1249
2016-02-24 14:30:01+01;1209
2016-02-24 17:50:01+01;1199
2016-02-24 23:02:01+01;1269
2016-02-25 07:14:01+01;1219
2016-02-25 07:58:01+01;1189
2016-02-25 12:34:01+01;1219
2016-02-25 14:02:01+01;1179
2016-02-25 23:02:01+01;1269
2016-02-26 07:22:01+01;1219
2016-02-26 08:34:01+01;1179
2016-02-26 12:34:01+01;1209
2016-02-26 14:38:01+01;1179
2016-02-26 23:02:01+01;1289
2016-02-27 07:22:01+01;1219
2016-02-27 08:34:01+01;1189
2016-02-27 11:05:02+01;1179
2016-02-27 12:31:01+01;1209
2016-02-27 14:02:01+01;1189
2016-02-27 15:04:01+01;1149
2016-02-27 23:02:01+01;1289
2016-02-28 08:34:01+01;1219
2016-02-28 09:34:01+01;1219
2016-02-28 10:46:01+01;1189
2016-02-28 11:31:01+01;1159
2016-02-28 12:31:01+01;1189
2016-02-28 14:49:01+01;1159
2016-02-28 15:10:01+01;1149
2016-02-28 23:02:02+01;1289
2016-02-29 09:11:01+01;1189
2016-02-29 12:31:01+01;1219
2016-02-29 14:08:01+01;1159
2016-02-29 23:01:01+01;1289
2016-03-01 07:25:01+01;1219
2016-03-01 08:16:01+01;1199
2016-03-01 12:31:01+01;1229
2016-03-01 13:59:01+01;1179
2016-03-01 17:32:01+01;1159
2016-03-01 23:01:01+01;1289
2016-03-02 07:17:01+01;1209
2016-03-02 08:17:01+01;1199
2016-03-02 12:31:01+01;1229
2016-03-02 14:00:01+01;1189
2016-03-02 14:29:01+01;1189
2016-03-02 18:47:01+01;1169
2016-03-02 23:02:01+01;1289
2016-03-03 07:17:01+01;1219
2016-03-03 08:02:01+01;1219
2016-03-03 11:05:02+01;1209
2016-03-03 11:29:02+01;1199
2016-03-03 12:31:01+01;1229
2016-03-03 14:05:01+01;1179
2016-03-03 14:32:01+01;1179
2016-03-03 17:46:01+01;1159
2016-03-03 18:26:01+01;1149
2016-03-03 23:01:01+01;1289
2016-03-04 07:17:01+01;1209
2016-03-04 08:47:01+01;1199
2016-03-04 12:31:01+01;1229
2016-03-04 13:44:01+01;1229
2016-03-04 14:11:01+01;1209
2016-03-04 14:17:01+01;1189
2016-03-04 14:32:01+01;1169
2016-03-04 14:47:01+01;1169
2016-03-04 18:02:01+01;1149
2016-03-04 23:02:01+01;1299
2016-03-05 07:25:01+01;1189
2016-03-05 08:26:01+01;1189
2016-03-05 08:54:01+01;1179
2016-03-05 12:31:01+01;1209
2016-03-05 13:56:01+01;1179
2016-03-05 18:26:01+01;1179
2016-03-05 23:02:00+01;1299
2016-03-06 08:34:01+01;1239
2016-03-06 08:47:01+01;1229
2016-03-06 08:49:01+01;1229
2016-03-06 11:17:01+01;1189
2016-03-06 12:31:01+01;1219
2016-03-06 13:58:01+01;1189
2016-03-06 14:31:01+01;1169
2016-03-06 16:52:01+01;1149
2016-03-06 23:02:01+01;1299
2016-03-07 07:11:01+01;1209
2016-03-07 07:56:01+01;1199
2016-03-07 12:31:01+01;1229
2016-03-07 13:41:01+01;1229
2016-03-07 14:08:01+01;1219
2016-03-07 14:29:01+01;1219
2016-03-07 14:38:01+01;1179
2016-03-07 15:21:01+01;1179
2016-03-07 17:02:01+01;1159
2016-03-07 18:56:01+01;1149
2016-03-07 23:02:01+01;1299
2016-03-08 07:24:01+01;1269
2016-03-08 07:26:01+01;1209
2016-03-08 07:53:01+01;1199
2016-03-08 12:31:01+01;1229
2016-03-08 14:05:01+01;1199
2016-03-08 14:41:01+01;1199
2016-03-08 16:47:01+01;1189
2016-03-08 17:32:01+01;1179
2016-03-08 18:53:01+01;1159
2016-03-08 23:01:01+01;1319
2016-03-09 07:16:01+01;1219
2016-03-09 07:28:01+01;1219
2016-03-09 08:01:01+01;1209
2016-03-09 12:31:01+01;1239
2016-03-09 13:38:01+01;1239
2016-03-09 14:05:01+01;1229
2016-03-09 14:17:01+01;1209
2016-03-09 14:27:01+01;1189
2016-03-09 14:40:01+01;1189
2016-03-09 15:02:01+01;1189
2016-03-09 17:32:01+01;1169
2016-03-09 23:02:01+01;1319
2016-03-10 07:12:01+01;1319
2016-03-10 07:25:01+01;1229
2016-03-10 08:02:01+01;1219
2016-03-10 11:26:01+01;1219
2016-03-10 12:31:01+01;1249
2016-03-10 13:41:01+01;1249
2016-03-10 14:29:02+01;1219
2016-03-10 15:02:01+01;1199
2016-03-10 16:47:01+01;1179
2016-03-10 17:47:01+01;1169
2016-03-10 23:01:01+01;1319
2016-03-11 07:10:01+01;1239
2016-03-11 08:01:01+01;1219
2016-03-11 08:43:01+01;1199
2016-03-11 09:31:01+01;1199
2016-03-11 11:31:01+01;1189
2016-03-11 12:31:01+01;1219
2016-03-11 13:22:01+01;1189
2016-03-11 14:52:01+01;1189
2016-03-11 16:55:01+01;1179
2016-03-11 23:01:01+01;1299
2016-03-12 05:28:01+01;1279
2016-03-12 06:45:01+01;1259
2016-03-12 07:11:01+01;1259
2016-03-12 07:25:01+01;1249
2016-03-12 07:32:01+01;1239
2016-03-12 08:11:01+01;1239
2016-03-12 12:31:01+01;1269
2016-03-12 12:52:01+01;1269
2016-03-12 13:18:01+01;1239
2016-03-12 13:31:01+01;1239
2016-03-12 14:56:02+01;1199
2016-03-12 16:11:01+01;1189
2016-03-12 17:35:01+01;1179
2016-03-12 23:02:01+01;1299
2016-03-13 07:09:01+01;1299
2016-03-13 07:30:01+01;1299
2016-03-13 08:19:01+01;1299
2016-03-13 08:41:01+01;1239
2016-03-13 10:35:01+01;1229
2016-03-13 10:56:01+01;1219
2016-03-13 11:11:01+01;1219
2016-03-13 12:31:01+01;1249
2016-03-13 13:17:01+01;1219
2016-03-13 16:35:01+01;1199
2016-03-13 18:56:01+01;1179
2016-03-13 23:01:01+01;1299
2016-03-14 07:25:01+01;1239
2016-03-14 08:02:01+01;1239
2016-03-14 11:40:01+01;1239
2016-03-14 12:31:01+01;1269
2016-03-14 13:35:02+01;1249
2016-03-14 14:27:01+01;1229
2016-03-14 14:55:01+01;1209
2016-03-14 18:47:01+01;1169
2016-03-14 23:03:01+01;1299
2016-03-15 07:20:01+01;1229
2016-03-15 08:11:01+01;1229
2016-03-15 12:31:01+01;1259
2016-03-15 14:21:01+01;1249
2016-03-15 14:30:01+01;1229
2016-03-15 14:50:01+01;1209
2016-03-15 16:35:01+01;1189
2016-03-15 18:56:01+01;1169
2016-03-15 23:01:01+01;1289
2016-03-16 07:17:01+01;1229
2016-03-16 08:41:01+01;1219
2016-03-16 12:31:01+01;1249
2016-03-16 12:54:01+01;1249
2016-03-16 13:26:02+01;1219
2016-03-16 13:30:01+01;1219
2016-03-16 15:08:01+01;1199
2016-03-16 17:53:01+01;1179
2016-03-16 23:02:01+01;1289
2016-03-17 07:15:01+01;1229
2016-03-17 07:50:01+01;1199
2016-03-17 11:44:01+01;1199
2016-03-17 12:31:01+01;1229
2016-03-17 13:35:01+01;1229
2016-03-17 14:27:01+01;1219
2016-03-17 15:08:01+01;1199
2016-03-17 16:44:01+01;1179
2016-03-17 17:26:01+01;1159
2016-03-17 23:01:01+01;1299
2016-03-18 07:14:01+01;1229
2016-03-18 08:29:01+01;1209
2016-03-18 12:31:01+01;1239
2016-03-18 14:27:01+01;1239
2016-03-18 14:35:01+01;1219
2016-03-18 14:41:01+01;1199
2016-03-18 16:08:01+01;1189
2016-03-18 16:19:01+01;1179
2016-03-18 23:02:01+01;1299
2016-03-19 07:04:01+01;1299
2016-03-19 07:20:01+01;1239
2016-03-19 08:13:01+01;1209
2016-03-19 12:31:01+01;1239
2016-03-19 13:25:01+01;1209
2016-03-19 14:40:01+01;1199
2016-03-19 23:01:01+01;1299
2016-03-20 07:11:01+01;1299
2016-03-20 08:21:01+01;1299
2016-03-20 08:36:01+01;1299
2016-03-20 08:38:01+01;1239
2016-03-20 10:09:01+01;1209
2016-03-20 12:31:01+01;1239
2016-03-20 13:31:01+01;1209
2016-03-20 14:20:01+01;1189
2016-03-20 14:53:01+01;1189
2016-03-20 17:29:01+01;1179
2016-03-20 17:34:02+01;1169
2016-03-20 23:01:01+01;1299
2016-03-21 07:17:01+01;1239
2016-03-21 08:20:01+01;1209
2016-03-21 11:37:01+01;1179
2016-03-21 12:32:01+01;1209
2016-03-21 13:24:01+01;1189
2016-03-21 17:23:01+01;1169
2016-03-21 23:01:01+01;1299
2016-03-22 07:08:01+01;1239
2016-03-22 07:59:01+01;1229
2016-03-22 12:31:01+01;1259
2016-03-22 13:30:01+01;1229
2016-03-22 14:26:01+01;1229
2016-03-22 14:53:01+01;1219
2016-03-22 15:41:01+01;1209
2016-03-22 16:44:01+01;1189
2016-03-22 23:01:01+01;1319
2016-03-23 07:11:01+01;1269
2016-03-23 07:14:01+01;1249
2016-03-23 07:40:01+01;1219
2016-03-23 12:31:01+01;1249
2016-03-23 13:32:01+01;1249
2016-03-23 15:29:01+01;1209
2016-03-23 19:05:01+01;1189
2016-03-23 23:02:01+01;1319
2016-03-24 07:08:01+01;1319
2016-03-24 07:20:01+01;1249
2016-03-24 08:14:01+01;1219
2016-03-24 12:31:02+01;1249
2016-03-24 13:30:01+01;1219
2016-03-24 14:15:01+01;1219
2016-03-24 14:54:01+01;1219
2016-03-24 16:59:01+01;1199
2016-03-24 23:01:01+01;1349
2016-03-25 08:19:01+01;1259
2016-03-25 09:38:01+01;1239
2016-03-25 11:29:01+01;1199
2016-03-25 12:31:01+01;1229
2016-03-25 13:23:01+01;1219
2016-03-25 14:19:01+01;1209
2016-03-25 14:35:02+01;1199
2016-03-25 23:01:01+01;1349
2016-03-26 07:26:01+01;1259
2016-03-26 08:14:01+01;1239
2016-03-26 12:31:01+01;1269
2016-03-26 13:38:01+01;1239
2016-03-26 14:26:01+01;1209
2016-03-26 14:59:01+01;1209
2016-03-26 23:01:01+01;1349
2016-03-27 08:59:02+02;1349
2016-03-27 10:17:01+02;1269
2016-03-27 11:02:01+02;1259
2016-03-27 12:26:01+02;1259
2016-03-27 13:31:01+02;1289
2016-03-27 14:17:01+02;1259
2016-03-27 22:26:01+02;1239
2016-03-28 00:02:02+02;1349
2016-03-28 09:05:01+02;1349
2016-03-28 09:07:01+02;1289
2016-03-28 11:35:01+02;1249
2016-03-28 12:15:01+02;1249
2016-03-28 13:31:01+02;1279
2016-03-28 14:36:01+02;1249
2016-03-28 17:17:01+02;1239
2016-03-28 18:02:01+02;1239
2016-03-28 22:26:01+02;1229
2016-03-29 00:03:01+02;1349
2016-03-29 08:02:01+02;1319
2016-03-29 08:45:01+02;1229
2016-03-29 09:39:01+02;1229
2016-03-29 10:17:01+02;1229
2016-03-29 12:31:01+02;1259
2016-03-29 12:48:01+02;1259
2016-03-29 13:14:01+02;1229
2016-03-29 13:32:01+02;1229
2016-03-29 18:35:01+02;1219
2016-03-29 23:02:02+02;1339
2016-03-30 07:09:01+02;1339
2016-03-30 07:20:01+02;1269
2016-03-30 07:50:01+02;1249
2016-03-30 12:31:01+02;1279
2016-03-30 13:30:01+02;1249
2016-03-30 14:28:01+02;1239
2016-03-30 15:20:01+02;1229
2016-03-30 18:35:01+02;1229
2016-03-30 23:02:01+02;1339
2016-03-31 07:04:01+02;1279
2016-03-31 07:19:01+02;1269
2016-03-31 07:49:01+02;1259
2016-03-31 12:31:01+02;1289
2016-03-31 13:39:01+02;1259
2016-03-31 14:53:01+02;1229
2016-03-31 23:02:01+02;1349
2016-04-01 07:14:01+02;1279
2016-04-01 08:14:01+02;1279
2016-04-01 08:41:01+02;1269
2016-04-01 10:05:01+02;1249
2016-04-01 11:38:01+02;1239
2016-04-01 12:31:01+02;1269
2016-04-01 13:42:01+02;1239
2016-04-01 15:17:01+02;1229
2016-04-01 16:58:01+02;1219
2016-04-01 23:02:01+02;1349
2016-04-02 07:05:01+02;1349
2016-04-02 07:28:01+02;1279
2016-04-02 08:32:01+02;1279
2016-04-02 09:41:01+02;1269
2016-04-02 12:31:01+02;1299
2016-04-02 13:39:01+02;1269
2016-04-02 14:14:01+02;1259
2016-04-02 15:01:01+02;1219
2016-04-02 18:20:01+02;1219
2016-04-02 23:01:01+02;1349
2016-04-03 07:08:01+02;1349
2016-04-03 08:24:01+02;1279
2016-04-03 10:26:01+02;1279
2016-04-03 12:31:01+02;1309
2016-04-03 12:51:01+02;1309
2016-04-03 13:41:01+02;1279
2016-04-03 13:50:01+02;1279
2016-04-03 14:29:01+02;1249
2016-04-03 15:05:01+02;1219
2016-04-03 23:02:01+02;1349
2016-04-04 07:25:02+02;1269
2016-04-04 07:55:01+02;1269
2016-04-04 12:31:01+02;1299
2016-04-04 13:30:01+02;1259
2016-04-04 14:19:02+02;1229
2016-04-04 15:57:01+02;1219
2016-04-04 16:21:01+02;1219
2016-04-04 17:30:01+02;1209
2016-04-04 23:01:01+02;1329
2016-04-05 06:56:01+02;1329
2016-04-05 07:08:01+02;1279
2016-04-05 09:02:01+02;1279
2016-04-05 09:23:01+02;1269
2016-04-05 12:31:01+02;1299
2016-04-05 13:38:01+02;1269
2016-04-05 14:08:01+02;1229
2016-04-05 15:57:01+02;1209
2016-04-05 23:01:01+02;1329
2016-04-06 06:42:01+02;1329
2016-04-06 07:09:01+02;1269
2016-04-06 07:59:01+02;1269
2016-04-06 12:31:01+02;1299
2016-04-06 13:52:01+02;1269
2016-04-06 13:56:01+02;1239
2016-04-06 16:09:01+02;1209
2016-04-06 23:01:01+02;1329
2016-04-07 06:57:01+02;1329
2016-04-07 07:09:01+02;1269
2016-04-07 08:54:01+02;1259
2016-04-07 12:31:01+02;1289
2016-04-07 13:54:01+02;1259
2016-04-07 13:57:01+02;1239
2016-04-07 15:54:02+02;1209
2016-04-07 23:01:02+02;1329
2016-04-08 07:09:01+02;1269
2016-04-08 08:00:02+02;1269
2016-04-08 09:11:01+02;1259
2016-04-08 12:31:01+02;1289
2016-04-08 13:39:01+02;1259
2016-04-08 14:03:01+02;1239
2016-04-08 16:38:02+02;1209
2016-04-08 23:02:01+02;1359
2016-04-09 07:12:01+02;1269
2016-04-09 07:53:01+02;1259
2016-04-09 12:31:01+02;1289
2016-04-09 12:46:02+02;1279
2016-04-09 13:51:01+02;1249
2016-04-09 14:36:01+02;1219
2016-04-09 16:09:01+02;1209
2016-04-09 23:01:01+02;1359
2016-04-10 08:23:01+02;1279
2016-04-10 09:14:01+02;1219
2016-04-10 11:07:01+02;1219
2016-04-10 11:33:01+02;1219
2016-04-10 12:31:01+02;1249
2016-04-10 12:46:01+02;1249
2016-04-10 13:52:01+02;1219
2016-04-10 16:30:01+02;1209
2016-04-10 23:01:01+02;1359
2016-04-11 07:11:01+02;1279
2016-04-11 08:03:01+02;1259
2016-04-11 12:31:01+02;1289
2016-04-11 13:53:01+02;1259
2016-04-11 14:36:01+02;1249
2016-04-11 16:09:01+02;1229
2016-04-11 23:01:01+02;1379
2016-04-12 06:39:01+02;1279
2016-04-12 07:04:01+02;1279
2016-04-12 07:15:01+02;1279
2016-04-12 07:44:01+02;1269
2016-04-12 12:31:01+02;1299
2016-04-12 13:53:01+02;1269
2016-04-12 14:09:01+02;1229
2016-04-12 23:01:01+02;1379
2016-04-13 06:50:01+02;1289
2016-04-13 07:07:01+02;1289
2016-04-13 07:11:01+02;1289
2016-04-13 08:00:01+02;1269
2016-04-13 08:46:01+02;1279
2016-04-13 09:36:01+02;1269
2016-04-13 12:31:01+02;1329
2016-04-13 12:45:01+02;1299
2016-04-13 13:30:01+02;1269
2016-04-13 13:33:01+02;1269
2016-04-13 16:29:01+02;1239
2016-04-13 18:09:01+02;1239
2016-04-13 23:01:01+02;1389
2016-04-14 06:54:01+02;1389
2016-04-14 07:08:01+02;1299
2016-04-14 07:35:01+02;1279
2016-04-14 12:31:01+02;1309
2016-04-14 14:22:01+02;1279
2016-04-14 16:10:01+02;1269
2016-04-14 21:15:01+02;1269
2016-04-14 23:01:01+02;1399
2016-04-15 07:39:01+02;1299
2016-04-15 08:54:01+02;1299
2016-04-15 09:54:01+02;1289
2016-04-15 10:38:01+02;1289
2016-04-15 12:32:01+02;1319
2016-04-15 13:43:01+02;1279
2016-04-15 16:45:02+02;1259
2016-04-15 23:01:01+02;1399
2016-04-16 07:09:01+02;1399
2016-04-16 07:24:01+02;1299
2016-04-16 08:06:01+02;1289
2016-04-16 12:31:01+02;1319
2016-04-16 14:17:01+02;1289
2016-04-16 16:24:01+02;1249
2016-04-16 16:51:01+02;1249
2016-04-16 23:01:01+02;1399
2016-04-17 07:03:02+02;1399
2016-04-17 08:25:01+02;1399
2016-04-17 08:57:01+02;1399
2016-04-17 10:57:01+02;1379
2016-04-17 11:00:01+02;1299
2016-04-17 12:31:01+02;1329
2016-04-17 13:36:01+02;1299
2016-04-17 14:51:01+02;1259
2016-04-17 18:06:01+02;1249
2016-04-17 23:02:01+02;1399
2016-04-18 07:33:01+02;1309
2016-04-18 07:57:01+02;1309
2016-04-18 08:41:02+02;1289
2016-04-18 10:48:01+02;1289
2016-04-18 12:31:02+02;1319
2016-04-18 14:09:01+02;1289
2016-04-18 16:24:01+02;1249
2016-04-18 19:32:01+02;1239
2016-04-18 23:02:01+02;1379
2016-04-19 07:24:01+02;1289
2016-04-19 08:23:01+02;1279
2016-04-19 10:25:01+02;1279
2016-04-19 12:31:01+02;1309
2016-04-19 13:42:01+02;1269
2016-04-19 14:23:01+02;1249
2016-04-19 16:39:01+02;1239
2016-04-19 18:32:01+02;1219
2016-04-19 23:01:01+02;1369
2016-04-20 07:25:01+02;1279
2016-04-20 08:23:01+02;1259
2016-04-20 09:56:01+02;1259
2016-04-20 12:31:01+02;1289
2016-04-20 13:53:01+02;1259
2016-04-20 15:08:01+02;1229
2016-04-20 15:37:01+02;1219
2016-04-20 16:38:01+02;1209
2016-04-20 23:01:01+02;1379
2016-04-21 07:24:01+02;1289
2016-04-21 08:31:01+02;1259
2016-04-21 11:00:01+02;1249
2016-04-21 12:31:01+02;1279
2016-04-21 14:10:01+02;1249
2016-04-21 15:06:01+02;1229
2016-04-21 23:01:01+02;1389
2016-04-22 07:36:01+02;1289
2016-04-22 08:44:01+02;1259
2016-04-22 12:31:01+02;1289
2016-04-22 14:36:01+02;1259
2016-04-22 14:58:01+02;1259
2016-04-22 23:01:01+02;1399
2016-04-23 07:07:01+02;1399
2016-04-23 07:32:01+02;1299
2016-04-23 08:30:01+02;1269
2016-04-23 12:32:01+02;1299
2016-04-23 14:24:01+02;1269
2016-04-23 23:01:01+02;1399
2016-04-24 08:23:01+02;1399
2016-04-24 08:29:01+02;1309
2016-04-24 10:47:01+02;1289
2016-04-24 12:31:01+02;1319
2016-04-24 14:22:01+02;1289
2016-04-24 15:23:01+02;1269
2016-04-24 21:46:01+02;1269
2016-04-24 23:01:01+02;1399
2016-04-25 07:09:01+02;1399
2016-04-25 07:15:01+02;1309
2016-04-25 07:23:01+02;1309
2016-04-25 08:35:01+02;1269
2016-04-25 12:31:02+02;1299
2016-04-25 14:07:01+02;1269
2016-04-25 23:02:01+02;1399
2016-04-26 07:00:01+02;1399
2016-04-26 07:23:01+02;1309
2016-04-26 11:13:01+02;1289
2016-04-26 12:31:01+02;1319
2016-04-26 13:51:01+02;1289
2016-04-26 14:31:01+02;1289
2016-04-26 15:00:01+02;1279
2016-04-26 17:00:01+02;1269
2016-04-26 23:01:01+02;1399
2016-04-27 06:47:01+02;1319
2016-04-27 07:23:01+02;1309
2016-04-27 10:29:01+02;1279
2016-04-27 12:31:01+02;1309
2016-04-27 14:15:01+02;1279
2016-04-27 23:01:01+02;1399
2016-04-28 07:08:01+02;1399
2016-04-28 07:33:01+02;1309
2016-04-28 10:18:01+02;1289
2016-04-28 12:31:01+02;1319
2016-04-28 13:19:01+02;1309
2016-04-28 14:23:01+02;1279
2016-04-28 17:07:01+02;1279
2016-04-28 23:01:01+02;1399
2016-04-29 07:36:01+02;1329
2016-04-29 08:22:01+02;1309
2016-04-29 10:00:01+02;1279
2016-04-29 11:45:01+02;1269
2016-04-29 12:31:01+02;1299
2016-04-29 14:21:01+02;1279
2016-04-29 16:54:01+02;1269
2016-04-29 23:01:01+02;1399
2016-04-30 07:33:01+02;1309
2016-04-30 09:39:01+02;1299
2016-04-30 12:31:01+02;1329
2016-04-30 14:11:01+02;1299
2016-04-30 23:02:01+02;1399
2016-05-01 08:23:01+02;1279
2016-05-01 10:03:01+02;1269
2016-05-01 12:31:01+02;1299
2016-05-01 13:48:01+02;1269
2016-05-01 21:26:06+02;1269
2016-05-01 23:01:01+02;1399
2016-05-01 23:01:01+02;1399
2016-05-02 07:29:01+02;1319
2016-05-02 08:17:01+02;1299
2016-05-02 12:33:01+02;1329
2016-05-02 14:33:01+02;1299
2016-05-02 15:45:01+02;1279
2016-05-02 23:01:01+02;1399
2016-05-03 07:30:01+02;1319
2016-05-03 10:41:01+02;1319
2016-05-03 10:45:01+02;1289
2016-05-03 12:31:01+02;1319
2016-05-03 12:43:01+02;1319
2016-05-03 14:10:01+02;1309
2016-05-03 14:45:01+02;1289
2016-05-03 15:39:01+02;1279
2016-05-03 17:48:01+02;1279
2016-05-03 18:36:01+02;1279
2016-05-03 23:21:01+02;1399
2016-05-04 07:24:01+02;1309
2016-05-04 09:00:01+02;1299
2016-05-04 12:31:01+02;1329
2016-05-04 12:58:01+02;1329
2016-05-04 13:45:01+02;1329
2016-05-04 14:18:01+02;1329
2016-05-04 14:29:01+02;1299
2016-05-04 15:10:01+02;1249
2016-05-04 23:02:01+02;1389
2016-05-05 07:14:01+02;1389
2016-05-05 08:04:01+02;1389
2016-05-05 08:36:01+02;1299
2016-05-05 09:50:01+02;1289
2016-05-05 12:31:01+02;1319
2016-05-05 14:10:01+02;1289
2016-05-05 15:00:01+02;1269
2016-05-05 23:01:01+02;1389
2016-05-06 07:21:01+02;1389
2016-05-06 07:24:01+02;1299
2016-05-06 08:03:01+02;1289
2016-05-06 12:31:01+02;1319
2016-05-06 13:48:01+02;1319
2016-05-06 14:17:01+02;1299
2016-05-06 14:35:01+02;1289
2016-05-06 15:18:01+02;1249
2016-05-06 23:02:01+02;1389
2016-05-07 07:29:01+02;1299
2016-05-07 08:53:01+02;1269
2016-05-07 10:47:01+02;1259
2016-05-07 11:20:01+02;1249
2016-05-07 12:31:01+02;1279
2016-05-07 14:01:01+02;1249
2016-05-07 23:01:01+02;1389
2016-05-08 15:00:01+02;1279
2016-05-08 15:29:01+02;1279
2016-05-08 15:35:01+02;1279
2016-05-08 15:53:01+02;1279
2016-05-08 15:57:01+02;1269
2016-05-08 16:02:01+02;1269
2016-05-08 17:30:01+02;1249
2016-05-08 17:31:01+02;1249
2016-05-08 23:01:01+02;1389
2016-05-09 06:55:01+02;1329
2016-05-09 07:23:01+02;1289
2016-05-09 11:25:01+02;1289
2016-05-09 11:39:01+02;1249
2016-05-09 12:31:01+02;1279
2016-05-09 14:10:01+02;1269
2016-05-09 14:35:01+02;1249
2016-05-09 23:01:01+02;1389
2016-05-10 07:24:01+02;1389
2016-05-10 07:27:02+02;1289
2016-05-10 08:55:01+02;1289
2016-05-10 09:15:01+02;1269
2016-05-10 11:34:01+02;1269
2016-05-10 12:31:01+02;1299
2016-05-10 13:35:01+02;1269
2016-05-10 15:02:01+02;1249
2016-05-10 23:02:01+02;1369
2016-05-11 07:16:01+02;1369
2016-05-11 07:25:01+02;1289
2016-05-11 12:31:01+02;1319
2016-05-11 12:43:01+02;1319
2016-05-11 13:28:01+02;1289
2016-05-11 15:00:02+02;1239
2016-05-11 15:38:01+02;1229
2016-05-11 23:01:01+02;1379
2016-05-12 07:03:01+02;1329
2016-05-12 07:24:01+02;1289
2016-05-12 08:24:01+02;1259
2016-05-12 12:31:01+02;1289
2016-05-12 13:48:01+02;1289
2016-05-12 14:09:01+02;1259
2016-05-12 14:45:02+02;1239
2016-05-12 23:02:01+02;1399
2016-05-13 06:56:01+02;1329
2016-05-13 07:23:01+02;1309
2016-05-13 08:20:01+02;1269
2016-05-13 10:36:01+02;1269
2016-05-13 12:31:01+02;1299
2016-05-13 13:41:01+02;1299
2016-05-13 14:16:01+02;1269
2016-05-13 23:01:01+02;1389
2016-05-14 07:30:01+02;1309
2016-05-14 08:40:01+02;1289
2016-05-14 11:30:01+02;1279
2016-05-14 12:31:01+02;1309
2016-05-14 14:11:01+02;1279
2016-05-14 17:06:01+02;1269
2016-05-14 23:01:01+02;1389
2016-05-15 08:16:01+02;1319
2016-05-15 10:07:01+02;1319
2016-05-15 11:45:01+02;1289
2016-05-15 12:31:01+02;1319
2016-05-15 13:58:01+02;1319
2016-05-15 14:57:01+02;1299
2016-05-15 16:51:01+02;1269
2016-05-15 23:02:01+02;1389
2016-05-16 07:57:01+02;1389
2016-05-16 08:24:01+02;1319
2016-05-16 09:37:01+02;1289
2016-05-16 12:32:01+02;1319
2016-05-16 14:10:01+02;1289
2016-05-16 15:00:01+02;1269
2016-05-16 23:02:01+02;1389
2016-05-17 07:24:01+02;1319
2016-05-17 08:21:01+02;1289
2016-05-17 11:18:01+02;1289
2016-05-17 12:32:01+02;1319
2016-05-17 13:45:01+02;1319
2016-05-17 14:09:01+02;1299
2016-05-17 15:22:01+02;1279
2016-05-17 23:02:01+02;1399
2016-05-18 07:04:01+02;1339
2016-05-18 07:21:01+02;1329
2016-05-18 10:51:01+02;1309
2016-05-18 11:39:01+02;1299
2016-05-18 13:17:01+02;1329
2016-05-18 14:10:01+02;1299
2016-05-18 15:30:01+02;1289
2016-05-18 23:02:01+02;1399
2016-05-19 07:24:01+02;1329
2016-05-19 08:36:01+02;1319
2016-05-19 13:02:01+02;1349
2016-05-19 14:10:01+02;1319
2016-05-19 15:48:01+02;1299
2016-05-19 23:02:01+02;1399
2016-05-20 07:24:01+02;1329
2016-05-20 08:45:01+02;1319
2016-05-20 11:54:01+02;1289
2016-05-20 13:02:01+02;1319
2016-05-20 14:10:01+02;1289
2016-05-20 15:30:01+02;1279
2016-05-20 23:02:01+02;1389
2016-05-21 08:01:02+02;1329
2016-05-21 09:16:01+02;1309
2016-05-21 10:36:01+02;1299
2016-05-21 11:36:01+02;1289
2016-05-21 13:02:01+02;1319
2016-05-21 14:10:01+02;1289
2016-05-21 23:02:01+02;1389
2016-05-22 08:39:01+02;1339
2016-05-22 08:46:01+02;1339
2016-05-22 10:47:01+02;1329
2016-05-22 11:21:01+02;1309
2016-05-22 13:01:01+02;1339
2016-05-22 14:08:01+02;1309
2016-05-22 14:36:01+02;1289
2016-05-22 15:16:01+02;1289
2016-05-22 23:01:01+02;1389
2016-05-23 07:25:01+02;1339
2016-05-23 08:00:01+02;1299
2016-05-23 13:01:01+02;1329
2016-05-23 14:10:01+02;1299
2016-05-23 14:30:01+02;1299
2016-05-23 15:15:01+02;1279
2016-05-23 23:01:01+02;1409
2016-05-24 07:20:01+02;1329
2016-05-24 08:15:01+02;1309
2016-05-24 11:10:01+02;1309
2016-05-24 11:14:01+02;1299
2016-05-24 13:01:01+02;1329
2016-05-24 14:08:01+02;1299
2016-05-24 15:06:01+02;1279
2016-05-24 23:01:01+02;1419
2016-05-25 07:44:01+02;1329
2016-05-25 08:15:01+02;1309
2016-05-25 11:21:01+02;1309
2016-05-25 13:01:01+02;1339
2016-05-25 14:10:01+02;1309
2016-05-25 14:51:01+02;1299
2016-05-25 23:01:01+02;1419
2016-05-26 08:15:02+02;1319
2016-05-26 11:45:01+02;1299
2016-05-26 13:01:01+02;1329
2016-05-26 14:09:01+02;1299
2016-05-26 23:01:01+02;1419
2016-05-27 07:19:01+02;1419
2016-05-27 07:51:01+02;1349
2016-05-27 08:36:01+02;1319
2016-05-27 11:45:01+02;1319
2016-05-27 13:01:01+02;1349
2016-05-27 14:09:01+02;1309
2016-05-27 15:40:01+02;1299
2016-05-27 23:01:01+02;1419
2016-05-28 07:15:01+02;1349
2016-05-28 08:24:01+02;1319
2016-05-28 11:45:01+02;1299
2016-05-28 13:01:01+02;1329
2016-05-28 14:10:02+02;1299
2016-05-28 23:01:01+02;1419
2016-05-29 08:23:01+02;1389
2016-05-29 08:39:01+02;1389
2016-05-29 10:12:01+02;1349
2016-05-29 10:54:01+02;1319
2016-05-29 13:01:01+02;1349
2016-05-29 13:56:01+02;1319
2016-05-29 15:04:01+02;1299
2016-05-29 23:01:01+02;1419
2016-05-30 08:35:01+02;1399
2016-05-30 09:01:01+02;1379
2016-05-30 09:15:01+02;1349
2016-05-30 10:03:01+02;1319
2016-05-30 13:01:01+02;1349
2016-05-30 14:09:01+02;1319
2016-05-30 14:24:01+02;1319
2016-05-30 15:09:01+02;1309
2016-05-30 23:01:01+02;1419
2016-05-31 07:27:01+02;1409
2016-05-31 08:09:01+02;1369
2016-05-31 09:16:01+02;1329
2016-05-31 11:14:01+02;1319
2016-05-31 13:02:01+02;1349
2016-05-31 14:10:01+02;1319
2016-05-31 15:23:01+02;1299
2016-05-31 23:01:01+02;1419
2016-06-01 07:23:01+02;1369
2016-06-01 08:39:01+02;1329
2016-06-01 11:14:01+02;1319
2016-06-01 11:24:01+02;1319
2016-06-01 11:44:01+02;1309
2016-06-01 13:01:01+02;1339
2016-06-01 14:08:01+02;1309
2016-06-01 14:50:01+02;1299
2016-06-01 15:30:01+02;1289
2016-06-01 23:01:01+02;1419
2016-06-02 07:24:01+02;1369
2016-06-02 08:23:01+02;1329
2016-06-02 10:46:01+02;1329
2016-06-02 11:39:01+02;1319
2016-06-02 13:01:01+02;1349
2016-06-02 14:10:02+02;1319
2016-06-02 14:54:01+02;1309
2016-06-02 15:16:01+02;1289
2016-06-02 16:30:01+02;1279
2016-06-02 23:01:01+02;1419
2016-06-03 07:41:01+02;1369
2016-06-03 08:53:02+02;1319
2016-06-03 11:36:01+02;1299
2016-06-03 13:01:01+02;1329
2016-06-03 14:12:01+02;1299
2016-06-03 15:39:02+02;1289
2016-06-03 16:24:01+02;1279
2016-06-03 23:01:01+02;1419
2016-06-04 07:50:01+02;1359
2016-06-04 09:29:01+02;1329
2016-06-04 11:39:01+02;1319
2016-06-04 13:01:01+02;1349
2016-06-04 14:10:01+02;1319
2016-06-04 15:15:02+02;1279
2016-06-04 23:01:01+02;1419
2016-06-05 08:02:01+02;1369
2016-06-05 08:14:01+02;1359
2016-06-05 10:37:01+02;1359
2016-06-05 10:39:01+02;1329
2016-06-05 12:43:02+02;1329
2016-06-05 13:01:01+02;1359
2016-06-05 13:32:01+02;1329
2016-06-05 15:39:01+02;1299
2016-06-05 17:00:01+02;1289
2016-06-05 18:38:01+02;1279
2016-06-05 23:01:01+02;1419
2016-06-06 07:51:01+02;1359
2016-06-06 08:38:01+02;1329
2016-06-06 11:44:01+02;1309
2016-06-06 13:01:01+02;1339
2016-06-06 14:11:01+02;1309
2016-06-06 15:23:01+02;1289
2016-06-06 16:08:01+02;1279
2016-06-06 23:01:01+02;1419
2016-06-07 07:15:01+02;1359
2016-06-07 08:26:01+02;1329
2016-06-07 10:08:01+02;1329
2016-06-07 11:35:01+02;1319
2016-06-07 13:01:01+02;1349
2016-06-07 14:10:01+02;1319
2016-06-07 15:15:01+02;1309
2016-06-07 15:45:01+02;1309
2016-06-07 16:10:02+02;1299
2016-06-07 16:59:01+02;1279
2016-06-07 17:45:01+02;1269
2016-06-07 23:01:01+02;1409
2016-06-08 07:20:01+02;1349
2016-06-08 08:35:01+02;1319
2016-06-08 10:44:01+02;1319
2016-06-08 11:05:01+02;1309
2016-06-08 13:02:01+02;1339
2016-06-08 14:00:01+02;1309
2016-06-08 15:21:01+02;1299
2016-06-08 17:00:01+02;1289
2016-06-08 17:06:01+02;1279
2016-06-08 19:36:01+02;1269
2016-06-08 23:01:01+02;1409
2016-06-09 07:23:01+02;1349
2016-06-09 08:24:01+02;1299
2016-06-09 11:17:01+02;1299
2016-06-09 11:30:01+02;1279
2016-06-09 13:01:01+02;1309
2016-06-09 13:58:01+02;1289
2016-06-09 15:45:01+02;1279
2016-06-09 23:01:02+02;1409
2016-06-10 07:24:01+02;1349
2016-06-10 08:51:01+02;1309
2016-06-10 11:02:02+02;1299
2016-06-10 13:01:02+02;1329
2016-06-10 14:09:01+02;1299
2016-06-10 15:24:01+02;1279
2016-06-10 17:21:01+02;1269
2016-06-10 23:02:01+02;1419
2016-06-11 07:29:01+02;1359
2016-06-11 09:14:02+02;1319
2016-06-11 13:01:01+02;1349
2016-06-11 14:09:01+02;1319
2016-06-11 15:06:01+02;1309
2016-06-11 23:01:01+02;1419
2016-06-12 08:24:01+02;1379
2016-06-12 08:44:01+02;1349
2016-06-12 09:25:01+02;1349
2016-06-12 11:14:01+02;1319
2016-06-12 13:01:01+02;1349
2016-06-12 14:10:01+02;1319
2016-06-12 15:00:01+02;1289
2016-06-12 15:36:01+02;1279
2016-06-12 23:01:01+02;1419
2016-06-13 06:59:01+02;1399
2016-06-13 07:17:01+02;1349
2016-06-13 08:20:01+02;1319
2016-06-13 10:44:01+02;1309
2016-06-13 11:14:01+02;1299
2016-06-13 13:01:01+02;1329
2016-06-13 14:09:01+02;1299
2016-06-13 15:14:01+02;1279
2016-06-13 16:30:01+02;1269
2016-06-13 23:01:01+02;1419
2016-06-14 07:23:01+02;1349
2016-06-14 08:14:01+02;1319
2016-06-14 10:38:01+02;1309
2016-06-14 13:01:01+02;1339
2016-06-14 14:10:01+02;1309
2016-06-14 15:03:01+02;1279
2016-06-14 16:30:01+02;1269
2016-06-14 23:01:01+02;1419
2016-06-15 07:09:01+02;1379
2016-06-15 07:18:01+02;1349
2016-06-15 08:21:01+02;1319
2016-06-15 11:29:01+02;1309
2016-06-15 13:01:01+02;1339
2016-06-15 14:08:01+02;1309
2016-06-15 14:52:01+02;1299
2016-06-15 15:15:01+02;1269
2016-06-15 16:21:01+02;1259
2016-06-15 23:01:01+02;1409
2016-06-16 07:21:01+02;1339
2016-06-16 08:44:01+02;1309
2016-06-16 11:50:01+02;1289
2016-06-16 13:01:01+02;1319
2016-06-16 14:08:01+02;1289
2016-06-16 15:21:01+02;1259
2016-06-16 23:01:01+02;1409
2016-06-17 07:22:01+02;1339
2016-06-17 07:38:01+02;1339
2016-06-17 08:48:01+02;1299
2016-06-17 09:21:01+02;1289
2016-06-17 09:49:01+02;1269
2016-06-17 10:51:01+02;1269
2016-06-17 13:01:01+02;1299
2016-06-17 14:08:01+02;1269
2016-06-17 15:18:01+02;1249
2016-06-17 23:01:01+02;1409
2016-06-18 07:32:01+02;1329
2016-06-18 08:32:01+02;1299
2016-06-18 11:33:01+02;1269
2016-06-18 13:01:01+02;1299
2016-06-18 14:11:01+02;1279
2016-06-18 17:33:01+02;1249
2016-06-18 18:14:01+02;1249
2016-06-18 23:01:01+02;1409
2016-06-19 08:48:01+02;1409
2016-06-19 09:43:01+02;1329
2016-06-19 10:18:01+02;1269
2016-06-19 13:01:01+02;1299
2016-06-19 14:08:01+02;1269
2016-06-19 15:03:01+02;1249
2016-06-19 23:01:01+02;1409
2016-06-20 07:07:01+02;1389
2016-06-20 07:21:01+02;1329
2016-06-20 10:11:01+02;1309
2016-06-20 15:47:01+02;1299
2016-06-20 17:30:01+02;1289
2016-06-20 18:03:01+02;1269
2016-06-20 23:01:01+02;1419
2016-06-21 07:18:01+02;1329
2016-06-21 09:12:01+02;1319
2016-06-21 10:57:01+02;1309
2016-06-21 11:13:01+02;1309
2016-06-21 13:01:01+02;1339
2016-06-21 14:09:01+02;1319
2016-06-21 14:48:01+02;1309
2016-06-21 15:28:01+02;1289
2016-06-21 16:42:01+02;1279
2016-06-21 23:01:01+02;1429
2016-06-22 06:53:01+02;1379
2016-06-22 07:11:01+02;1349
2016-06-22 09:02:01+02;1339
2016-06-22 11:03:01+02;1339
2016-06-22 11:12:01+02;1329
2016-06-22 11:42:01+02;1319
2016-06-22 13:01:01+02;1349
2016-06-22 14:10:01+02;1319
2016-06-22 15:12:01+02;1299
2016-06-22 17:11:01+02;1289
2016-06-22 18:57:01+02;1279
2016-06-22 23:01:01+02;1429
2016-06-23 07:17:01+02;1349
2016-06-23 09:17:01+02;1349
2016-06-23 10:57:01+02;1329
2016-06-23 13:01:01+02;1359
2016-06-23 13:31:01+02;1359
2016-06-23 14:13:01+02;1329
2016-06-23 15:42:01+02;1319
2016-06-23 18:18:01+02;1299
2016-06-23 23:01:01+02;1429
2016-06-24 07:20:01+02;1369
2016-06-24 08:18:01+02;1359
2016-06-24 10:18:01+02;1339
2016-06-24 11:18:01+02;1329
2016-06-24 13:01:01+02;1359
2016-06-24 14:10:01+02;1329
2016-06-24 15:13:01+02;1319
2016-06-24 17:54:01+02;1299
2016-06-24 18:54:01+02;1289
2016-06-24 23:01:01+02;1429
2016-06-25 07:42:01+02;1349
2016-06-25 08:51:02+02;1349
2016-06-25 13:01:01+02;1379
2016-06-25 14:09:01+02;1349
2016-06-25 15:21:01+02;1329
2016-06-25 23:01:01+02;1429
2016-06-26 08:27:01+02;1349
2016-06-26 09:17:01+02;1349
2016-06-26 09:31:01+02;1339
2016-06-26 10:27:01+02;1339
2016-06-26 11:10:01+02;1339
2016-06-26 13:01:01+02;1369
2016-06-26 14:10:01+02;1339
2016-06-26 15:42:01+02;1319
2016-06-26 19:03:01+02;1289
2016-06-26 23:01:01+02;1429
2016-06-27 07:17:01+02;1359
2016-06-27 09:13:01+02;1339
2016-06-27 10:07:01+02;1339
2016-06-27 11:15:01+02;1339
2016-06-27 13:01:01+02;1369
2016-06-27 14:08:01+02;1339
2016-06-27 15:48:01+02;1309
2016-06-27 16:58:01+02;1299
2016-06-27 19:24:01+02;1279
2016-06-27 23:01:01+02;1419
2016-06-28 07:26:01+02;1349
2016-06-28 09:50:01+02;1339
2016-06-28 10:41:02+02;1339
2016-06-28 11:12:01+02;1339
2016-06-28 11:45:01+02;1339
2016-06-28 13:01:01+02;1369
2016-06-28 14:09:01+02;1339
2016-06-28 15:27:01+02;1319
2016-06-28 16:17:01+02;1309
2016-06-28 16:42:01+02;1289
2016-06-28 18:57:01+02;1279
2016-06-28 23:01:02+02;1419
2016-06-29 07:14:01+02;1359
2016-06-29 09:11:01+02;1339
2016-06-29 10:11:01+02;1339
2016-06-29 10:32:01+02;1329
2016-06-29 11:24:01+02;1329
2016-06-29 11:26:01+02;1319
2016-06-29 13:01:01+02;1349
2016-06-29 14:09:01+02;1319
2016-06-29 15:02:01+02;1299
2016-06-29 19:41:01+02;1269
2016-06-29 23:01:01+02;1409
2016-06-30 07:06:01+02;1349
2016-06-30 09:10:02+02;1339
2016-06-30 10:03:01+02;1319
2016-06-30 13:02:01+02;1349
2016-06-30 13:58:01+02;1319
2016-06-30 14:21:01+02;1299
2016-06-30 14:36:01+02;1299
2016-06-30 16:48:01+02;1279
2016-06-30 18:57:01+02;1269
2016-06-30 23:01:01+02;1409
2016-07-01 07:03:01+02;1349
2016-07-01 11:13:01+02;1349
2016-07-01 11:30:01+02;1349
2016-07-01 11:32:01+02;1319
2016-07-01 13:01:01+02;1349
2016-07-01 13:57:01+02;1319
2016-07-01 14:51:01+02;1299
2016-07-01 17:48:02+02;1279
2016-07-01 23:01:01+02;1409
2016-07-02 07:18:01+02;1359
2016-07-02 07:56:01+02;1299
2016-07-02 13:01:01+02;1329
2016-07-02 13:55:01+02;1299
2016-07-02 14:57:01+02;1289
2016-07-02 23:01:01+02;1409
2016-07-03 08:09:01+02;1409
2016-07-03 08:21:01+02;1359
2016-07-03 08:27:01+02;1359
2016-07-03 09:15:02+02;1359
2016-07-03 10:27:01+02;1339
2016-07-03 10:39:01+02;1329
2016-07-03 11:36:01+02;1329
2016-07-03 13:01:01+02;1359
2016-07-03 13:57:01+02;1329
2016-07-03 14:42:01+02;1309
2016-07-03 17:21:01+02;1299
2016-07-03 18:18:01+02;1289
2016-07-03 23:01:02+02;1409
2016-07-04 07:06:01+02;1349
2016-07-04 09:09:01+02;1339
2016-07-04 10:21:01+02;1329
2016-07-04 11:22:01+02;1319
2016-07-04 12:24:01+02;1319
2016-07-04 13:02:01+02;1349
2016-07-04 13:55:01+02;1319
2016-07-04 14:58:01+02;1299
2016-07-04 18:03:01+02;1279
2016-07-04 23:01:02+02;1409
2016-07-05 07:01:01+02;1359
2016-07-05 08:27:01+02;1289
2016-07-05 13:01:01+02;1319
2016-07-05 13:55:01+02;1289
2016-07-05 18:05:01+02;1279
2016-07-05 23:01:01+02;1399
2016-07-06 07:06:01+02;1339
2016-07-06 10:12:01+02;1319
2016-07-06 13:02:01+02;1349
2016-07-06 13:54:01+02;1319
2016-07-06 15:37:02+02;1299
2016-07-06 17:20:01+02;1289
2016-07-06 18:06:02+02;1279
2016-07-06 19:27:01+02;1259
2016-07-06 23:01:01+02;1379
2016-07-07 06:59:01+02;1329
2016-07-07 08:37:01+02;1329
2016-07-07 09:07:01+02;1319
2016-07-07 09:45:01+02;1309
2016-07-07 13:02:01+02;1339
2016-07-07 13:46:01+02;1329
2016-07-07 14:01:01+02;1319
2016-07-07 14:42:01+02;1299
2016-07-07 14:57:01+02;1279
2016-07-07 18:27:01+02;1259
2016-07-07 19:12:01+02;1249
2016-07-07 19:21:01+02;1239
2016-07-07 23:01:01+02;1379
2016-07-08 06:59:01+02;1319
2016-07-08 09:11:01+02;1309
2016-07-08 10:11:01+02;1309
2016-07-08 13:01:02+02;1339
2016-07-08 13:17:01+02;1339
2016-07-08 13:56:01+02;1309
2016-07-08 14:36:01+02;1299
2016-07-08 15:05:01+02;1279
2016-07-08 17:42:01+02;1259
2016-07-08 23:01:01+02;1389
2016-07-09 07:12:01+02;1329
2016-07-09 08:28:01+02;1329
2016-07-09 11:30:01+02;1299
2016-07-09 13:02:02+02;1329
2016-07-09 13:55:01+02;1299
2016-07-09 15:06:01+02;1289
2016-07-09 23:01:01+02;1389
2016-07-10 07:52:01+02;1389
2016-07-10 07:57:01+02;1319
2016-07-10 09:07:01+02;1319
2016-07-10 10:20:01+02;1309
2016-07-10 13:02:01+02;1339
2016-07-10 13:56:01+02;1309
2016-07-10 14:45:02+02;1289
2016-07-10 23:01:01+02;1389
2016-07-11 07:06:02+02;1319
2016-07-11 08:45:01+02;1309
2016-07-11 08:54:01+02;1309
2016-07-11 09:59:01+02;1299
2016-07-11 11:13:01+02;1289
2016-07-11 13:01:01+02;1319
2016-07-11 13:55:01+02;1289
2016-07-11 14:36:01+02;1279
2016-07-11 15:30:01+02;1259
2016-07-11 19:06:01+02;1249
2016-07-11 23:01:01+02;1379
2016-07-12 07:01:01+02;1309
2016-07-12 07:57:01+02;1309
2016-07-12 09:33:01+02;1309
2016-07-12 10:06:01+02;1299
2016-07-12 10:30:01+02;1269
2016-07-12 13:02:01+02;1299
2016-07-12 13:56:01+02;1269
2016-07-12 14:36:01+02;1269
2016-07-12 15:51:01+02;1259
2016-07-12 16:59:01+02;1259
2016-07-12 23:01:01+02;1369
2016-07-13 07:00:01+02;1319
2016-07-13 08:30:01+02;1319
2016-07-13 10:21:02+02;1299
2016-07-13 10:52:01+02;1299
2016-07-13 11:30:01+02;1269
2016-07-13 13:02:01+02;1299
2016-07-13 13:54:01+02;1269
2016-07-13 14:48:01+02;1259
2016-07-13 18:09:01+02;1249
2016-07-13 23:01:01+02;1369
2016-07-14 07:08:01+02;1369
2016-07-14 07:39:01+02;1319
2016-07-14 09:09:01+02;1279
2016-07-14 10:39:01+02;1279
2016-07-14 13:02:01+02;1309
2016-07-14 13:55:02+02;1279
2016-07-14 15:18:01+02;1259
2016-07-14 18:55:01+02;1239
2016-07-14 23:01:01+02;1369
2016-07-15 07:03:01+02;1309
2016-07-15 07:39:01+02;1309
2016-07-15 09:05:01+02;1309
2016-07-15 09:19:01+02;1299
2016-07-15 10:39:01+02;1299
2016-07-15 10:56:01+02;1299
2016-07-15 11:09:01+02;1269
2016-07-15 13:02:01+02;1299
2016-07-15 13:54:01+02;1269
2016-07-15 15:11:01+02;1249
2016-07-15 18:09:01+02;1249
2016-07-15 23:01:01+02;1379
2016-07-16 08:08:01+02;1369
2016-07-16 09:23:01+02;1369
2016-07-16 09:43:01+02;1299
2016-07-16 13:01:01+02;1329
2016-07-16 13:17:01+02;1329
2016-07-16 13:40:01+02;1299
2016-07-16 15:11:01+02;1269
2016-07-16 23:02:01+02;1379
2016-07-17 08:09:01+02;1329
2016-07-17 09:49:01+02;1319
2016-07-17 11:13:01+02;1289
2016-07-17 13:01:01+02;1319
2016-07-17 13:55:01+02;1289
2016-07-17 14:43:01+02;1259
2016-07-17 23:01:01+02;1379
2016-07-18 07:03:01+02;1319
2016-07-18 09:18:01+02;1309
2016-07-18 10:38:01+02;1289
2016-07-18 10:45:01+02;1289
2016-07-18 11:53:01+02;1259
2016-07-18 13:01:01+02;1289
2016-07-18 13:55:01+02;1259
2016-07-18 17:24:01+02;1249
2016-07-18 23:01:01+02;1389
2016-07-19 07:03:01+02;1319
2016-07-19 09:19:01+02;1299
2016-07-19 10:40:01+02;1299
2016-07-19 11:12:01+02;1279
2016-07-19 13:02:02+02;1309
2016-07-19 13:55:01+02;1279
2016-07-19 14:43:01+02;1269
2016-07-19 15:03:01+02;1259
2016-07-19 23:01:01+02;1379
2016-07-20 07:03:01+02;1319
2016-07-20 09:13:01+02;1319
2016-07-20 10:50:02+02;1319
2016-07-20 11:04:01+02;1289
2016-07-20 13:01:01+02;1319
2016-07-20 13:55:01+02;1289
2016-07-20 14:25:01+02;1269
2016-07-20 16:40:01+02;1249
2016-07-20 18:09:01+02;1239
2016-07-20 23:01:01+02;1379
2016-07-21 07:03:01+02;1319
2016-07-21 07:55:01+02;1299
2016-07-21 09:01:01+02;1299
2016-07-21 13:00:01+02;1329
2016-07-21 13:17:01+02;1329
2016-07-21 13:33:01+02;1299
2016-07-21 14:28:01+02;1269
2016-07-21 15:15:01+02;1249
2016-07-21 23:01:01+02;1379
2016-07-22 07:02:01+02;1319
2016-07-22 08:25:01+02;1299
2016-07-22 11:07:01+02;1279
2016-07-22 13:01:01+02;1309
2016-07-22 13:56:01+02;1279
2016-07-22 14:24:01+02;1269
2016-07-22 15:12:01+02;1249
2016-07-22 18:54:01+02;1239
2016-07-22 23:01:01+02;1379
2016-07-23 07:02:01+02;1319
2016-07-23 10:09:01+02;1299
2016-07-23 10:38:01+02;1299
2016-07-23 10:54:01+02;1289
2016-07-23 13:01:01+02;1319
2016-07-23 13:54:01+02;1289
2016-07-23 14:40:01+02;1259
2016-07-23 23:01:01+02;1379
2016-07-24 07:39:01+02;1319
2016-07-24 10:25:01+02;1309
2016-07-24 11:08:01+02;1289
2016-07-24 13:02:01+02;1319
2016-07-24 13:57:01+02;1289
2016-07-24 14:48:01+02;1259
2016-07-24 23:01:01+02;1379
2016-07-25 06:58:01+02;1319
2016-07-25 08:44:01+02;1309
2016-07-25 11:05:01+02;1279
2016-07-25 13:02:01+02;1309
2016-07-25 13:55:01+02;1279
2016-07-25 16:13:01+02;1249
2016-07-25 17:13:01+02;1249
2016-07-25 18:01:01+02;1229
2016-07-25 23:01:01+02;1369
2016-07-26 07:06:01+02;1299
2016-07-26 09:17:01+02;1299
2016-07-26 10:51:01+02;1269
2016-07-26 11:01:01+02;1269
2016-07-26 11:48:01+02;1259
2016-07-26 13:01:01+02;1289
2016-07-26 13:56:01+02;1259
2016-07-26 14:34:01+02;1249
2016-07-26 14:47:01+02;1249
2016-07-26 16:06:01+02;1229
2016-07-26 23:01:01+02;1359
2016-07-27 07:00:01+02;1289
2016-07-27 07:32:02+02;1289
2016-07-27 10:47:02+02;1289
2016-07-27 11:18:01+02;1259
2016-07-27 13:01:01+02;1289
2016-07-27 13:55:02+02;1259
2016-07-27 13:58:01+02;1249
2016-07-27 14:17:01+02;1229
2016-07-27 15:13:01+02;1219
2016-07-27 23:02:01+02;1359
2016-07-28 07:05:01+02;1289
2016-07-28 09:03:01+02;1279
2016-07-28 10:39:01+02;1279
2016-07-28 11:06:01+02;1259
2016-07-28 13:02:01+02;1289
2016-07-28 13:55:01+02;1259
2016-07-28 14:03:01+02;1249
2016-07-28 14:21:01+02;1239
2016-07-28 23:02:01+02;1359
2016-07-29 07:06:01+02;1289
2016-07-29 07:28:01+02;1239
2016-07-29 10:36:01+02;1229
2016-07-29 13:02:01+02;1259
2016-07-29 13:56:01+02;1229
2016-07-29 15:36:01+02;1219
2016-07-29 23:02:01+02;1359
2016-07-30 07:53:01+02;1289
2016-07-30 11:36:01+02;1279
2016-07-30 13:01:01+02;1309
2016-07-30 13:27:01+02;1309
2016-07-30 13:51:02+02;1249
2016-07-30 14:37:01+02;1229
2016-07-30 23:01:01+02;1359
2016-07-31 08:05:01+02;1289
2016-07-31 10:21:01+02;1279
2016-07-31 13:01:01+02;1309
2016-07-31 13:59:01+02;1279
2016-07-31 14:00:01+02;1249
2016-07-31 14:51:01+02;1229
2016-07-31 23:02:01+02;1359
2016-08-01 07:06:01+02;1289
2016-08-01 09:36:01+02;1279
2016-08-01 10:31:01+02;1249
2016-08-01 13:02:01+02;1279
2016-08-01 13:59:01+02;1249
2016-08-01 15:00:01+02;1239
2016-08-01 18:36:01+02;1219
2016-08-01 23:02:01+02;1349
2016-08-02 06:52:01+02;1309
2016-08-02 07:19:01+02;1309
2016-08-02 08:27:01+02;1309
2016-08-02 08:48:01+02;1289
2016-08-02 09:15:01+02;1279
2016-08-02 10:06:01+02;1269
2016-08-02 10:15:01+02;1269
2016-08-02 10:27:01+02;1249
2016-08-02 10:36:01+02;1249
2016-08-02 13:02:01+02;1279
2016-08-02 13:57:01+02;1249
2016-08-02 14:45:01+02;1239
2016-08-02 18:15:01+02;1219
2016-08-02 23:02:01+02;1349
2016-08-03 06:49:01+02;1319
2016-08-03 07:19:01+02;1309
2016-08-03 08:48:01+02;1279
2016-08-03 09:48:01+02;1269
2016-08-03 10:45:01+02;1229
2016-08-03 11:15:01+02;1219
2016-08-03 13:02:01+02;1249
2016-08-03 13:37:01+02;1219
2016-08-03 14:57:01+02;1209
2016-08-03 23:02:01+02;1349
2016-08-04 06:51:01+02;1309
2016-08-04 07:19:01+02;1309
2016-08-04 08:48:01+02;1289
2016-08-04 09:15:01+02;1279
2016-08-04 10:15:01+02;1269
2016-08-04 13:02:01+02;1299
2016-08-04 13:48:01+02;1269
2016-08-04 14:15:01+02;1259
2016-08-04 14:48:01+02;1229
2016-08-04 18:15:01+02;1219
2016-08-04 23:02:01+02;1349
2016-08-05 06:51:01+02;1319
2016-08-05 07:27:01+02;1309
2016-08-05 08:21:01+02;1229
2016-08-05 13:02:01+02;1259
2016-08-05 13:57:01+02;1229
2016-08-05 23:02:01+02;1359
2016-08-06 06:48:01+02;1319
2016-08-06 08:45:01+02;1299
2016-08-06 09:45:01+02;1279
2016-08-06 10:03:01+02;1249
2016-08-06 10:24:01+02;1239
2016-08-06 13:02:01+02;1269
2016-08-06 13:45:01+02;1239
2016-08-06 23:02:01+02;1359
2016-08-07 06:49:02+02;1329
2016-08-07 09:46:01+02;1319
2016-08-07 10:44:01+02;1239
2016-08-07 13:01:01+02;1269
2016-08-07 13:45:01+02;1239
2016-08-07 23:01:01+02;1359
2016-08-08 06:49:01+02;1319
2016-08-08 07:15:01+02;1319
2016-08-08 08:47:01+02;1239
2016-08-08 09:15:01+02;1229
2016-08-08 13:02:01+02;1259
2016-08-08 13:49:01+02;1239
2016-08-08 14:46:01+02;1239
2016-08-08 23:01:01+02;1359
2016-08-09 06:49:02+02;1329
2016-08-09 07:27:01+02;1319
2016-08-09 08:47:01+02;1299
2016-08-09 09:07:01+02;1289
2016-08-09 09:48:01+02;1289
2016-08-09 10:48:01+02;1249
2016-08-09 11:15:01+02;1239
2016-08-09 13:02:01+02;1269
2016-08-09 13:49:01+02;1249
2016-08-09 14:45:01+02;1249
2016-08-09 14:55:02+02;1239
2016-08-09 23:01:01+02;1369
2016-08-10 06:52:01+02;1329
2016-08-10 07:27:01+02;1319
2016-08-10 08:51:01+02;1299
2016-08-10 09:09:01+02;1269
2016-08-10 10:31:01+02;1269
2016-08-10 10:39:02+02;1259
2016-08-10 11:49:01+02;1239
2016-08-10 13:02:01+02;1269
2016-08-10 13:57:01+02;1239
2016-08-10 14:47:01+02;1229
2016-08-10 23:01:01+02;1369
2016-08-11 06:55:01+02;1329
2016-08-11 07:20:01+02;1319
2016-08-11 08:51:01+02;1289
2016-08-11 09:09:01+02;1289
2016-08-11 09:56:01+02;1289
2016-08-11 10:31:01+02;1279
2016-08-11 10:51:01+02;1229
2016-08-11 13:01:01+02;1259
2016-08-11 13:56:01+02;1229
2016-08-11 14:49:01+02;1229
2016-08-11 18:19:01+02;1209
2016-08-11 23:01:01+02;1359
2016-08-12 06:55:01+02;1309
2016-08-12 07:02:01+02;1309
2016-08-12 08:51:02+02;1289
2016-08-12 09:08:01+02;1279
2016-08-12 10:08:01+02;1279
2016-08-12 10:51:01+02;1239
2016-08-12 11:00:01+02;1239
2016-08-12 11:08:01+02;1229
2016-08-12 11:39:02+02;1229
2016-08-12 13:02:01+02;1259
2016-08-12 13:55:01+02;1229
2016-08-12 18:09:01+02;1219
2016-08-12 23:01:01+02;1369
2016-08-13 06:55:01+02;1319
2016-08-13 08:44:01+02;1319
2016-08-13 08:53:01+02;1309
2016-08-13 10:01:01+02;1299
2016-08-13 10:39:01+02;1289
2016-08-13 11:19:01+02;1269
2016-08-13 13:02:01+02;1299
2016-08-13 13:59:01+02;1269
2016-08-13 14:27:01+02;1269
2016-08-13 14:48:01+02;1259
2016-08-13 17:39:01+02;1249
2016-08-13 18:09:02+02;1229
2016-08-13 18:21:01+02;1229
2016-08-13 23:01:01+02;1369
2016-08-14 06:55:01+02;1319
2016-08-14 08:29:01+02;1319
2016-08-14 08:51:01+02;1309
2016-08-14 08:56:01+02;1309
2016-08-14 10:08:01+02;1299
2016-08-14 11:39:01+02;1289
2016-08-14 11:59:01+02;1279
2016-08-14 13:01:02+02;1309
2016-08-14 13:37:01+02;1269
2016-08-14 14:27:01+02;1269
2016-08-14 14:51:01+02;1259
2016-08-14 16:53:01+02;1259
2016-08-14 18:17:01+02;1249
2016-08-14 18:39:01+02;1229
2016-08-14 23:01:01+02;1369
2016-08-15 06:43:01+02;1319
2016-08-15 07:09:01+02;1319
2016-08-15 08:39:01+02;1299
2016-08-15 08:59:01+02;1279
2016-08-15 09:48:01+02;1279
2016-08-15 10:09:01+02;1259
2016-08-15 13:02:01+02;1289
2016-08-15 13:39:02+02;1259
2016-08-15 14:48:01+02;1249
2016-08-15 17:46:01+02;1239
2016-08-15 18:09:01+02;1229
2016-08-15 23:01:01+02;1369
2016-08-16 06:45:01+02;1319
2016-08-16 07:19:01+02;1299
2016-08-16 08:39:01+02;1279
2016-08-16 09:39:01+02;1269
2016-08-16 10:19:01+02;1269
2016-08-16 11:09:01+02;1259
2016-08-16 13:02:01+02;1289
2016-08-16 13:39:01+02;1259
2016-08-16 14:57:01+02;1239
2016-08-16 17:39:01+02;1219
2016-08-16 23:02:02+02;1379
2016-08-17 06:43:01+02;1319
2016-08-17 07:09:01+02;1319
2016-08-17 08:40:01+02;1299
2016-08-17 09:19:01+02;1289
2016-08-17 10:21:01+02;1279
2016-08-17 10:42:01+02;1279
2016-08-17 11:39:01+02;1269
2016-08-17 13:02:01+02;1299
2016-08-17 13:42:01+02;1269
2016-08-17 14:31:01+02;1249
2016-08-17 14:48:01+02;1239
2016-08-17 18:27:01+02;1229
2016-08-17 23:01:02+02;1379
2016-08-18 06:45:01+02;1329
2016-08-18 08:39:01+02;1309
2016-08-18 10:51:01+02;1289
2016-08-18 11:06:01+02;1289
2016-08-18 11:09:01+02;1279
2016-08-18 12:00:01+02;1259
2016-08-18 13:01:01+02;1289
2016-08-18 13:39:01+02;1259
2016-08-18 15:00:01+02;1249
2016-08-18 23:02:01+02;1389
2016-08-19 06:45:01+02;1349
2016-08-19 07:08:01+02;1339
2016-08-19 08:39:01+02;1319
2016-08-19 08:57:01+02;1279
2016-08-19 10:59:01+02;1269
2016-08-19 11:39:01+02;1259
2016-08-19 15:31:01+02;1249
2016-08-19 23:01:01+02;1389
2016-08-20 06:49:01+02;1339
2016-08-20 08:43:01+02;1329
2016-08-20 08:59:01+02;1329
2016-08-20 10:00:01+02;1319
2016-08-20 11:01:01+02;1319
2016-08-20 11:09:01+02;1279
2016-08-20 11:19:01+02;1279
2016-08-20 13:02:01+02;1309
2016-08-20 13:40:01+02;1279
2016-08-20 16:19:01+02;1269
2016-08-20 18:45:01+02;1269
2016-08-20 23:01:01+02;1389
2016-08-21 06:48:01+02;1349
2016-08-21 08:39:01+02;1349
2016-08-21 08:43:01+02;1339
2016-08-21 08:51:01+02;1339
2016-08-21 10:19:01+02;1319
2016-08-21 13:02:01+02;1349
2016-08-21 13:39:01+02;1319
2016-08-21 14:31:01+02;1289
2016-08-21 14:48:01+02;1279
2016-08-21 17:31:01+02;1279
2016-08-21 23:01:01+02;1389
2016-08-22 06:45:01+02;1359
2016-08-22 07:08:01+02;1349
2016-08-22 08:40:01+02;1329
2016-08-22 09:01:01+02;1309
2016-08-22 09:39:01+02;1289
2016-08-22 13:01:02+02;1319
2016-08-22 13:40:01+02;1289
2016-08-22 14:40:01+02;1269
2016-08-22 17:39:01+02;1249
2016-08-22 23:01:01+02;1389
2016-08-23 06:45:01+02;1349
2016-08-23 08:39:01+02;1329
2016-08-23 10:39:01+02;1299
2016-08-23 13:02:01+02;1329
2016-08-23 13:43:01+02;1299
2016-08-23 14:31:01+02;1299
2016-08-23 14:40:01+02;1289
2016-08-23 14:48:01+02;1289
2016-08-23 16:07:01+02;1279
2016-08-24 13:02:01+02;1309
2016-08-24 13:55:02+02;1279
2016-08-25 08:35:01+02;1279
2016-08-25 08:40:01+02;1279
2016-08-25 08:47:01+02;1269
2016-08-25 13:01:01+02;1299
2016-08-25 13:39:02+02;1269
2016-08-25 18:09:01+02;1259
2016-08-25 23:02:01+02;1389
2016-08-26 06:45:01+02;1359
2016-08-26 07:09:02+02;1349
2016-08-26 08:35:01+02;1349
2016-08-26 08:40:01+02;1329
2016-08-26 09:21:01+02;1319
2016-08-26 10:41:01+02;1299
2016-08-26 13:01:02+02;1329
2016-08-26 13:39:01+02;1299
2016-08-26 14:40:01+02;1279
2016-08-26 14:48:01+02;1279
2016-08-26 17:00:01+02;1239
2016-08-26 23:02:01+02;1389
2016-08-27 06:45:01+02;1349
2016-08-27 08:44:01+02;1339
2016-08-27 10:31:01+02;1329
2016-08-27 10:51:01+02;1309
2016-08-27 13:02:01+02;1339
2016-08-27 13:39:01+02;1299
2016-08-27 14:31:01+02;1269
2016-08-27 14:48:01+02;1259
2016-08-27 23:01:01+02;1389
2016-08-28 06:49:01+02;1349
2016-08-28 08:44:01+02;1339
2016-08-28 08:49:02+02;1339
2016-08-28 11:23:01+02;1329
2016-08-28 13:02:01+02;1359
2016-08-28 13:03:01+02;1359
2016-08-28 13:39:01+02;1309
2016-08-28 14:29:01+02;1269
2016-08-28 14:47:01+02;1259
2016-08-28 23:01:01+02;1389
2016-08-29 06:46:01+02;1359
2016-08-29 07:11:01+02;1359
2016-08-29 08:40:01+02;1339
2016-08-29 09:19:01+02;1329
2016-08-29 10:39:01+02;1309
2016-08-29 10:59:01+02;1299
2016-08-29 13:02:01+02;1329
2016-08-29 13:43:01+02;1299
2016-08-29 14:09:01+02;1279
2016-08-29 14:40:01+02;1269
2016-08-29 15:00:02+02;1249
2016-08-29 23:01:01+02;1389
2016-08-30 06:45:01+02;1359
2016-08-30 07:08:01+02;1359
2016-08-30 08:39:01+02;1339
2016-08-30 09:00:01+02;1309
2016-08-30 10:29:01+02;1299
2016-08-30 13:02:01+02;1329
2016-08-30 13:42:01+02;1299
2016-08-30 14:31:01+02;1279
2016-08-30 14:48:01+02;1269
2016-08-30 15:09:01+02;1249
2016-08-30 23:21:01+02;1409
2016-08-31 06:48:01+02;1359
2016-08-31 08:35:01+02;1309
2016-08-31 08:48:02+02;1309
2016-08-31 08:54:01+02;1279
2016-08-31 09:15:01+02;1269
2016-08-31 13:02:01+02;1299
2016-08-31 13:46:01+02;1269
2016-08-31 14:46:01+02;1259
2016-08-31 23:02:01+02;1389
2016-09-01 06:52:01+02;1359
2016-09-01 08:26:01+02;1319
2016-09-01 08:48:01+02;1289
2016-09-01 09:07:01+02;1279
2016-09-01 10:05:02+02;1269
2016-09-01 10:34:01+02;1259
2016-09-01 13:02:01+02;1289
2016-09-01 13:49:01+02;1259
2016-09-01 14:45:01+02;1249
2016-09-01 23:02:01+02;1379
2016-09-02 06:52:01+02;1359
2016-09-02 06:55:01+02;1359
2016-09-02 08:37:01+02;1299
2016-09-02 08:55:01+02;1269
2016-09-02 10:07:01+02;1259
2016-09-02 13:02:01+02;1289
2016-09-02 13:48:01+02;1259
2016-09-02 16:04:01+02;1259
2016-09-02 16:33:01+02;1259
2016-09-02 16:45:01+02;1249
2016-09-02 17:03:01+02;1239
2016-09-02 23:01:01+02;1379
2016-09-03 06:53:01+02;1349
2016-09-03 08:46:01+02;1339
2016-09-03 08:55:01+02;1339
2016-09-03 09:06:01+02;1279
2016-09-03 09:10:01+02;1279
2016-09-03 09:25:01+02;1269
2016-09-03 13:02:01+02;1299
2016-09-03 13:17:02+02;1289
2016-09-03 13:49:01+02;1259
2016-09-03 23:02:01+02;1379
2016-09-04 06:51:01+02;1359
2016-09-04 08:48:01+02;1349
2016-09-04 09:15:01+02;1329
2016-09-04 09:35:01+02;1309
2016-09-04 11:36:01+02;1269
2016-09-04 11:39:01+02;1269
2016-09-04 13:02:01+02;1299
2016-09-04 13:49:01+02;1269
2016-09-04 14:55:01+02;1259
2016-09-04 16:46:01+02;1259
2016-09-04 23:01:01+02;1379
2016-09-05 06:52:01+02;1359
2016-09-05 08:46:01+02;1339
2016-09-05 09:04:01+02;1309
2016-09-05 09:28:02+02;1309
2016-09-05 09:45:01+02;1299
2016-09-05 10:07:01+02;1289
2016-09-05 10:25:01+02;1269
2016-09-05 10:45:01+02;1259
2016-09-05 13:02:01+02;1289
2016-09-05 13:56:01+02;1259
2016-09-05 16:35:01+02;1259
2016-09-05 16:59:01+02;1249
2016-09-05 17:36:01+02;1239
2016-09-05 23:01:01+02;1379
2016-09-06 06:46:01+02;1349
2016-09-06 08:30:01+02;1289
2016-09-06 08:49:01+02;1259
2016-09-06 13:02:01+02;1289
2016-09-06 13:43:01+02;1259
2016-09-06 14:43:01+02;1249
2016-09-06 16:39:01+02;1249
2016-09-06 23:01:01+02;1379
2016-09-07 06:45:31+02;1359
2016-09-07 07:16:31+02;1349
2016-09-07 08:43:31+02;1339
2016-09-07 09:08:31+02;1309
2016-09-07 09:46:31+02;1299
2016-09-07 10:38:31+02;1299
2016-09-07 10:41:31+02;1299
2016-09-07 10:47:31+02;1289
2016-09-07 11:08:32+02;1279
2016-09-07 13:00:31+02;1309
2016-09-07 13:41:31+02;1279
2016-09-07 15:47:31+02;1279
2016-09-07 16:08:31+02;1279
2016-09-07 18:08:31+02;1269
2016-09-07 23:00:31+02;1379
2016-09-08 06:44:31+02;1359
2016-09-08 08:20:31+02;1339
2016-09-08 09:08:31+02;1309
2016-09-08 09:50:31+02;1309
2016-09-08 10:37:31+02;1309
2016-09-08 10:46:31+02;1289
2016-09-08 10:59:31+02;1289
2016-09-08 11:08:31+02;1279
2016-09-08 13:00:31+02;1309
2016-09-08 13:40:31+02;1279
2016-09-08 14:59:31+02;1259
2016-09-08 23:00:31+02;1389
2016-09-09 06:45:31+02;1349
2016-09-09 07:29:31+02;1349
2016-09-09 08:06:31+02;1339
2016-09-09 08:14:31+02;1339
2016-09-09 08:38:31+02;1319
2016-09-09 09:28:31+02;1309
2016-09-09 09:47:31+02;1279
2016-09-09 13:01:31+02;1309
2016-09-09 13:42:31+02;1279
2016-09-09 14:41:31+02;1269
2016-09-09 16:07:31+02;1269
2016-09-09 23:00:31+02;1409
2016-09-10 06:44:31+02;1369
2016-09-10 08:46:31+02;1349
2016-09-10 10:16:31+02;1339
2016-09-10 10:28:31+02;1339
2016-09-10 10:41:31+02;1309
2016-09-10 11:08:31+02;1309
2016-09-10 13:00:31+02;1339
2016-09-10 13:41:31+02;1309
2016-09-10 14:49:31+02;1299
2016-09-10 17:07:31+02;1289
2016-09-10 17:25:31+02;1289
2016-09-10 23:00:31+02;1409
2016-09-11 06:47:31+02;1389
2016-09-11 08:20:31+02;1359
2016-09-11 08:29:31+02;1359
2016-09-11 08:48:31+02;1349
2016-09-11 09:08:31+02;1329
2016-09-11 09:35:31+02;1329
2016-09-11 11:10:31+02;1309
2016-09-11 11:25:31+02;1309
2016-09-11 13:00:31+02;1339
2016-09-11 13:41:31+02;1309
2016-09-11 17:37:31+02;1309
2016-09-11 23:00:31+02;1409
2016-09-12 07:26:31+02;1379
2016-09-12 08:12:31+02;1379
2016-09-12 08:25:31+02;1379
2016-09-12 08:54:31+02;1369
2016-09-12 08:58:31+02;1329
2016-09-12 09:27:31+02;1329
2016-09-12 11:53:31+02;1299
2016-09-12 13:01:31+02;1329
2016-09-12 13:56:31+02;1299
2016-09-12 17:35:31+02;1289
2016-09-12 23:01:31+02;1409
2016-09-13 06:51:31+02;1369
2016-09-13 07:36:31+02;1369
2016-09-13 08:06:31+02;1349
2016-09-13 08:19:31+02;1349
2016-09-13 09:17:31+02;1329
2016-09-13 09:57:31+02;1319
2016-09-13 10:42:31+02;1319
2016-09-13 10:56:31+02;1309
2016-09-13 13:01:31+02;1339
2016-09-13 13:56:31+02;1309
2016-09-13 23:00:31+02;1409
2016-09-14 06:25:31+02;1379
2016-09-14 07:51:31+02;1339
2016-09-14 08:31:31+02;1339
2016-09-14 09:26:32+02;1329
2016-09-14 09:52:31+02;1329
2016-09-14 10:35:31+02;1329
2016-09-14 12:05:31+02;1309
2016-09-14 13:01:31+02;1339
2016-09-14 13:53:31+02;1309
2016-09-14 16:06:31+02;1299
2016-09-14 17:57:32+02;1299
2016-09-14 23:01:31+02;1409
2016-09-15 06:27:31+02;1369
2016-09-15 07:27:31+02;1349
2016-09-15 07:59:31+02;1349
2016-09-15 08:32:31+02;1349
2016-09-15 08:55:32+02;1339
2016-09-15 09:19:31+02;1329
2016-09-15 09:48:31+02;1309
2016-09-15 09:57:31+02;1309
2016-09-15 11:14:31+02;1299
2016-09-15 13:01:31+02;1329
2016-09-15 13:48:31+02;1329
2016-09-15 13:54:31+02;1299
2016-09-15 15:17:31+02;1299
2016-09-15 16:35:31+02;1299
2016-09-15 17:50:31+02;1299
2016-09-15 19:05:31+02;1289
2016-09-15 19:45:31+02;1289
2016-09-15 23:00:31+02;1389
2016-09-16 06:26:31+02;1369
2016-09-16 07:17:32+02;1349
2016-09-16 08:10:31+02;1349
2016-09-16 08:53:31+02;1339
2016-09-16 09:14:31+02;1299
2016-09-16 10:45:31+02;1299
2016-09-16 11:31:31+02;1299
2016-09-16 13:01:31+02;1329
2016-09-16 13:54:31+02;1299
2016-09-16 17:26:31+02;1289
2016-09-16 23:01:31+02;1389
2016-09-17 06:26:31+02;1359
2016-09-17 08:42:31+02;1359
2016-09-17 08:51:31+02;1349
2016-09-17 10:14:31+02;1339
2016-09-17 10:35:31+02;1339
2016-09-17 10:47:31+02;1319
2016-09-17 10:53:31+02;1319
2016-09-17 11:17:31+02;1309
2016-09-17 11:26:31+02;1309
2016-09-17 13:01:31+02;1339
2016-09-17 13:53:31+02;1309
2016-09-17 14:37:31+02;1289
2016-09-17 15:05:31+02;1279
2016-09-17 15:58:31+02;1269
2016-09-17 17:29:31+02;1269
2016-09-17 23:00:31+02;1389
2016-09-18 06:28:31+02;1359
2016-09-18 08:52:31+02;1349
2016-09-18 10:39:31+02;1349
2016-09-18 13:01:31+02;1379
2016-09-18 13:20:31+02;1379
2016-09-18 13:48:31+02;1339
2016-09-18 14:37:31+02;1289
2016-09-18 14:54:31+02;1289
2016-09-18 16:15:31+02;1289
2016-09-18 17:32:31+02;1289
2016-09-18 18:44:31+02;1289
2016-09-18 19:30:31+02;1289
2016-09-18 23:01:31+02;1389
2016-09-19 06:27:31+02;1359
2016-09-19 06:54:31+02;1349
2016-09-19 07:27:31+02;1319
2016-09-19 07:48:31+02;1309
2016-09-19 08:49:31+02;1289
2016-09-19 09:06:31+02;1279
2016-09-19 13:00:31+02;1309
2016-09-19 14:36:31+02;1299
2016-09-19 15:09:32+02;1289
2016-09-19 15:36:32+02;1279
2016-09-19 23:00:31+02;1389
2016-09-20 06:26:31+02;1359
2016-09-20 08:48:31+02;1329
2016-09-20 09:05:31+02;1299
2016-09-20 13:01:31+02;1329
2016-09-20 13:54:31+02;1299
2016-09-20 23:00:32+02;1389
2016-09-21 06:26:31+02;1369
2016-09-21 07:55:32+02;1349
2016-09-21 08:17:31+02;1349
2016-09-21 08:50:31+02;1299
2016-09-21 13:00:31+02;1329
2016-09-21 13:54:31+02;1299
2016-09-21 18:50:31+02;1299
2016-09-21 23:00:31+02;1389
2016-09-22 06:27:31+02;1369
2016-09-22 07:27:31+02;1349
2016-09-22 07:41:31+02;1349
2016-09-22 08:51:31+02;1299
2016-09-22 13:01:31+02;1329
2016-09-22 13:55:31+02;1299
2016-09-22 18:44:31+02;1269
2016-09-22 23:00:31+02;1389
2016-09-23 06:25:32+02;1369
2016-09-23 07:20:31+02;1359
2016-09-23 07:56:31+02;1359
2016-09-23 08:18:31+02;1359
2016-09-23 08:26:31+02;1319
2016-09-23 08:50:31+02;1299
2016-09-23 13:01:31+02;1329
2016-09-23 13:55:31+02;1319
2016-09-23 14:48:31+02;1299
2016-09-23 20:23:31+02;1289
2016-09-23 23:00:31+02;1389
2016-09-24 06:26:31+02;1369
2016-09-24 08:10:31+02;1359
2016-09-24 08:15:31+02;1359
2016-09-24 08:33:31+02;1359
2016-09-24 09:47:31+02;1339
2016-09-24 10:09:31+02;1339
2016-09-24 11:08:31+02;1339
2016-09-24 13:01:31+02;1369
2016-09-24 13:48:31+02;1339
2016-09-24 14:16:31+02;1299
2016-09-24 14:49:31+02;1289
2016-09-24 16:15:31+02;1269
2016-09-24 23:00:31+02;1389
2016-09-25 06:29:32+02;1339
2016-09-25 08:52:31+02;1329
2016-09-25 09:38:31+02;1309
2016-09-25 13:01:31+02;1339
2016-09-25 13:16:31+02;1339
2016-09-25 13:48:31+02;1309
2016-09-25 14:29:31+02;1309
2016-09-25 14:36:31+02;1299
2016-09-25 17:44:31+02;1289
2016-09-25 23:01:31+02;1389
2016-09-26 06:27:31+02;1369
2016-09-26 07:23:31+02;1359
2016-09-26 08:31:31+02;1359
2016-09-26 09:04:31+02;1349
2016-09-26 09:53:31+02;1279
2016-09-26 10:17:31+02;1279
2016-09-26 13:01:31+02;1309
2016-09-26 13:54:31+02;1279
2016-09-26 23:01:31+02;1389
2016-09-27 06:28:31+02;1369
2016-09-27 08:14:31+02;1369
2016-09-27 08:49:31+02;1349
2016-09-27 09:05:31+02;1299
2016-09-27 13:01:31+02;1329
2016-09-27 13:54:31+02;1299
2016-09-27 18:38:31+02;1299
2016-09-27 23:01:31+02;1389
2016-09-28 06:24:31+02;1369
2016-09-28 07:26:31+02;1349
2016-09-28 08:33:31+02;1349
2016-09-28 09:02:31+02;1299
2016-09-28 13:01:31+02;1329
2016-09-28 13:45:31+02;1299
2016-09-28 19:47:31+02;1299
2016-09-28 19:50:31+02;1279
2016-09-28 20:33:31+02;1279
2016-09-28 23:01:31+02;1389
2016-09-29 06:23:31+02;1359
2016-09-29 08:00:31+02;1349
2016-09-29 08:17:31+02;1349
2016-09-29 08:38:31+02;1349
2016-09-29 08:46:31+02;1339
2016-09-29 09:03:31+02;1299
2016-09-29 13:01:31+02;1329
2016-09-29 13:56:31+02;1299
2016-09-29 17:56:31+02;1289
2016-09-29 23:01:31+02;1409
2016-09-30 06:17:31+02;1369
2016-09-30 07:21:31+02;1349
2016-09-30 07:30:31+02;1349
2016-09-30 09:08:31+02;1329
2016-09-30 09:47:31+02;1299
2016-09-30 13:01:31+02;1329
2016-09-30 13:38:31+02;1299
2016-09-30 18:47:31+02;1299
2016-09-30 23:01:31+02;1409
2016-10-01 06:21:31+02;1369
2016-10-01 07:39:31+02;1359
2016-10-01 08:14:31+02;1359
2016-10-01 08:38:31+02;1359
2016-10-01 10:18:31+02;1339
2016-10-01 11:00:31+02;1319
2016-10-01 13:01:31+02;1349
2016-10-01 13:39:31+02;1319
2016-10-01 17:23:31+02;1319
2016-10-01 18:17:31+02;1309
2016-10-01 23:01:31+02;1409
2016-10-02 06:42:31+02;1409
2016-10-02 08:31:31+02;1409
2016-10-02 08:46:32+02;1359
2016-10-02 09:41:31+02;1359
2016-10-02 12:01:31+02;1329
2016-10-02 13:01:31+02;1359
2016-10-02 13:39:31+02;1329
2016-10-02 14:09:31+02;1319
2016-10-02 14:42:31+02;1309
2016-10-02 16:45:31+02;1309
2016-10-02 16:48:31+02;1299
2016-10-02 23:00:31+02;1409
2016-10-03 06:18:31+02;1399
2016-10-03 07:58:31+02;1369
2016-10-03 08:42:31+02;1349
2016-10-03 10:30:31+02;1329
2016-10-03 11:09:31+02;1289
2016-10-03 11:12:31+02;1289
2016-10-03 13:01:31+02;1319
2016-10-03 13:39:31+02;1289
2016-10-03 23:00:31+02;1409
2016-10-04 06:20:31+02;1369
2016-10-04 07:51:31+02;1369
2016-10-04 08:42:31+02;1289
2016-10-04 13:01:31+02;1399
2016-10-04 13:42:31+02;1289
2016-10-04 14:18:31+02;1289
2016-10-04 14:39:31+02;1269
2016-10-04 15:09:32+02;1259
2016-10-04 23:00:31+02;1419
2016-10-05 06:31:31+02;1369
2016-10-05 07:15:31+02;1359
2016-10-05 07:29:31+02;1359
2016-10-05 08:18:31+02;1349
2016-10-05 09:09:31+02;1339
2016-10-05 09:48:31+02;1339
2016-10-05 10:18:31+02;1329
2016-10-05 10:39:31+02;1289
2016-10-05 13:01:31+02;1319
2016-10-05 13:39:32+02;1289
2016-10-05 14:48:31+02;1279
2016-10-05 15:00:31+02;1279
2016-10-05 15:08:31+02;1269
2016-10-05 23:00:31+02;1429
2016-10-06 06:21:31+02;1379
2016-10-06 08:30:31+02;1339
2016-10-06 08:50:31+02;1319
2016-10-06 13:01:31+02;1349
2016-10-06 13:39:31+02;1319
2016-10-06 17:09:31+02;1299
2016-10-06 19:30:31+02;1289
2016-10-06 23:00:31+02;1429
2016-10-07 06:41:31+02;1389
2016-10-07 07:22:31+02;1359
2016-10-07 07:41:31+02;1359
2016-10-07 07:42:31+02;1359
2016-10-07 09:11:31+02;1329
2016-10-07 13:00:31+02;1359
2016-10-07 13:41:31+02;1329
2016-10-07 17:50:31+02;1299
2016-10-07 23:00:31+02;1429
2016-10-08 06:41:31+02;1389
2016-10-08 08:09:31+02;1369
2016-10-08 08:14:31+02;1369
2016-10-08 10:32:31+02;1369
2016-10-08 12:00:31+02;1349
2016-10-08 13:01:31+02;1379
2016-10-08 13:43:31+02;1349
2016-10-08 18:39:31+02;1319
2016-10-08 20:00:31+02;1309
2016-10-08 23:01:31+02;1429
2016-10-09 06:21:31+02;1409
2016-10-09 08:44:31+02;1369
2016-10-09 08:46:31+02;1369
2016-10-09 09:05:31+02;1369
2016-10-09 10:24:31+02;1359
2016-10-09 13:01:31+02;1389
2016-10-09 13:12:31+02;1359
2016-10-09 13:42:31+02;1329
2016-10-09 18:18:31+02;1329
2016-10-09 23:00:31+02;1429
2016-10-10 06:30:31+02;1399
2016-10-10 07:36:31+02;1369
2016-10-10 08:12:31+02;1369
2016-10-10 08:44:31+02;1339
2016-10-10 09:02:31+02;1309
2016-10-10 13:01:31+02;1339
2016-10-10 13:41:31+02;1309
2016-10-10 23:00:31+02;1439
2016-10-11 06:39:31+02;1389
2016-10-11 07:32:31+02;1389
2016-10-11 08:34:31+02;1369
2016-10-11 08:43:31+02;1369
2016-10-11 08:59:31+02;1339
2016-10-11 13:01:31+02;1369
2016-10-11 13:42:31+02;1339
2016-10-11 16:00:31+02;1329
2016-10-11 23:00:31+02;1439
2016-10-12 06:47:31+02;1409
2016-10-12 07:33:31+02;1389
2016-10-12 08:00:31+02;1369
2016-10-12 08:06:31+02;1369
2016-10-12 09:18:31+02;1359
2016-10-12 09:42:31+02;1359
2016-10-12 11:11:31+02;1349
2016-10-12 13:01:31+02;1379
2016-10-12 13:42:32+02;1349
2016-10-12 14:42:31+02;1329
2016-10-12 19:21:31+02;1309
2016-10-12 23:00:31+02;1389
2016-10-13 06:52:31+02;1389
2016-10-13 08:45:31+02;1379
2016-10-13 09:12:31+02;1339
2016-10-13 13:01:31+02;1369
2016-10-13 13:43:31+02;1339
2016-10-13 17:51:32+02;1319
2016-10-13 18:20:31+02;1309
2016-10-13 23:00:31+02;1389
2016-10-14 06:44:31+02;1389
2016-10-14 07:12:31+02;1379
2016-10-14 07:33:31+02;1379
2016-10-14 08:44:31+02;1369
2016-10-14 09:04:31+02;1339
2016-10-14 13:01:32+02;1369
2016-10-14 13:42:31+02;1339
2016-10-14 14:41:31+02;1339
2016-10-14 16:00:31+02;1329
2016-10-14 16:42:31+02;1329
2016-10-14 17:41:31+02;1309
2016-10-14 19:30:31+02;1289
2016-10-14 23:00:31+02;1389
2016-10-15 15:50:07+02;1339
2016-10-15 23:02:31+02;1389
2016-10-16 08:32:31+02;1389
2016-10-16 08:55:31+02;1379
2016-10-16 09:22:31+02;1359
2016-10-16 10:12:31+02;1359
2016-10-16 13:00:31+02;1389
2016-10-16 13:36:31+02;1329
2016-10-16 14:42:31+02;1319
2016-10-16 14:57:31+02;1319
2016-10-16 15:42:31+02;1309
2016-10-16 23:00:31+02;1389
2016-10-17 07:21:31+02;1369
2016-10-17 07:57:31+02;1369
2016-10-17 08:57:31+02;1349
2016-10-17 09:10:31+02;1349
2016-10-17 09:59:31+02;1339
2016-10-17 10:20:31+02;1329
2016-10-17 13:01:31+02;1359
2016-10-17 13:41:31+02;1329
2016-10-17 14:51:31+02;1319
2016-10-17 19:29:31+02;1309
2016-10-17 23:00:31+02;1389
2016-10-18 06:20:31+02;1389
2016-10-18 07:32:31+02;1389
2016-10-18 07:44:31+02;1379
2016-10-18 08:29:31+02;1379
2016-10-18 08:44:31+02;1349
2016-10-18 12:29:31+02;1349
2016-10-18 13:01:31+02;1379
2016-10-18 13:06:31+02;1369
2016-10-18 13:36:31+02;1349
2016-10-18 15:45:31+02;1339
2016-10-18 17:51:31+02;1329
2016-10-18 18:12:31+02;1329
2016-10-18 23:00:31+02;1389
2016-10-19 06:24:31+02;1369
2016-10-19 08:30:31+02;1369
2016-10-19 08:40:31+02;1369
2016-10-19 08:45:31+02;1339
2016-10-19 09:25:31+02;1339
2016-10-19 10:48:31+02;1339
2016-10-19 11:59:31+02;1339
2016-10-19 13:01:31+02;1369
2016-10-19 13:45:31+02;1339
2016-10-19 16:15:31+02;1309
2016-10-19 17:12:31+02;1309
2016-10-19 23:00:31+02;1389
2016-10-20 07:00:31+02;1389
2016-10-20 07:53:31+02;1389
2016-10-20 08:09:31+02;1379
2016-10-20 08:30:31+02;1379
2016-10-20 08:54:31+02;1379
2016-10-20 09:25:31+02;1349
2016-10-20 11:48:31+02;1349
2016-10-20 12:30:31+02;1339
2016-10-20 13:01:31+02;1369
2016-10-20 13:45:31+02;1339
2016-10-20 15:45:31+02;1329
2016-10-20 17:51:31+02;1329
2016-10-20 18:00:31+02;1309
2016-10-20 23:00:32+02;1389
2016-10-21 06:21:31+02;1389
2016-10-21 07:24:31+02;1379
2016-10-21 07:32:31+02;1379
2016-10-21 08:44:31+02;1369
2016-10-21 09:06:31+02;1369
2016-10-21 09:12:31+02;1349
2016-10-21 09:51:31+02;1349
2016-10-21 10:20:31+02;1349
2016-10-21 10:48:31+02;1349
2016-10-21 10:51:31+02;1339
2016-10-21 11:12:31+02;1329
2016-10-21 13:01:31+02;1359
2016-10-21 13:42:31+02;1329
2016-10-21 19:38:31+02;1319
2016-10-21 23:01:31+02;1389
2016-10-22 06:24:31+02;1389
2016-10-22 08:33:31+02;1389
2016-10-22 08:47:31+02;1379
2016-10-22 09:34:31+02;1369
2016-10-22 10:21:31+02;1349
2016-10-22 13:01:31+02;1379
2016-10-22 13:42:31+02;1349
2016-10-22 16:51:31+02;1339
2016-10-22 16:57:31+02;1339
2016-10-22 23:00:31+02;1389
2016-10-23 08:12:31+02;1389
2016-10-23 08:49:31+02;1389
2016-10-23 09:14:31+02;1369
2016-10-23 11:02:31+02;1369
2016-10-23 11:15:31+02;1349
2016-10-23 13:01:31+02;1379
2016-10-23 13:42:31+02;1349
2016-10-23 14:13:31+02;1339
2016-10-23 14:45:31+02;1329
2016-10-23 16:51:31+02;1319
2016-10-23 17:24:31+02;1319
2016-10-23 23:00:31+02;1389
2016-10-24 06:53:31+02;1389
2016-10-24 07:21:31+02;1379
2016-10-24 07:48:31+02;1379
2016-10-24 08:44:32+02;1369
2016-10-24 09:11:31+02;1359
2016-10-24 10:30:31+02;1349
2016-10-24 11:50:31+02;1339
2016-10-24 13:00:32+02;1369
2016-10-24 13:46:31+02;1339
2016-10-24 14:51:31+02;1329
2016-10-24 17:00:31+02;1329
2016-10-24 17:44:31+02;1319
2016-10-24 19:21:31+02;1319
2016-10-24 23:00:31+02;1409
2016-10-25 07:45:31+02;1379
2016-10-25 07:57:31+02;1379
2016-10-25 08:48:31+02;1379
2016-10-25 09:09:31+02;1379
2016-10-25 09:12:31+02;1369
2016-10-25 10:47:31+02;1369
2016-10-25 11:27:31+02;1359
2016-10-25 11:57:31+02;1349
2016-10-25 13:00:31+02;1379
2016-10-25 13:48:31+02;1349
2016-10-25 15:49:31+02;1339
2016-10-25 16:23:31+02;1319
2016-10-25 17:44:31+02;1309
2016-10-25 23:00:31+02;1409
2016-10-26 07:10:31+02;1389
2016-10-26 07:39:31+02;1389
2016-10-26 08:00:31+02;1389
2016-10-26 08:48:31+02;1369
2016-10-26 09:48:31+02;1359
2016-10-26 10:14:31+02;1349
2016-10-26 11:14:31+02;1339
2016-10-26 11:47:31+02;1339
2016-10-26 13:01:31+02;1369
2016-10-26 13:59:31+02;1339
2016-10-26 14:49:31+02;1329
2016-10-26 23:00:31+02;1409
2016-10-27 06:57:31+02;1399
2016-10-27 07:19:31+02;1389
2016-10-27 09:04:31+02;1379
2016-10-27 09:15:31+02;1369
2016-10-27 09:57:31+02;1359
2016-10-27 10:48:31+02;1349
2016-10-27 11:14:31+02;1339
2016-10-27 13:00:31+02;1369
2016-10-27 14:00:31+02;1359
2016-10-27 14:09:31+02;1349
2016-10-27 14:59:31+02;1349
2016-10-27 15:05:31+02;1339
2016-10-27 15:49:31+02;1319
2016-10-27 18:59:31+02;1299
2016-10-27 23:00:31+02;1409
2016-10-28 07:44:31+02;1389
2016-10-28 08:46:31+02;1369
2016-10-28 09:12:31+02;1339
2016-10-28 12:00:31+02;1329
2016-10-28 13:01:31+02;1359
2016-10-28 13:42:31+02;1329
2016-10-28 19:27:31+02;1329
2016-10-28 23:00:31+02;1399
2016-10-29 07:34:31+02;1389
2016-10-29 08:45:31+02;1379
2016-10-29 09:17:31+02;1379
2016-10-29 09:42:31+02;1369
2016-10-29 10:22:32+02;1349
2016-10-29 11:48:31+02;1349
2016-10-29 13:01:31+02;1379
2016-10-29 13:43:31+02;1349
2016-10-29 16:00:31+02;1339
2016-10-29 17:11:31+02;1329
2016-10-29 17:31:31+02;1329
2016-10-29 23:01:31+02;1399
2016-10-30 08:59:31+01;1399
2016-10-30 09:43:31+01;1379
2016-10-30 11:14:31+01;1359
2016-10-30 13:01:31+01;1389
2016-10-30 13:42:31+01;1359
2016-10-30 14:32:31+01;1349
2016-10-30 14:51:31+01;1339
2016-10-30 18:24:31+01;1339
2016-10-30 23:00:31+01;1399
2016-10-31 08:32:31+01;1389
2016-10-31 08:51:31+01;1369
2016-10-31 09:12:31+01;1339
2016-10-31 13:01:31+01;1369
2016-10-31 13:41:31+01;1339
2016-10-31 17:59:31+01;1339
2016-10-31 18:21:31+01;1319
2016-10-31 20:00:31+01;1319
2016-10-31 23:00:31+01;1409
2016-11-01 06:24:31+01;1389
2016-11-01 08:24:31+01;1389
2016-11-01 08:45:31+01;1379
2016-11-01 09:12:31+01;1319
2016-11-01 11:45:31+01;1319
2016-11-01 13:01:32+01;1349
2016-11-01 13:46:31+01;1319
2016-11-01 15:43:31+01;1309
2016-11-01 17:12:31+01;1299
2016-11-01 23:00:31+01;1409
2016-11-02 06:22:31+01;1379
2016-11-02 07:39:31+01;1379
2016-11-02 08:45:31+01;1349
2016-11-02 09:12:31+01;1309
2016-11-02 13:01:31+01;1339
2016-11-02 13:43:31+01;1309
2016-11-02 14:54:31+01;1299
2016-11-02 16:54:31+01;1299
2016-11-02 23:00:31+01;1409
2016-11-03 06:28:32+01;1379
2016-11-03 08:24:31+01;1379
2016-11-03 08:42:31+01;1369
2016-11-03 08:48:31+01;1349
2016-11-03 09:25:31+01;1309
2016-11-03 13:01:31+01;1339
2016-11-03 13:45:31+01;1309
2016-11-03 14:18:31+01;1309
2016-11-03 14:50:31+01;1309
2016-11-03 15:15:31+01;1299
2016-11-03 17:23:32+01;1289
2016-11-03 18:45:31+01;1279
2016-11-03 23:00:31+01;1389
2016-11-04 07:59:31+01;1369
2016-11-04 08:48:31+01;1349
2016-11-04 09:35:31+01;1319
2016-11-04 13:00:31+01;1349
2016-11-04 13:45:31+01;1319
2016-11-04 14:53:31+01;1309
2016-11-04 17:14:31+01;1299
2016-11-04 23:00:31+01;1389
2016-11-05 06:26:31+01;1379
2016-11-05 08:27:31+01;1319
2016-11-05 08:57:31+01;1309
2016-11-05 09:18:31+01;1309
2016-11-05 10:39:31+01;1309
2016-11-05 13:01:31+01;1339
2016-11-05 13:47:31+01;1309
2016-11-05 23:01:32+01;1389
2016-11-06 06:18:31+01;1389
2016-11-06 08:18:31+01;1389
2016-11-06 08:39:31+01;1369
2016-11-06 09:29:32+01;1349
2016-11-06 10:44:31+01;1319
2016-11-06 10:57:31+01;1309
2016-11-06 11:09:31+01;1309
2016-11-06 11:39:31+01;1299
2016-11-06 13:01:31+01;1329
2016-11-06 13:45:31+01;1299
2016-11-07 00:49:31+01;1389
2016-11-07 06:27:31+01;1379
2016-11-07 07:14:31+01;1369
2016-11-07 07:41:31+01;1369
2016-11-07 08:35:31+01;1339
2016-11-07 09:54:31+01;1329
2016-11-07 11:27:31+01;1329
2016-11-07 11:44:31+01;1309
2016-11-07 11:59:31+01;1309
2016-11-07 12:06:31+01;1299
2016-11-07 13:01:31+01;1329
2016-11-07 13:45:31+01;1299
2016-11-07 17:24:31+01;1299
2016-11-07 18:24:31+01;1279
2016-11-07 23:00:31+01;1379
2016-11-08 06:22:31+01;1359
2016-11-08 08:13:31+01;1359
2016-11-08 08:46:31+01;1309
2016-11-08 13:00:31+01;1339
2016-11-08 13:42:31+01;1309
2016-11-08 14:38:31+01;1299
2016-11-08 14:50:31+01;1289
2016-11-08 18:29:31+01;1289
2016-11-08 19:00:31+01;1279
2016-11-09 00:58:31+01;1379
2016-11-09 06:23:31+01;1359
2016-11-09 08:32:31+01;1319
2016-11-09 08:50:31+01;1299
2016-11-09 13:00:31+01;1329
2016-11-09 13:45:31+01;1299
2016-11-09 16:32:31+01;1289
2016-11-09 17:41:31+01;1269
2016-11-09 23:00:32+01;1379
2016-11-10 06:24:31+01;1359
2016-11-10 07:45:31+01;1349
2016-11-10 08:34:31+01;1349
2016-11-10 08:46:31+01;1319
2016-11-10 09:41:31+01;1319
2016-11-10 09:51:31+01;1309
2016-11-10 11:12:31+01;1299
2016-11-10 12:30:31+01;1299
2016-11-10 13:01:31+01;1329
2016-11-10 13:45:31+01;1299
2016-11-10 14:33:31+01;1289
2016-11-10 14:52:31+01;1279
2016-11-10 16:51:31+01;1279
2016-11-10 17:50:31+01;1269
2016-11-10 23:02:31+01;1379
2016-11-11 06:23:31+01;1359
2016-11-11 07:43:32+01;1359
2016-11-11 07:50:31+01;1349
2016-11-11 08:17:31+01;1349
2016-11-11 08:45:31+01;1329
2016-11-11 09:41:31+01;1319
2016-11-11 10:20:31+01;1309
2016-11-11 11:02:31+01;1299
2016-11-11 13:01:31+01;1329
2016-11-11 13:42:31+01;1299
2016-11-11 17:21:31+01;1279
2016-11-11 17:52:31+01;1259
2016-11-11 23:00:31+01;1379
2016-11-12 06:35:31+01;1359
2016-11-12 08:45:31+01;1349
2016-11-12 08:49:31+01;1349
2016-11-12 09:14:31+01;1329
2016-11-12 09:42:31+01;1329
2016-11-12 11:33:31+01;1319
2016-11-12 13:01:31+01;1349
2016-11-12 13:42:31+01;1319
2016-11-12 14:33:31+01;1319
2016-11-12 14:51:31+01;1309
2016-11-12 16:52:31+01;1309
2016-11-12 23:00:31+01;1379
2016-11-13 06:24:31+01;1379
2016-11-13 08:32:31+01;1369
2016-11-13 08:42:31+01;1339
2016-11-13 08:57:31+01;1339
2016-11-13 09:14:31+01;1319
2016-11-13 10:38:31+01;1299
2016-11-13 13:01:31+01;1329
2016-11-13 13:42:31+01;1299
2016-11-13 16:51:31+01;1299
2016-11-13 16:53:31+01;1299
2016-11-13 23:00:31+01;1379
2016-11-14 06:23:31+01;1369
2016-11-14 07:24:31+01;1369
2016-11-14 07:25:31+01;1349
2016-11-14 07:48:31+01;1349
2016-11-14 08:45:31+01;1329
2016-11-14 09:12:31+01;1289
2016-11-14 13:01:31+01;1319
2016-11-14 13:46:31+01;1289
2016-11-14 14:43:31+01;1279
2016-11-14 18:00:31+01;1269
2016-11-14 23:00:31+01;1369
2016-11-15 09:40:31+01;1309
2016-11-15 10:51:31+01;1289
2016-11-15 13:01:31+01;1309
2016-11-15 14:25:31+01;1299
2016-11-15 15:22:31+01;1289
2016-11-15 23:00:31+01;1369
2016-11-16 06:20:31+01;1349
2016-11-16 07:02:31+01;1309
2016-11-16 08:42:31+01;1289
2016-11-16 13:00:31+01;1319
2016-11-16 13:43:31+01;1289
2016-11-16 14:51:31+01;1279
2016-11-16 17:59:31+01;1269
2016-11-16 23:00:31+01;1369
2016-11-17 06:22:31+01;1359
2016-11-17 07:02:31+01;1309
2016-11-17 08:43:31+01;1289
2016-11-17 11:54:31+01;1289
2016-11-17 13:01:31+01;1319
2016-11-17 13:42:31+01;1289
2016-11-17 23:00:31+01;1379
2016-11-18 06:22:31+01;1359
2016-11-18 06:53:31+01;1349
2016-11-18 07:02:31+01;1329
2016-11-18 08:44:31+01;1309
2016-11-18 09:31:31+01;1289
2016-11-18 13:01:31+01;1319
2016-11-18 13:42:31+01;1289
2016-11-18 18:33:31+01;1289
2016-11-18 19:00:31+01;1279
2016-11-18 23:00:31+01;1379
2016-11-19 06:15:31+01;1359
2016-11-19 07:04:31+01;1329
2016-11-19 08:45:31+01;1319
2016-11-19 10:21:31+01;1319
2016-11-19 11:02:31+01;1309
2016-11-19 13:00:31+01;1339
2016-11-19 13:42:31+01;1309
2016-11-19 14:51:31+01;1289
2016-11-19 19:45:31+01;1289
2016-11-19 23:01:31+01;1379
2016-11-20 06:24:31+01;1379
2016-11-20 07:03:31+01;1349
2016-11-20 08:45:32+01;1339
2016-11-20 08:58:31+01;1339
2016-11-20 11:21:31+01;1319
2016-11-20 11:42:31+01;1309
2016-11-20 13:01:31+01;1339
2016-11-20 13:43:31+01;1309
2016-11-20 14:48:31+01;1299
2016-11-20 16:20:31+01;1289
2016-11-20 18:00:31+01;1289
2016-11-20 23:01:31+01;1379
2016-11-21 06:24:31+01;1359
2016-11-21 07:03:31+01;1349
2016-11-21 08:30:31+01;1339
2016-11-21 08:42:31+01;1329
2016-11-21 09:12:31+01;1289
2016-11-21 13:01:31+01;1319
2016-11-21 13:42:31+01;1289
2016-11-21 18:48:31+01;1289
2016-11-21 19:45:31+01;1289
2016-11-21 23:00:31+01;1389
2016-11-22 06:25:31+01;1359
2016-11-22 06:54:31+01;1349
2016-11-22 08:47:31+01;1329
2016-11-22 09:44:31+01;1319
2016-11-22 10:57:31+01;1309
2016-11-22 11:47:31+01;1299
2016-11-22 13:01:31+01;1329
2016-11-22 13:59:31+01;1299
2016-11-22 18:18:31+01;1299
2016-11-22 23:00:31+01;1399
2016-11-23 06:18:31+01;1369
2016-11-23 06:57:31+01;1359
2016-11-23 07:49:31+01;1349
2016-11-23 08:51:31+01;1319
2016-11-23 09:41:31+01;1299
2016-11-23 13:01:31+01;1329
2016-11-23 13:59:31+01;1319
2016-11-23 15:01:31+01;1309
2016-11-23 15:48:31+01;1299
2016-11-23 18:21:31+01;1299
2016-11-23 23:01:31+01;1409
2016-11-24 06:18:31+01;1369
2016-11-24 06:43:31+01;1359
2016-11-24 08:32:31+01;1359
2016-11-24 08:44:31+01;1349
2016-11-24 08:51:31+01;1339
2016-11-24 10:48:31+01;1329
2016-11-24 10:54:31+01;1329
2016-11-24 11:10:31+01;1319
2016-11-24 13:01:31+01;1349
2016-11-24 13:59:31+01;1319
2016-11-24 16:39:31+01;1319
2016-11-24 17:31:31+01;1309
2016-11-24 18:41:32+01;1309
2016-11-24 23:01:31+01;1419
2016-11-25 06:18:31+01;1399
2016-11-25 07:00:31+01;1359
2016-11-25 07:21:31+01;1359
2016-11-25 07:33:31+01;1359
2016-11-25 08:42:31+01;1349
2016-11-25 09:02:31+01;1349
2016-11-25 09:09:31+01;1319
2016-11-25 10:41:31+01;1319
2016-11-25 10:47:31+01;1309
2016-11-25 13:00:31+01;1339
2016-11-25 13:39:31+01;1309
2016-11-25 15:09:31+01;1309
2016-11-25 19:05:31+01;1309
2016-11-25 23:00:31+01;1419
2016-11-26 06:17:31+01;1399
2016-11-26 08:18:31+01;1399
2016-11-26 08:30:31+01;1389
2016-11-26 08:33:31+01;1389
2016-11-26 08:42:31+01;1389
2016-11-26 08:49:31+01;1389
2016-11-26 08:51:31+01;1379
2016-11-26 10:30:31+01;1349
2016-11-26 12:00:31+01;1339
2016-11-26 13:01:31+01;1369
2016-11-26 13:24:31+01;1369
2016-11-26 13:39:31+01;1339
2016-11-26 14:18:31+01;1339
2016-11-26 14:23:31+01;1309
2016-11-26 14:29:31+01;1299
2016-11-26 14:47:31+01;1289
2016-11-26 17:23:31+01;1289
2016-11-26 17:59:31+01;1279
2016-11-26 23:00:31+01;1419
2016-11-27 06:24:31+01;1379
2016-11-27 08:30:31+01;1379
2016-11-27 08:42:31+01;1369
2016-11-27 08:48:31+01;1369
2016-11-27 11:00:31+01;1349
2016-11-27 11:06:31+01;1329
2016-11-27 12:28:31+01;1319
2016-11-27 13:01:31+01;1349
2016-11-27 13:39:31+01;1319
2016-11-27 14:48:31+01;1309
2016-11-27 14:49:31+01;1299
2016-11-27 23:00:31+01;1419
2016-11-28 06:18:31+01;1399
2016-11-28 07:04:32+01;1369
2016-11-28 07:24:31+01;1369
2016-11-28 08:12:31+01;1369
2016-11-28 08:57:31+01;1359
2016-11-28 09:09:31+01;1319
2016-11-28 12:06:31+01;1309
2016-11-28 13:01:31+01;1339
2016-11-28 13:40:31+01;1309
2016-11-28 15:18:31+01;1299
2016-11-28 16:12:31+01;1299
2016-11-28 16:49:31+01;1289
2016-11-28 23:00:31+01;1409
2016-11-29 06:20:31+01;1379
2016-11-29 07:52:31+01;1369
2016-11-29 08:24:31+01;1369
2016-11-29 08:36:31+01;1369
2016-11-29 08:42:31+01;1359
2016-11-29 09:09:31+01;1339
2016-11-29 09:39:32+01;1329
2016-11-29 10:57:31+01;1319
2016-11-29 13:01:31+01;1349
2016-11-29 13:16:31+01;1349
2016-11-29 13:40:31+01;1319
2016-11-29 15:00:31+01;1319
2016-11-29 18:09:31+01;1299
2016-11-29 19:03:31+01;1299
2016-11-29 23:00:31+01;1409
2016-11-30 06:31:31+01;1369
2016-11-30 07:25:31+01;1359
2016-11-30 08:45:31+01;1349
2016-11-30 09:09:32+01;1329
2016-11-30 09:39:31+01;1319
2016-11-30 11:00:31+01;1319
2016-11-30 11:39:32+01;1319
2016-11-30 13:01:31+01;1349
2016-11-30 13:16:31+01;1339
2016-11-30 13:38:31+01;1319
2016-11-30 17:48:31+01;1299
2016-11-30 19:51:31+01;1299
2016-11-30 23:01:31+01;1409
2016-12-01 06:19:31+01;1369
2016-12-01 08:12:31+01;1369
2016-12-01 08:23:31+01;1369
2016-12-01 08:40:31+01;1349
2016-12-01 08:58:31+01;1329
2016-12-01 09:39:32+01;1329
2016-12-01 13:01:31+01;1359
2016-12-01 13:50:31+01;1329
2016-12-01 15:09:31+01;1309
2016-12-01 17:58:31+01;1289
2016-12-01 19:39:31+01;1289
2016-12-01 23:01:31+01;1419
2016-12-02 06:18:31+01;1389
2016-12-02 08:53:31+01;1369
2016-12-02 09:18:31+01;1289
2016-12-02 13:01:31+01;1319
2016-12-02 14:57:31+01;1299
2016-12-02 23:00:31+01;1439
2016-12-03 06:27:31+01;1399
2016-12-03 09:53:31+01;1389
2016-12-03 10:05:31+01;1339
2016-12-03 10:20:31+01;1329
2016-12-03 10:50:31+01;1319
2016-12-03 11:05:31+01;1319
2016-12-03 11:48:31+01;1309
2016-12-03 13:01:31+01;1339
2016-12-03 14:01:31+01;1309
2016-12-03 23:00:32+01;1439
2016-12-04 06:52:31+01;1409
2016-12-04 08:22:31+01;1409
2016-12-04 08:30:31+01;1389
2016-12-04 08:48:32+01;1369
2016-12-04 08:55:31+01;1369
2016-12-04 09:21:31+01;1369
2016-12-04 09:27:31+01;1369
2016-12-04 10:29:31+01;1359
2016-12-04 13:01:31+01;1389
2016-12-04 13:39:31+01;1359
2016-12-04 14:18:31+01;1359
2016-12-04 14:41:31+01;1339
2016-12-04 14:43:31+01;1329
2016-12-04 17:18:31+01;1319
2016-12-04 23:01:31+01;1439
2016-12-05 06:18:31+01;1409
2016-12-05 07:19:31+01;1369
2016-12-05 07:30:31+01;1369
2016-12-05 07:35:31+01;1369
2016-12-05 08:40:31+01;1349
2016-12-05 09:00:31+01;1329
2016-12-05 13:01:31+01;1359
2016-12-05 13:40:31+01;1329
2016-12-05 23:32:31+01;1449
2016-12-06 06:18:31+01;1409
2016-12-06 07:30:31+01;1369
2016-12-06 07:50:31+01;1359
2016-12-06 08:33:31+01;1359
2016-12-06 08:40:31+01;1339
2016-12-06 09:02:31+01;1329
2016-12-06 13:01:31+01;1359
2016-12-06 13:40:31+01;1329
2016-12-06 18:24:31+01;1329
2016-12-06 23:01:31+01;1449
2016-12-07 06:30:31+01;1409
2016-12-07 07:02:31+01;1379
2016-12-07 07:41:31+01;1379
2016-12-07 08:41:31+01;1379
2016-12-07 08:58:31+01;1359
2016-12-07 13:01:31+01;1389
2016-12-07 13:47:31+01;1359
2016-12-07 15:01:31+01;1329
2016-12-07 23:00:31+01;1449
2016-12-08 06:18:31+01;1409
2016-12-08 08:26:31+01;1399
2016-12-08 08:44:31+01;1369
2016-12-08 09:10:31+01;1349
2016-12-08 11:28:31+01;1339
2016-12-08 13:01:31+01;1369
2016-12-08 13:38:31+01;1339
2016-12-08 23:00:31+01;1449
2016-12-09 06:33:31+01;1409
2016-12-09 06:54:31+01;1399
2016-12-09 07:22:31+01;1399
2016-12-09 08:01:31+01;1389
2016-12-09 09:09:31+01;1339
2016-12-09 11:57:31+01;1329
2016-12-09 13:01:31+01;1359
2016-12-09 13:39:31+01;1329
2016-12-09 20:03:31+01;1329
2016-12-09 23:00:31+01;1449
2016-12-10 06:23:31+01;1409
2016-12-10 08:21:31+01;1359
2016-12-10 08:48:31+01;1339
2016-12-10 09:09:31+01;1329
2016-12-10 12:09:31+01;1329
2016-12-10 13:01:31+01;1359
2016-12-10 13:39:31+01;1329
2016-12-10 23:01:31+01;1449
2016-12-11 06:24:31+01;1429
2016-12-11 08:39:31+01;1429
2016-12-11 08:45:31+01;1419
2016-12-11 08:52:31+01;1419
2016-12-11 11:00:31+01;1379
2016-12-11 11:52:31+01;1369
2016-12-11 13:01:31+01;1399
2016-12-11 13:16:31+01;1389
2016-12-11 13:42:31+01;1359
2016-12-11 13:51:31+01;1349
2016-12-11 14:42:31+01;1339
2016-12-11 17:38:31+01;1329
2016-12-11 23:01:31+01;1449
2016-12-12 06:18:31+01;1409
2016-12-12 07:02:31+01;1329
2016-12-12 07:20:31+01;1329
2016-12-12 13:00:31+01;1359
2016-12-12 13:42:31+01;1329
2016-12-12 23:00:31+01;1459
2016-12-13 06:47:31+01;1409
2016-12-13 08:42:31+01;1389
2016-12-13 09:15:31+01;1379
2016-12-13 09:39:31+01;1369
2016-12-13 10:41:31+01;1369
2016-12-13 11:17:31+01;1359
2016-12-13 11:50:31+01;1349
2016-12-13 11:58:31+01;1349
2016-12-13 13:01:31+01;1379
2016-12-13 14:35:31+01;1369
2016-12-13 14:48:31+01;1349
2016-12-13 23:01:31+01;1459
2016-12-14 07:03:31+01;1409
2016-12-14 07:30:31+01;1409
2016-12-14 08:35:31+01;1409
2016-12-14 09:08:31+01;1399
2016-12-14 09:21:31+01;1399
2016-12-14 10:12:31+01;1389
2016-12-14 10:41:31+01;1389
2016-12-14 13:00:31+01;1419
2016-12-14 13:53:31+01;1419
2016-12-14 14:34:31+01;1409
2016-12-14 16:23:31+01;1389
2016-12-14 16:55:31+01;1369
2016-12-14 19:16:31+01;1369
2016-12-14 23:00:31+01;1459
2016-12-15 06:52:31+01;1439
2016-12-15 07:29:31+01;1429
2016-12-15 07:47:31+01;1409
2016-12-15 08:26:31+01;1409
2016-12-15 08:36:32+01;1399
2016-12-15 09:12:31+01;1369
2016-12-15 10:54:31+01;1369
2016-12-15 13:01:31+01;1399
2016-12-15 13:16:31+01;1389
2016-12-15 13:31:31+01;1369
2016-12-15 18:26:31+01;1369
2016-12-15 23:01:31+01;1459
2016-12-16 06:54:31+01;1439
2016-12-16 06:59:31+01;1409
2016-12-16 07:18:31+01;1409
2016-12-16 09:08:31+01;1359
2016-12-16 13:01:31+01;1389
2016-12-16 14:30:31+01;1379
2016-12-16 15:32:31+01;1369
2016-12-16 16:42:31+01;1369
2016-12-16 20:18:31+01;1369
2016-12-16 23:00:31+01;1459
2016-12-17 06:55:31+01;1439
2016-12-17 08:42:31+01;1439
2016-12-17 08:45:31+01;1419
2016-12-17 10:07:31+01;1409
2016-12-17 11:45:31+01;1399
2016-12-17 13:01:31+01;1429
2016-12-17 13:56:31+01;1399
2016-12-17 14:45:31+01;1389
2016-12-17 15:18:31+01;1389
2016-12-17 16:08:31+01;1379
2016-12-17 16:50:31+01;1369
2016-12-17 17:05:31+01;1369
2016-12-17 23:00:31+01;1459
2016-12-18 06:51:31+01;1459
2016-12-18 08:45:31+01;1459
2016-12-18 08:56:31+01;1459
2016-12-18 09:12:31+01;1419
2016-12-18 10:16:31+01;1389
2016-12-18 13:01:31+01;1419
2016-12-18 14:19:31+01;1389
2016-12-18 15:13:31+01;1389
2016-12-18 16:38:31+01;1379
2016-12-18 17:03:31+01;1379
2016-12-18 17:35:31+01;1379
2016-12-18 23:01:31+01;1459
2016-12-19 06:52:31+01;1449
2016-12-19 06:56:31+01;1409
2016-12-19 07:33:31+01;1409
2016-12-19 09:00:31+01;1389
2016-12-19 09:20:31+01;1389
2016-12-19 10:09:31+01;1389
2016-12-19 10:50:31+01;1379
2016-12-19 13:01:31+01;1409
2016-12-19 14:38:31+01;1399
2016-12-19 15:29:31+01;1389
2016-12-19 17:53:31+01;1389
2016-12-19 19:08:31+01;1379
2016-12-19 23:00:31+01;1469
2016-12-20 06:51:31+01;1449
2016-12-20 07:41:32+01;1439
2016-12-20 08:11:31+01;1429
2016-12-20 08:30:31+01;1429
2016-12-20 08:41:31+01;1409
2016-12-20 09:09:31+01;1389
2016-12-20 10:23:31+01;1389
2016-12-20 13:00:31+01;1419
2016-12-20 13:57:31+01;1389
2016-12-20 16:08:31+01;1369
2016-12-20 23:01:31+01;1469
2016-12-21 06:52:31+01;1449
2016-12-21 07:14:31+01;1409
2016-12-21 07:38:31+01;1409
2016-12-21 08:42:31+01;1389
2016-12-21 08:45:31+01;1389
2016-12-21 13:01:31+01;1419
2016-12-21 14:27:31+01;1409
2016-12-21 15:28:31+01;1399
2016-12-21 15:44:31+01;1389
2016-12-21 19:08:31+01;1379
2016-12-21 23:00:31+01;1479
2016-12-22 06:56:31+01;1449
2016-12-22 08:24:31+01;1429
2016-12-22 08:43:31+01;1429
2016-12-22 09:21:31+01;1419
2016-12-22 09:41:31+01;1389
2016-12-22 10:11:31+01;1389
2016-12-22 13:01:31+01;1419
2016-12-22 14:27:31+01;1409
2016-12-22 15:30:31+01;1399
2016-12-22 16:14:31+01;1389
2016-12-22 16:35:31+01;1379
2016-12-22 17:56:31+01;1369
2016-12-22 18:14:31+01;1359
2016-12-22 23:00:31+01;1479
2016-12-23 06:51:31+01;1449
2016-12-23 07:45:31+01;1429
2016-12-23 08:42:31+01;1399
2016-12-23 10:05:31+01;1399
2016-12-23 13:00:31+01;1429
2016-12-23 13:50:31+01;1419
2016-12-23 14:46:31+01;1379
2016-12-23 15:19:31+01;1369
2016-12-23 15:28:31+01;1369
2016-12-23 15:43:31+01;1369
2016-12-23 16:38:31+01;1359
2016-12-23 18:28:31+01;1349
2016-12-23 23:00:31+01;1479
2016-12-24 07:32:31+01;1459
2016-12-24 08:29:31+01;1449
2016-12-24 08:48:31+01;1429
2016-12-24 08:50:31+01;1429
2016-12-24 09:03:31+01;1429
2016-12-24 09:12:31+01;1419
2016-12-24 10:29:31+01;1399
2016-12-24 11:36:31+01;1389
2016-12-24 13:01:31+01;1419
2016-12-24 13:55:31+01;1389
2016-12-24 16:06:31+01;1389
2016-12-24 17:20:31+01;1379
2016-12-24 23:00:31+01;1479
2016-12-25 07:33:32+01;1479
2016-12-25 08:44:31+01;1439
2016-12-25 09:12:31+01;1439
2016-12-25 09:56:31+01;1439
2016-12-25 11:00:31+01;1409
2016-12-25 12:00:31+01;1409
2016-12-25 13:01:31+01;1439
2016-12-25 13:55:31+01;1409
2016-12-25 15:41:31+01;1369
2016-12-25 23:00:31+01;1479
2016-12-26 07:33:31+01;1469
2016-12-26 07:59:31+01;1449
2016-12-26 08:44:31+01;1439
2016-12-26 09:03:31+01;1439
2016-12-26 09:18:31+01;1409
2016-12-26 10:30:31+01;1409
2016-12-26 13:01:31+01;1439
2016-12-26 13:55:31+01;1409
2016-12-26 15:21:31+01;1389
2016-12-26 15:39:31+01;1369
2016-12-26 23:01:31+01;1479
2016-12-27 07:28:31+01;1469
2016-12-27 07:49:31+01;1449
2016-12-27 08:10:31+01;1439
2016-12-27 08:24:31+01;1439
2016-12-27 08:42:31+01;1419
2016-12-27 09:11:31+01;1359
2016-12-27 13:00:31+01;1389
2016-12-27 14:30:31+01;1379
2016-12-27 15:49:31+01;1359
2016-12-27 23:01:31+01;1479
2016-12-28 06:55:31+01;1439
2016-12-28 07:42:31+01;1429
2016-12-28 08:21:31+01;1429
2016-12-28 08:43:31+01;1419
2016-12-28 08:52:31+01;1409
2016-12-28 09:08:31+01;1389
2016-12-28 10:21:31+01;1389
2016-12-28 13:01:31+01;1419
2016-12-28 14:26:31+01;1409
2016-12-28 14:42:31+01;1389
2016-12-28 15:59:31+01;1369
2016-12-28 17:41:31+01;1349
2016-12-28 23:01:31+01;1489
2016-12-29 06:52:31+01;1429
2016-12-29 08:23:31+01;1429
2016-12-29 08:45:31+01;1409
2016-12-29 09:09:31+01;1399
2016-12-29 09:38:31+01;1399
2016-12-29 10:09:31+01;1399
2016-12-29 13:01:31+01;1429
2016-12-29 14:26:31+01;1419
2016-12-29 14:42:31+01;1399
2016-12-29 15:20:31+01;1389
2016-12-29 16:39:31+01;1389
2016-12-29 17:08:31+01;1359
2016-12-29 23:01:31+01;1489
2016-12-30 06:52:31+01;1439
2016-12-30 08:41:31+01;1419
2016-12-30 09:58:31+01;1419
2016-12-30 10:21:31+01;1419
2016-12-30 10:41:31+01;1419
2016-12-30 13:01:31+01;1449
2016-12-30 14:35:31+01;1439
2016-12-30 14:47:31+01;1419
2016-12-30 14:57:31+01;1399
2016-12-30 16:35:31+01;1399
2016-12-30 17:33:31+01;1399
2016-12-30 19:21:31+01;1389
2016-12-30 23:00:31+01;1489
2016-12-31 06:51:31+01;1469
2016-12-31 07:44:31+01;1449
2016-12-31 08:27:31+01;1449
2016-12-31 08:35:31+01;1449
2016-12-31 10:29:31+01;1449
2016-12-31 10:41:31+01;1429
2016-12-31 11:57:31+01;1429
2016-12-31 13:01:31+01;1459
2016-12-31 13:03:31+01;1459
2016-12-31 13:58:31+01;1429
2016-12-31 15:11:31+01;1419
2016-12-31 15:14:31+01;1419
2016-12-31 17:45:31+01;1419
2016-12-31 23:01:31+01;1489
2017-01-01 06:52:31+01;1479
2017-01-01 08:46:31+01;1479
2017-01-01 08:48:31+01;1439
2017-01-01 11:38:31+01;1409
2017-01-01 13:01:31+01;1439
2017-01-01 13:56:31+01;1409
2017-01-01 14:42:31+01;1409
2017-01-01 15:14:31+01;1409
2017-01-01 17:56:31+01;1409
2017-01-01 23:01:31+01;1489
2017-01-02 06:45:31+01;1479
2017-01-02 07:36:31+01;1449
2017-01-02 07:41:31+01;1449
2017-01-02 08:12:31+01;1449
2017-01-02 08:46:31+01;1449
2017-01-02 09:08:31+01;1439
2017-01-02 10:17:31+01;1439
2017-01-02 10:42:31+01;1429
2017-01-02 10:51:31+01;1429
2017-01-02 10:59:31+01;1419
2017-01-02 11:36:31+01;1409
2017-01-02 13:01:31+01;1439
2017-01-02 13:57:31+01;1409
2017-01-02 17:20:31+01;1389
2017-01-02 23:01:31+01;1479
2017-01-03 06:53:31+01;1469
2017-01-03 08:40:31+01;1439
2017-01-03 08:42:31+01;1439
2017-01-03 09:10:32+01;1429
2017-01-03 10:05:31+01;1429
2017-01-03 10:14:31+01;1409
2017-01-03 10:40:31+01;1409
2017-01-03 11:50:31+01;1399
2017-01-03 13:00:31+01;1429
2017-01-03 13:38:31+01;1399
2017-01-03 15:28:31+01;1389
2017-01-03 23:00:31+01;1469
2017-01-04 06:48:31+01;1459
2017-01-04 07:44:31+01;1449
2017-01-04 08:30:31+01;1449
2017-01-04 08:39:31+01;1429
2017-01-04 09:09:31+01;1429
2017-01-04 09:36:31+01;1409
2017-01-04 09:58:31+01;1409
2017-01-04 10:36:31+01;1409
2017-01-04 12:23:31+01;1409
2017-01-04 13:01:31+01;1439
2017-01-04 14:07:31+01;1429
2017-01-04 14:24:31+01;1429
2017-01-04 14:46:31+01;1419
2017-01-04 16:59:31+01;1399
2017-01-04 17:51:31+01;1399
2017-01-04 23:01:31+01;1489
2017-01-05 06:51:32+01;1479
2017-01-05 07:39:31+01;1449
2017-01-05 08:12:31+01;1449
2017-01-05 08:44:31+01;1449
2017-01-05 09:09:31+01;1439
2017-01-05 09:51:31+01;1439
2017-01-05 10:09:31+01;1429
2017-01-05 10:53:31+01;1429
2017-01-05 11:14:31+01;1419
2017-01-05 12:15:31+01;1419
2017-01-05 13:01:31+01;1449
2017-01-05 13:54:31+01;1419
2017-01-05 14:33:31+01;1419
2017-01-05 14:45:31+01;1399
2017-01-05 15:52:31+01;1379
2017-01-05 17:50:31+01;1379
2017-01-05 23:00:31+01;1489
2017-01-06 06:57:31+01;1459
2017-01-06 08:32:31+01;1449
2017-01-06 08:52:31+01;1439
2017-01-06 09:33:31+01;1429
2017-01-06 10:18:31+01;1429
2017-01-06 10:33:31+01;1429
2017-01-06 13:01:31+01;1459
2017-01-06 14:24:31+01;1449
2017-01-06 14:54:31+01;1419
2017-01-06 15:46:31+01;1409
2017-01-06 16:51:31+01;1409
2017-01-06 17:00:31+01;1409
2017-01-06 17:14:31+01;1399
2017-01-06 17:20:31+01;1389
2017-01-06 19:14:31+01;1379
2017-01-06 23:01:31+01;1489
2017-01-07 06:54:31+01;1459
2017-01-07 08:51:31+01;1449
2017-01-07 09:15:31+01;1439
2017-01-07 09:24:31+01;1439
2017-01-07 13:01:31+01;1469
2017-01-07 13:48:31+01;1439
2017-01-07 14:55:31+01;1409
2017-01-07 15:21:31+01;1409
2017-01-07 17:03:31+01;1409
2017-01-07 18:15:31+01;1399
2017-01-07 23:01:31+01;1489
2017-01-08 06:55:31+01;1479
2017-01-08 08:36:31+01;1439
2017-01-08 08:40:31+01;1439
2017-01-08 13:01:31+01;1469
2017-01-08 13:51:31+01;1439
2017-01-08 15:12:31+01;1409
2017-01-08 15:21:31+01;1409
2017-01-08 23:00:31+01;1489
2017-01-09 06:51:31+01;1479
2017-01-09 07:00:31+01;1449
2017-01-09 08:39:31+01;1429
2017-01-09 08:48:31+01;1429
2017-01-09 10:12:31+01;1429
2017-01-09 10:38:31+01;1399
2017-01-09 13:01:31+01;1429
2017-01-09 14:31:31+01;1419
2017-01-09 14:52:31+01;1419
2017-01-09 15:00:31+01;1409
2017-01-09 16:09:31+01;1399
2017-01-09 16:57:31+01;1399
2017-01-09 23:00:31+01;1489
2017-01-10 06:54:31+01;1459
2017-01-10 07:50:31+01;1399
2017-01-10 08:50:31+01;1379
2017-01-10 10:59:31+01;1369
2017-01-10 13:01:31+01;1399
2017-01-10 14:24:31+01;1389
2017-01-10 14:51:31+01;1389
2017-01-10 15:47:31+01;1369
2017-01-10 16:56:31+01;1369
2017-01-10 23:01:31+01;1479
2017-01-11 06:54:31+01;1459
2017-01-11 07:00:31+01;1449
2017-01-11 07:32:31+01;1449
2017-01-11 08:32:31+01;1439
2017-01-11 08:50:31+01;1429
2017-01-11 09:18:31+01;1409
2017-01-11 10:44:31+01;1409
2017-01-11 11:51:31+01;1399
2017-01-11 13:00:31+01;1429
2017-01-11 13:56:31+01;1429
2017-01-11 14:29:31+01;1419
2017-01-11 14:42:31+01;1419
2017-01-11 14:51:31+01;1399
2017-01-11 15:44:31+01;1389
2017-01-11 17:08:32+01;1379
2017-01-11 17:11:31+01;1379
2017-01-11 19:07:31+01;1379
2017-01-11 23:00:31+01;1469
2017-01-12 06:54:31+01;1459
2017-01-12 07:48:31+01;1429
2017-01-12 08:23:31+01;1429
2017-01-12 08:51:32+01;1429
2017-01-12 09:06:31+01;1399
2017-01-12 09:15:31+01;1399
2017-01-12 09:18:31+01;1399
2017-01-12 10:15:31+01;1399
2017-01-12 13:01:31+01;1429
2017-01-12 13:57:31+01;1419
2017-01-12 14:51:31+01;1409
2017-01-12 15:47:31+01;1409
2017-01-12 16:24:31+01;1389
2017-01-12 18:17:31+01;1369
2017-01-12 23:00:31+01;1489
2017-01-13 06:57:31+01;1459
2017-01-13 07:22:31+01;1369
2017-01-13 07:29:31+01;1369
2017-01-13 07:56:31+01;1369
2017-01-13 13:01:31+01;1399
2017-01-13 13:59:31+01;1369
2017-01-13 23:00:31+01;1489
2017-01-14 06:54:31+01;1459
2017-01-14 08:30:31+01;1449
2017-01-14 08:33:31+01;1449
2017-01-14 08:55:31+01;1439
2017-01-14 09:54:31+01;1429
2017-01-14 10:21:31+01;1429
2017-01-14 10:29:31+01;1419
2017-01-14 11:21:31+01;1419
2017-01-14 13:01:31+01;1449
2017-01-14 13:16:31+01;1449
2017-01-14 13:53:31+01;1419
2017-01-14 16:38:31+01;1409
2017-01-14 23:00:31+01;1489
2017-01-15 06:55:31+01;1469
2017-01-15 08:26:31+01;1429
2017-01-15 08:39:31+01;1429
2017-01-15 08:53:31+01;1429
2017-01-15 10:05:31+01;1419
2017-01-15 13:01:31+01;1449
2017-01-15 13:57:31+01;1419
2017-01-15 14:57:31+01;1419
2017-01-15 16:07:31+01;1399
2017-01-15 16:56:31+01;1389
2017-01-15 17:35:31+01;1389
2017-01-15 23:00:31+01;1489
2017-01-16 06:55:31+01;1459
2017-01-16 07:00:31+01;1429
2017-01-16 07:23:31+01;1429
2017-01-16 08:53:31+01;1419
2017-01-16 09:15:31+01;1419
2017-01-16 09:17:31+01;1409
2017-01-16 10:21:31+01;1409
2017-01-16 10:36:31+01;1409
2017-01-16 13:01:31+01;1439
2017-01-16 14:00:31+01;1409
2017-01-16 15:09:31+01;1399
2017-01-16 17:09:31+01;1379
2017-01-16 23:00:31+01;1479
2017-01-17 06:21:31+01;1459
2017-01-17 07:08:31+01;1439
2017-01-17 07:53:31+01;1439
2017-01-17 08:08:31+01;1439
2017-01-17 08:41:31+01;1429
2017-01-17 08:51:31+01;1379
2017-01-17 13:01:31+01;1409
2017-01-17 13:56:31+01;1399
2017-01-17 14:02:31+01;1389
2017-01-17 16:53:31+01;1379
2017-01-17 23:01:31+01;1489
2017-01-18 06:30:31+01;1469
2017-01-18 07:03:31+01;1439
2017-01-18 07:42:31+01;1439
2017-01-18 08:00:31+01;1439
2017-01-18 09:14:31+01;1429
2017-01-18 09:18:31+01;1419
2017-01-18 10:17:31+01;1419
2017-01-18 10:20:31+01;1409
2017-01-18 10:39:31+01;1409
2017-01-18 13:01:31+01;1439
2017-01-18 13:58:31+01;1429
2017-01-18 14:29:31+01;1419
2017-01-18 15:39:31+01;1409
2017-01-18 23:00:31+01;1489
2017-01-19 06:30:31+01;1479
2017-01-19 07:30:31+01;1469
2017-01-19 07:50:31+01;1459
2017-01-19 08:52:31+01;1439
2017-01-19 09:17:31+01;1409
2017-01-19 13:00:31+01;1439
2017-01-19 13:57:31+01;1409
2017-01-19 14:38:31+01;1399
2017-01-19 23:00:31+01;1479
2017-01-20 06:30:31+01;1469
2017-01-20 07:06:31+01;1439
2017-01-20 07:48:31+01;1439
2017-01-20 08:01:31+01;1439
2017-01-20 09:18:31+01;1429
2017-01-20 09:27:31+01;1429
2017-01-20 09:39:31+01;1409
2017-01-20 09:47:31+01;1409
2017-01-20 10:03:31+01;1409
2017-01-20 11:18:31+01;1399
2017-01-20 13:01:31+01;1429
2017-01-20 14:02:31+01;1399
2017-01-20 16:39:31+01;1389
2017-01-20 17:09:31+01;1379
2017-01-20 23:00:31+01;1469
2017-01-21 06:30:31+01;1469
2017-01-21 06:59:31+01;1469
2017-01-21 07:12:31+01;1439
2017-01-21 08:54:31+01;1439
2017-01-21 09:18:31+01;1429
2017-01-21 11:33:31+01;1429
2017-01-21 12:00:31+01;1409
2017-01-21 13:01:31+01;1439
2017-01-21 13:57:31+01;1409
2017-01-21 15:18:31+01;1389
2017-01-21 23:01:31+01;1469
2017-01-22 06:30:31+01;1469
2017-01-22 07:15:31+01;1429
2017-01-22 07:33:31+01;1429
2017-01-22 08:42:31+01;1429
2017-01-22 10:21:31+01;1429
2017-01-22 11:30:31+01;1409
2017-01-22 13:01:31+01;1439
2017-01-22 13:16:31+01;1439
2017-01-22 13:41:31+01;1409
2017-01-22 17:47:31+01;1399
2017-01-22 20:11:31+01;1399
2017-01-22 23:01:31+01;1469
2017-01-23 06:30:31+01;1469
2017-01-23 07:15:31+01;1429
2017-01-23 07:36:31+01;1429
2017-01-23 08:39:31+01;1429
2017-01-23 08:50:31+01;1419
2017-01-23 09:05:31+01;1419
2017-01-23 09:39:31+01;1409
2017-01-23 10:09:31+01;1409
2017-01-23 10:57:31+01;1399
2017-01-23 13:01:31+01;1429
2017-01-23 13:47:31+01;1419
2017-01-23 15:08:31+01;1409
2017-01-23 17:06:31+01;1409
2017-01-23 17:27:31+01;1389
2017-01-23 23:00:31+01;1479
2017-01-24 06:29:31+01;1469
2017-01-24 07:12:31+01;1439
2017-01-24 07:36:31+01;1439
2017-01-24 07:45:31+01;1429
2017-01-24 08:18:31+01;1429
2017-01-24 08:54:31+01;1419
2017-01-24 09:13:31+01;1419
2017-01-24 10:03:31+01;1419
2017-01-24 10:57:31+01;1399
2017-01-24 13:01:31+01;1429
2017-01-24 13:48:31+01;1419
2017-01-24 14:48:31+01;1389
2017-01-24 14:54:31+01;1389
2017-01-24 15:12:31+01;1389
2017-01-24 23:00:31+01;1489
2017-01-25 05:45:31+01;1479
2017-01-25 06:30:32+01;1469
2017-01-25 07:39:31+01;1409
2017-01-25 08:00:31+01;1399
2017-01-25 08:42:31+01;1379
2017-01-25 10:05:31+01;1379
2017-01-25 13:01:31+01;1409
2017-01-25 13:16:31+01;1409
2017-01-25 14:21:31+01;1389
2017-01-25 17:53:31+01;1389
2017-01-25 18:17:31+01;1369
2017-01-25 23:00:31+01;1479
2017-01-26 06:30:31+01;1459
2017-01-26 07:10:31+01;1369
2017-01-26 07:36:31+01;1369
2017-01-26 13:01:31+01;1399
2017-01-26 14:27:31+01;1389
2017-01-26 15:39:31+01;1369
2017-01-26 23:00:31+01;1479
2017-01-27 06:31:31+01;1469
2017-01-27 07:10:31+01;1429
2017-01-27 07:48:31+01;1429
2017-01-27 07:49:31+01;1429
2017-01-27 08:15:31+01;1429
2017-01-27 08:42:31+01;1409
2017-01-27 08:57:31+01;1409
2017-01-27 09:18:31+01;1399
2017-01-27 10:09:31+01;1399
2017-01-27 10:14:31+01;1399
2017-01-27 11:09:31+01;1389
2017-01-27 13:00:31+01;1419
2017-01-27 14:08:31+01;1409
2017-01-27 14:43:31+01;1399
2017-01-27 16:29:31+01;1369
2017-01-27 17:05:31+01;1369
2017-01-27 23:01:31+01;1479
2017-01-28 06:33:31+01;1449
2017-01-28 07:17:31+01;1429
2017-01-28 07:33:31+01;1429
2017-01-28 09:15:31+01;1419
2017-01-28 09:43:31+01;1419
2017-01-28 10:29:31+01;1409
2017-01-28 13:01:31+01;1439
2017-01-28 13:16:31+01;1419
2017-01-28 13:57:31+01;1389
2017-01-28 23:00:31+01;1479
2017-01-29 07:15:31+01;1429
2017-01-29 07:43:31+01;1429
2017-01-29 09:30:31+01;1419
2017-01-29 11:02:31+01;1409
2017-01-29 11:59:31+01;1399
2017-01-29 13:01:31+01;1429
2017-01-29 13:16:31+01;1429
2017-01-29 13:51:31+01;1399
2017-01-29 23:00:31+01;1479
2017-01-30 06:30:31+01;1469
2017-01-30 07:10:31+01;1429
2017-01-30 07:35:31+01;1429
2017-01-30 08:36:31+01;1419
2017-01-30 09:09:31+01;1409
2017-01-30 09:56:31+01;1399
2017-01-30 10:41:31+01;1399
2017-01-30 11:48:31+01;1389
2017-01-30 13:01:31+01;1419
2017-01-30 13:57:31+01;1419
2017-01-30 14:14:31+01;1409
2017-01-30 15:39:31+01;1389
2017-01-30 23:00:31+01;1479
2017-01-31 06:31:31+01;1469
2017-01-31 07:15:31+01;1439
2017-01-31 07:36:31+01;1439
2017-01-31 08:31:31+01;1439
2017-01-31 08:39:31+01;1429
2017-01-31 09:39:31+01;1429
2017-01-31 09:57:31+01;1419
2017-01-31 10:27:31+01;1409
2017-01-31 13:01:31+01;1439
2017-01-31 13:16:31+01;1429
2017-01-31 13:45:31+01;1409
2017-01-31 14:30:31+01;1409
2017-01-31 14:43:31+01;1399
2017-01-31 15:40:31+01;1379
2017-01-31 19:09:31+01;1379
2017-01-31 23:01:31+01;1469
2017-02-01 06:30:32+01;1469
2017-02-01 07:00:32+01;1439
2017-02-01 07:33:31+01;1439
2017-02-01 08:24:31+01;1439
2017-02-01 08:57:31+01;1429
2017-02-01 09:09:31+01;1409
2017-02-01 09:18:31+01;1409
2017-02-01 10:51:31+01;1399
2017-02-01 11:30:31+01;1399
2017-02-01 11:59:31+01;1389
2017-02-01 13:01:31+01;1419
2017-02-01 13:48:31+01;1399
2017-02-01 13:59:31+01;1389
2017-02-01 17:09:31+01;1369
2017-02-01 23:01:31+01;1479
2017-02-02 06:06:31+01;1389
2017-02-02 13:01:31+01;1419
2017-02-02 13:54:31+01;1409
2017-02-02 14:42:31+01;1389
2017-02-02 19:56:31+01;1389
2017-02-02 23:01:31+01;1489
2017-02-03 06:32:31+01;1469
2017-02-03 07:12:31+01;1439
2017-02-03 07:35:31+01;1439
2017-02-03 08:31:31+01;1439
2017-02-03 08:47:31+01;1419
2017-02-03 09:11:31+01;1419
2017-02-03 09:27:31+01;1409
2017-02-03 11:09:31+01;1409
2017-02-03 11:47:31+01;1399
2017-02-03 13:01:31+01;1429
2017-02-03 14:15:31+01;1419
2017-02-03 16:09:31+01;1389
2017-02-03 16:59:31+01;1379
2017-02-03 18:38:31+01;1379
2017-02-03 23:01:31+01;1489
2017-02-04 06:30:31+01;1459
2017-02-04 07:17:31+01;1439
2017-02-04 07:50:31+01;1439
2017-02-04 08:53:31+01;1439
2017-02-04 09:33:31+01;1429
2017-02-04 11:09:31+01;1429
2017-02-04 12:03:31+01;1409
2017-02-04 13:01:31+01;1439
2017-02-04 13:16:31+01;1439
2017-02-04 13:41:31+01;1409
2017-02-04 18:32:31+01;1409
2017-02-04 23:00:31+01;1489
2017-02-05 06:30:31+01;1489
2017-02-05 07:17:31+01;1429
2017-02-05 07:45:31+01;1429
2017-02-05 11:57:31+01;1419
2017-02-05 13:01:31+01;1449
2017-02-05 13:58:31+01;1419
2017-02-05 15:48:31+01;1389
2017-02-05 23:01:31+01;1489
2017-02-06 06:31:31+01;1469
2017-02-06 07:15:31+01;1429
2017-02-06 07:36:31+01;1429
2017-02-06 07:39:31+01;1419
2017-02-06 07:59:31+01;1409
2017-02-06 08:31:31+01;1409
2017-02-06 08:42:31+01;1389
2017-02-06 13:01:31+01;1419
2017-02-06 13:48:31+01;1409
2017-02-06 14:58:31+01;1409
2017-02-06 15:27:31+01;1389
2017-02-06 19:32:31+01;1389
2017-02-06 20:21:31+01;1389
2017-02-06 23:01:31+01;1489
2017-02-07 06:52:31+01;1449
2017-02-07 07:11:31+01;1439
2017-02-07 09:17:31+01;1419
2017-02-07 10:59:31+01;1419
2017-02-07 11:27:31+01;1409
2017-02-07 13:01:31+01;1439
2017-02-07 13:04:31+01;1439
2017-02-07 13:29:31+01;1409
2017-02-07 16:45:31+01;1389
2017-02-07 17:54:31+01;1389
2017-02-07 18:15:31+01;1389
2017-02-07 20:17:31+01;1389
2017-02-07 23:01:31+01;1489
2017-02-08 06:27:31+01;1469
2017-02-08 07:14:31+01;1439
2017-02-08 07:36:31+01;1439
2017-02-08 08:33:31+01;1439
2017-02-08 08:42:31+01;1429
2017-02-08 08:51:31+01;1429
2017-02-08 09:14:31+01;1429
2017-02-08 09:18:31+01;1419
2017-02-08 10:57:31+01;1409
2017-02-08 12:09:31+01;1409
2017-02-08 13:01:31+01;1439
2017-02-08 13:09:31+01;1429
2017-02-08 13:27:31+01;1409
2017-02-08 15:36:31+01;1399
2017-02-08 23:01:31+01;1479
2017-02-09 06:27:31+01;1469
2017-02-09 07:10:31+01;1439
2017-02-09 07:48:31+01;1439
2017-02-09 08:15:31+01;1439
2017-02-09 08:42:31+01;1429
2017-02-09 09:15:31+01;1429
2017-02-09 09:18:31+01;1419
2017-02-09 09:57:31+01;1409
2017-02-09 10:17:31+01;1399
2017-02-09 10:57:31+01;1399
2017-02-09 13:01:32+01;1429
2017-02-09 13:54:31+01;1419
2017-02-09 14:48:31+01;1409
2017-02-09 15:36:31+01;1389
2017-02-09 22:01:31+01;1489
2017-02-10 06:27:31+01;1459
2017-02-10 07:15:31+01;1439
2017-02-10 07:53:31+01;1419
2017-02-10 08:33:31+01;1419
2017-02-10 09:15:31+01;1399
2017-02-10 10:48:31+01;1399
2017-02-10 12:15:31+01;1389
2017-02-10 13:01:31+01;1419
2017-02-10 13:05:31+01;1419
2017-02-10 14:02:31+01;1389
2017-02-10 23:00:31+01;1509
2017-02-11 06:30:31+01;1469
2017-02-11 07:15:31+01;1439
2017-02-11 07:44:31+01;1439
2017-02-11 08:17:31+01;1439
2017-02-11 08:39:31+01;1399
2017-02-11 09:06:31+01;1399
2017-02-11 10:18:31+01;1399
2017-02-11 13:01:31+01;1429
2017-02-11 14:00:31+01;1399
2017-02-11 18:09:31+01;1389
2017-02-11 23:01:31+01;1509
2017-02-12 06:29:31+01;1499
2017-02-12 07:27:31+01;1429
2017-02-12 07:49:31+01;1429
2017-02-12 08:21:31+01;1409
2017-02-12 08:29:31+01;1409
2017-02-12 08:52:31+01;1399
2017-02-12 10:42:31+01;1399
2017-02-12 13:00:31+01;1429
2017-02-12 13:16:31+01;1419
2017-02-12 13:58:31+01;1389
2017-02-12 17:09:31+01;1389
2017-02-12 23:01:31+01;1509
2017-02-13 06:28:31+01;1459
2017-02-13 07:14:31+01;1439
2017-02-13 07:30:31+01;1399
2017-02-13 08:24:31+01;1399
2017-02-13 08:55:31+01;1379
2017-02-13 11:45:31+01;1369
2017-02-13 13:01:31+01;1399
2017-02-13 13:07:31+01;1389
2017-02-13 13:30:31+01;1369
2017-02-13 20:06:31+01;1369
2017-02-13 23:01:31+01;1509
2017-02-14 06:27:31+01;1449
2017-02-14 07:17:31+01;1439
2017-02-14 07:29:31+01;1439
2017-02-14 08:14:31+01;1419
2017-02-14 08:29:31+01;1419
2017-02-14 08:42:31+01;1419
2017-02-14 09:14:31+01;1419
2017-02-14 09:18:31+01;1409
2017-02-14 09:37:31+01;1409
2017-02-14 10:27:31+01;1409
2017-02-14 10:42:31+01;1409
2017-02-14 13:01:31+01;1439
2017-02-14 13:16:31+01;1439
2017-02-14 14:18:31+01;1429
2017-02-14 14:30:31+01;1409
2017-02-14 15:47:31+01;1399
2017-02-14 23:01:31+01;1509
2017-02-15 06:18:31+01;1469
2017-02-15 07:00:31+01;1439
2017-02-15 07:19:31+01;1439
2017-02-15 07:39:31+01;1429
2017-02-15 07:50:31+01;1419
2017-02-15 07:57:32+01;1419
2017-02-15 08:33:31+01;1419
2017-02-15 08:49:31+01;1399
2017-02-15 09:15:31+01;1399
2017-02-15 11:33:31+01;1389
2017-02-15 11:54:31+01;1389
2017-02-15 13:01:31+01;1419
2017-02-15 14:27:31+01;1409
2017-02-15 19:26:31+01;1389
2017-02-15 19:30:31+01;1389
2017-02-15 20:03:31+01;1389
2017-02-15 23:01:31+01;1509
2017-02-16 06:30:31+01;1469
2017-02-16 07:15:31+01;1449
2017-02-16 07:36:31+01;1439
2017-02-16 07:48:31+01;1419
2017-02-16 08:42:31+01;1419
2017-02-16 08:51:31+01;1399
2017-02-16 11:57:32+01;1399
2017-02-16 13:01:31+01;1429
2017-02-16 14:24:31+01;1419
2017-02-16 14:32:31+01;1399
2017-02-16 17:41:31+01;1389
2017-02-16 23:00:31+01;1509
2017-02-17 06:48:31+01;1479
2017-02-17 07:15:31+01;1439
2017-02-17 07:27:31+01;1439
2017-02-17 08:42:31+01;1429
2017-02-17 09:09:31+01;1419
2017-02-17 09:26:31+01;1419
2017-02-17 10:48:31+01;1419
2017-02-17 10:56:31+01;1419
2017-02-17 13:01:31+01;1449
2017-02-17 14:09:31+01;1419
2017-02-17 14:24:31+01;1419
2017-02-17 14:42:31+01;1419
2017-02-17 15:37:31+01;1409
2017-02-17 17:09:31+01;1399
2017-02-17 23:00:31+01;1489
2017-02-18 06:21:31+01;1479
2017-02-18 07:18:31+01;1449
2017-02-18 07:45:31+01;1449
2017-02-18 08:24:31+01;1429
2017-02-18 08:42:31+01;1429
2017-02-18 08:57:31+01;1429
2017-02-18 11:17:32+01;1429
2017-02-18 11:57:31+01;1409
2017-02-18 13:01:31+01;1439
2017-02-18 13:16:31+01;1419
2017-02-18 13:57:31+01;1389
2017-02-18 16:35:31+01;1389
2017-02-18 17:06:32+01;1389
2017-02-18 23:00:31+01;1489
2017-02-19 06:17:31+01;1489
2017-02-19 08:51:31+01;1489
2017-02-19 10:17:31+01;1449
2017-02-19 10:39:31+01;1439
2017-02-19 13:01:32+01;1469
2017-02-19 14:27:31+01;1459
2017-02-19 14:48:31+01;1419
2017-02-19 16:26:31+01;1409
2017-02-19 16:48:31+01;1399
2017-02-19 23:00:31+01;1489
2017-02-20 06:28:31+01;1479
2017-02-20 07:27:31+01;1409
2017-02-20 08:51:31+01;1389
2017-02-20 13:01:31+01;1419
2017-02-20 13:16:31+01;1419
2017-02-20 13:32:31+01;1389
2017-02-20 15:17:31+01;1379
2017-02-20 23:00:31+01;1479
2017-02-21 06:18:31+01;1459
2017-02-21 07:15:31+01;1449
2017-02-21 07:18:31+01;1409
2017-02-21 07:51:31+01;1399
2017-02-21 08:39:31+01;1379
2017-02-21 13:01:31+01;1409
2017-02-21 14:00:31+01;1399
2017-02-21 15:59:31+01;1379
2017-02-21 23:00:31+01;1479
2017-02-22 06:21:31+01;1479
2017-02-22 07:17:31+01;1449
2017-02-22 07:44:31+01;1429
2017-02-22 08:42:31+01;1429
2017-02-22 10:08:31+01;1419
2017-02-22 11:30:31+01;1409
2017-02-22 13:01:31+01;1439
2017-02-22 13:29:31+01;1409
2017-02-22 15:09:31+01;1399
2017-02-22 16:56:31+01;1379
2017-02-22 19:18:31+01;1379
2017-02-22 19:53:31+01;1379
2017-02-22 23:00:31+01;1489
2017-02-23 06:17:31+01;1459
2017-02-23 07:45:31+01;1449
2017-02-23 08:12:31+01;1449
2017-02-23 09:03:31+01;1419
2017-02-23 10:30:31+01;1409
2017-02-23 10:45:31+01;1409
2017-02-23 11:30:31+01;1399
2017-02-23 13:01:31+01;1429
2017-02-23 13:55:31+01;1399
2017-02-23 14:42:31+01;1389
2017-02-23 15:07:31+01;1379
2017-02-23 16:26:31+01;1379
2017-02-23 17:00:31+01;1369
2017-02-23 19:08:31+01;1369
2017-02-23 23:00:31+01;1489
2017-02-24 05:26:31+01;1489
2017-02-24 06:30:31+01;1469
2017-02-24 06:56:31+01;1459
2017-02-24 07:24:31+01;1459
2017-02-24 07:35:31+01;1439
2017-02-24 07:57:31+01;1439
2017-02-24 09:09:32+01;1419
2017-02-24 10:27:31+01;1409
2017-02-24 11:00:31+01;1399
2017-02-24 13:01:31+01;1429
2017-02-24 13:16:31+01;1419
2017-02-24 13:31:31+01;1399
2017-02-24 15:33:31+01;1389
2017-02-24 16:45:31+01;1379
2017-02-24 17:01:31+01;1369
2017-02-24 18:11:31+01;1359
2017-02-24 18:20:31+01;1349
2017-02-24 20:15:31+01;1349
2017-02-24 23:00:31+01;1489
2017-02-25 05:25:31+01;1489
2017-02-25 06:24:31+01;1469
2017-02-25 06:54:31+01;1459
2017-02-25 07:45:31+01;1459
2017-02-25 08:13:31+01;1459
2017-02-25 08:49:31+01;1449
2017-02-25 08:54:31+01;1429
2017-02-25 09:15:31+01;1419
2017-02-25 10:48:31+01;1419
2017-02-25 10:53:31+01;1419
2017-02-25 13:01:31+01;1449
2017-02-25 13:58:31+01;1419
2017-02-25 14:09:31+01;1379
2017-02-25 16:46:31+01;1369
2017-02-25 17:01:31+01;1369
2017-02-25 23:00:31+01;1489
2017-02-26 05:27:31+01;1489
2017-02-26 06:30:31+01;1479
2017-02-26 07:30:31+01;1449
2017-02-26 08:54:31+01;1439
2017-02-26 09:15:31+01;1439
2017-02-26 13:04:31+01;1469
2017-02-26 14:00:31+01;1439
2017-02-26 14:51:31+01;1409
2017-02-26 15:18:31+01;1389
2017-02-26 16:20:31+01;1389
2017-02-26 16:38:31+01;1389
2017-02-26 16:50:31+01;1379
2017-02-26 23:00:31+01;1489
2017-02-27 05:26:31+01;1489
2017-02-27 06:21:31+01;1469
2017-02-27 07:00:32+01;1449
2017-02-27 07:45:32+01;1449
2017-02-27 08:42:31+01;1439
2017-02-27 08:49:31+01;1429
2017-02-27 09:08:31+01;1419
2017-02-27 10:18:31+01;1409
2017-02-27 11:11:31+01;1399
2017-02-27 11:50:31+01;1389
2017-02-27 13:01:31+01;1419
2017-02-27 13:16:31+01;1409
2017-02-27 13:31:31+01;1369
2017-02-27 13:51:31+01;1369
2017-02-27 16:46:31+01;1359
2017-02-27 19:50:31+01;1359
2017-02-27 20:17:31+01;1359
2017-02-27 23:00:31+01;1479
2017-02-28 05:25:31+01;1479
2017-02-28 06:27:31+01;1469
2017-02-28 06:54:31+01;1459
2017-02-28 07:21:31+01;1459
2017-02-28 08:08:31+01;1459
2017-02-28 08:36:31+01;1429
2017-02-28 08:53:31+01;1429
2017-02-28 09:24:32+01;1429
2017-02-28 09:42:31+01;1419
2017-02-28 10:21:31+01;1409
2017-02-28 11:08:31+01;1399
2017-02-28 11:24:31+01;1399
2017-02-28 11:42:31+01;1389
2017-02-28 13:02:31+01;1419
2017-02-28 13:56:31+01;1389
2017-02-28 16:09:31+01;1379
2017-02-28 16:45:31+01;1369
2017-02-28 17:00:31+01;1369
2017-02-28 23:00:31+01;1479
2017-03-01 05:27:31+01;1479
2017-03-01 06:27:31+01;1479
2017-03-01 07:00:31+01;1449
2017-03-01 07:28:31+01;1449
2017-03-01 08:00:31+01;1429
2017-03-01 08:21:31+01;1429
2017-03-01 08:39:31+01;1429
2017-03-01 09:12:31+01;1419
2017-03-01 09:22:31+01;1409
2017-03-01 10:12:31+01;1409
2017-03-01 10:39:32+01;1399
2017-03-01 11:44:31+01;1389
2017-03-01 12:25:31+01;1379
2017-03-01 13:01:31+01;1409
2017-03-01 13:21:32+01;1379
2017-03-01 16:46:31+01;1369
2017-03-01 23:01:31+01;1469
2017-03-02 05:25:31+01;1469
2017-03-02 06:21:31+01;1469
2017-03-02 06:54:31+01;1439
2017-03-02 08:21:31+01;1429
2017-03-02 08:41:31+01;1409
2017-03-02 11:54:31+01;1389
2017-03-02 13:01:31+01;1419
2017-03-02 13:41:31+01;1389
2017-03-02 16:45:31+01;1379
2017-03-02 16:54:31+01;1369
2017-03-02 19:53:31+01;1369
2017-03-02 23:01:31+01;1479
2017-03-03 05:25:31+01;1479
2017-03-03 06:21:31+01;1469
2017-03-03 06:56:31+01;1459
2017-03-03 07:42:31+01;1459
2017-03-03 07:56:31+01;1439
2017-03-03 08:15:31+01;1439
2017-03-03 08:41:31+01;1429
2017-03-03 08:47:31+01;1429
2017-03-03 09:08:31+01;1419
2017-03-03 09:14:31+01;1419
2017-03-03 10:30:31+01;1409
2017-03-03 13:01:31+01;1439
2017-03-03 13:10:31+01;1439
2017-03-03 13:30:31+01;1409
2017-03-03 14:51:31+01;1399
2017-03-03 16:46:31+01;1389
2017-03-03 17:15:31+01;1389
2017-03-03 21:03:31+01;1369
2017-03-03 23:00:31+01;1469
2017-03-04 05:26:31+01;1469
2017-03-04 06:20:31+01;1469
2017-03-04 06:57:31+01;1459
2017-03-04 07:36:31+01;1459
2017-03-04 08:15:31+01;1459
2017-03-04 08:31:31+01;1409
2017-03-04 09:15:31+01;1409
2017-03-04 11:02:31+01;1409
2017-03-04 11:09:31+01;1399
2017-03-04 13:01:31+01;1429
2017-03-04 13:39:31+01;1399
2017-03-04 14:18:31+01;1379
2017-03-04 16:45:31+01;1369
2017-03-04 23:00:31+01;1469
2017-03-05 05:26:31+01;1469
2017-03-05 06:24:31+01;1469
2017-03-05 07:00:31+01;1439
2017-03-05 07:45:31+01;1439
2017-03-05 09:15:31+01;1429
2017-03-05 10:21:31+01;1409
2017-03-05 11:57:31+01;1409
2017-03-05 13:01:31+01;1439
2017-03-05 13:42:31+01;1409
2017-03-05 14:03:31+01;1379
2017-03-05 23:00:31+01;1469
2017-03-06 05:25:32+01;1469
2017-03-06 06:21:31+01;1469
2017-03-06 06:54:31+01;1459
2017-03-06 07:33:31+01;1459
2017-03-06 07:48:31+01;1439
2017-03-06 08:11:31+01;1439
2017-03-06 08:39:31+01;1429
2017-03-06 09:09:31+01;1389
2017-03-06 11:09:31+01;1389
2017-03-06 13:01:31+01;1419
2017-03-06 13:39:31+01;1389
2017-03-06 15:57:31+01;1369
2017-03-06 16:45:31+01;1359
2017-03-06 19:45:31+01;1359
2017-03-06 23:01:31+01;1459
2017-03-07 05:25:31+01;1459
2017-03-07 06:21:31+01;1459
2017-03-07 07:18:31+01;1449
2017-03-07 07:26:31+01;1449
2017-03-07 08:33:31+01;1439
2017-03-07 08:42:31+01;1429
2017-03-07 08:48:31+01;1429
2017-03-07 09:09:31+01;1399
2017-03-07 09:51:31+01;1399
2017-03-07 11:38:31+01;1389
2017-03-07 12:00:31+01;1389
2017-03-07 13:01:31+01;1419
2017-03-07 13:13:31+01;1399
2017-03-07 13:30:31+01;1389
2017-03-07 14:24:31+01;1369
2017-03-07 16:09:31+01;1359
2017-03-07 16:45:31+01;1349
2017-03-07 23:01:31+01;1459
2017-03-08 05:26:31+01;1459
2017-03-08 06:21:31+01;1459
2017-03-08 06:59:31+01;1439
2017-03-08 07:26:31+01;1439
2017-03-08 07:53:31+01;1419
2017-03-08 08:17:31+01;1419
2017-03-08 08:43:32+01;1399
2017-03-08 08:47:31+01;1399
2017-03-08 10:00:31+01;1399
2017-03-08 10:12:31+01;1389
2017-03-08 10:25:31+01;1389
2017-03-08 11:45:31+01;1379
2017-03-08 12:30:31+01;1369
2017-03-08 13:01:31+01;1399
2017-03-08 13:11:45+01;1389
2017-03-08 13:20:31+01;1359
2017-03-08 16:46:31+01;1349
2017-03-08 23:00:31+01;1469
2017-03-09 06:06:31+01;1469
2017-03-09 06:21:31+01;1449
2017-03-09 07:00:31+01;1439
2017-03-09 07:35:31+01;1429
2017-03-09 08:15:31+01;1429
2017-03-09 08:43:31+01;1419
2017-03-09 08:57:31+01;1409
2017-03-09 09:09:31+01;1409
2017-03-09 10:19:31+01;1399
2017-03-09 10:39:31+01;1389
2017-03-09 12:15:31+01;1379
2017-03-09 13:01:31+01;1409
2017-03-09 13:40:31+01;1379
2017-03-09 16:46:31+01;1369
2017-03-09 18:47:32+01;1349
2017-03-09 23:00:31+01;1469
2017-03-10 05:26:31+01;1469
2017-03-10 06:21:31+01;1439
2017-03-10 07:45:31+01;1419
2017-03-10 08:20:31+01;1409
2017-03-10 08:47:31+01;1389
2017-03-10 10:09:31+01;1379
2017-03-10 11:27:31+01;1369
2017-03-10 11:45:31+01;1369
2017-03-10 12:12:31+01;1359
2017-03-10 13:01:31+01;1389
2017-03-10 13:02:31+01;1379
2017-03-10 13:39:31+01;1349
2017-03-10 16:45:31+01;1339
2017-03-10 23:00:31+01;1459
2017-03-11 05:25:31+01;1459
2017-03-11 06:22:31+01;1439
2017-03-11 06:57:31+01;1429
2017-03-11 07:36:31+01;1429
2017-03-11 08:15:31+01;1419
2017-03-11 08:51:31+01;1419
2017-03-11 10:18:31+01;1409
2017-03-11 10:38:31+01;1399
2017-03-11 11:18:31+01;1399
2017-03-11 13:01:31+01;1429
2017-03-11 13:39:31+01;1399
2017-03-11 14:42:31+01;1389
2017-03-11 15:47:31+01;1369
2017-03-11 16:46:31+01;1359
2017-03-11 23:00:31+01;1459
2017-03-12 05:25:31+01;1459
2017-03-12 07:00:31+01;1429
2017-03-12 08:12:31+01;1379
2017-03-12 08:44:31+01;1369
2017-03-12 09:30:31+01;1369
2017-03-12 11:08:31+01;1349
2017-03-12 13:01:31+01;1379
2017-03-12 13:37:31+01;1349
2017-03-12 23:01:31+01;1459
2017-03-13 05:26:31+01;1459
2017-03-13 06:21:31+01;1429
2017-03-13 07:36:31+01;1429
2017-03-13 07:48:31+01;1409
2017-03-13 08:42:31+01;1389
2017-03-13 08:47:31+01;1389
2017-03-13 10:15:31+01;1379
2017-03-13 11:18:31+01;1369
2017-03-13 13:01:31+01;1399
2017-03-13 13:42:31+01;1369
2017-03-13 14:21:31+01;1359
2017-03-13 16:46:31+01;1349
2017-03-13 17:00:31+01;1339
2017-03-13 17:23:31+01;1339
2017-03-13 23:00:31+01;1449
2017-03-14 05:26:31+01;1449
2017-03-14 07:10:31+01;1429
2017-03-14 07:48:31+01;1429
2017-03-14 08:09:31+01;1429
2017-03-14 08:44:31+01;1409
2017-03-14 09:09:31+01;1409
2017-03-14 09:27:31+01;1389
2017-03-14 09:53:31+01;1389
2017-03-14 10:29:31+01;1379
2017-03-14 11:21:31+01;1369
2017-03-14 12:09:31+01;1359
2017-03-14 13:01:31+01;1389
2017-03-14 13:11:32+01;1379
2017-03-14 13:32:31+01;1359
2017-03-14 16:46:31+01;1349
2017-03-14 22:31:31+01;1339
2017-03-14 23:01:31+01;1439
2017-03-15 05:26:31+01;1439
2017-03-15 07:21:31+01;1379
2017-03-15 07:42:31+01;1369
2017-03-15 08:42:31+01;1349
2017-03-15 13:01:31+01;1379
2017-03-15 13:53:31+01;1369
2017-03-15 14:15:31+01;1369
2017-03-15 14:27:31+01;1359
2017-03-15 15:47:31+01;1349
2017-03-15 16:45:31+01;1339
2017-03-15 16:51:31+01;1339
2017-03-15 22:32:31+01;1329
2017-03-16 00:26:31+01;1429
2017-03-16 05:26:31+01;1329
2017-03-16 13:01:31+01;1359
2017-03-16 13:51:31+01;1349
2017-03-16 14:46:31+01;1329
2017-03-16 15:55:31+01;1329
2017-03-16 16:45:31+01;1319
2017-03-16 23:00:31+01;1429
2017-03-17 05:25:31+01;1429
2017-03-17 06:28:31+01;1429
2017-03-17 07:23:31+01;1409
2017-03-17 07:59:31+01;1389
2017-03-17 08:11:31+01;1389
2017-03-17 08:24:31+01;1389
2017-03-17 08:35:31+01;1389
2017-03-17 08:47:31+01;1359
2017-03-17 10:27:31+01;1349
2017-03-17 13:00:31+01;1379
2017-03-17 13:51:31+01;1369
2017-03-17 14:12:31+01;1359
2017-03-17 14:49:31+01;1349
2017-03-17 15:45:31+01;1339
2017-03-17 16:45:32+01;1329
2017-03-17 17:01:31+01;1319
2017-03-17 17:17:31+01;1319
2017-03-17 18:14:31+01;1309
2017-03-17 23:00:31+01;1439
2017-03-18 05:26:32+01;1439
2017-03-18 06:27:31+01;1409
2017-03-18 07:33:31+01;1409
2017-03-18 08:15:31+01;1399
2017-03-18 08:49:31+01;1399
2017-03-18 08:54:31+01;1389
2017-03-18 09:15:31+01;1389
2017-03-18 09:33:31+01;1359
2017-03-18 10:48:31+01;1339
2017-03-18 11:06:31+01;1329
2017-03-18 11:16:31+01;1329
2017-03-18 13:01:31+01;1359
2017-03-18 13:46:31+01;1329
2017-03-18 15:15:31+01;1309
2017-03-18 16:45:31+01;1299
2017-03-18 23:01:31+01;1439
2017-03-19 05:25:31+01;1439
2017-03-19 06:28:31+01;1399
2017-03-19 07:24:31+01;1399
2017-03-19 08:39:31+01;1379
2017-03-19 09:29:31+01;1369
2017-03-19 09:57:31+01;1359
2017-03-19 11:36:31+01;1339
2017-03-19 12:03:31+01;1339
2017-03-19 13:01:31+01;1369
2017-03-19 13:51:31+01;1339
2017-03-19 14:17:31+01;1329
2017-03-19 15:09:31+01;1319
2017-03-19 16:36:31+01;1299
2017-03-19 17:45:31+01;1299
2017-03-19 23:00:31+01;1439
2017-03-20 05:24:31+01;1439
2017-03-20 06:27:31+01;1409
2017-03-20 07:30:31+01;1409
2017-03-20 08:27:31+01;1399
2017-03-20 08:47:31+01;1379
2017-03-20 08:51:31+01;1379
2017-03-20 09:14:31+01;1329
2017-03-20 09:55:31+01;1329
2017-03-20 10:15:31+01;1329
2017-03-20 13:01:31+01;1359
2017-03-20 13:57:32+01;1359
2017-03-20 14:45:31+01;1349
2017-03-20 14:53:31+01;1329
2017-03-20 15:59:31+01;1329
2017-03-20 16:45:31+01;1319
2017-03-20 16:50:31+01;1299
2017-03-20 23:00:32+01;1439
2017-03-21 05:25:31+01;1439
2017-03-21 06:24:31+01;1399
2017-03-21 07:36:31+01;1399
2017-03-21 08:23:31+01;1369
2017-03-21 08:51:31+01;1349
2017-03-21 11:12:31+01;1339
2017-03-21 11:21:31+01;1339
2017-03-21 13:01:31+01;1369
2017-03-21 13:27:31+01;1339
2017-03-21 16:45:31+01;1329
2017-03-21 23:00:31+01;1439
2017-03-22 05:25:31+01;1439
2017-03-22 06:22:31+01;1429
2017-03-22 06:56:31+01;1389
2017-03-22 07:34:31+01;1389
2017-03-22 08:12:31+01;1379
2017-03-22 08:43:31+01;1379
2017-03-22 09:11:31+01;1349
2017-03-22 11:12:31+01;1339
2017-03-22 12:00:31+01;1339
2017-03-22 13:01:31+01;1369
2017-03-22 13:47:31+01;1339
2017-03-22 16:45:31+01;1329
2017-03-22 17:01:31+01;1309
2017-03-22 19:11:31+01;1299
2017-03-22 23:00:31+01;1429
2017-03-23 05:25:31+01;1429
2017-03-23 06:24:31+01;1409
2017-03-23 07:52:31+01;1389
2017-03-23 08:45:31+01;1349
2017-03-23 11:12:31+01;1339
2017-03-23 13:01:31+01;1369
2017-03-23 13:42:31+01;1339
2017-03-23 16:46:31+01;1329
2017-03-23 17:00:31+01;1309
2017-03-23 23:00:31+01;1429
2017-03-24 05:25:31+01;1429
2017-03-24 06:21:31+01;1399
2017-03-24 06:51:31+01;1389
2017-03-24 07:17:31+01;1389
2017-03-24 07:33:31+01;1349
2017-03-24 08:00:31+01;1339
2017-03-24 08:42:31+01;1319
2017-03-24 09:09:31+01;1309
2017-03-24 11:11:31+01;1309
2017-03-24 13:01:31+01;1339
2017-03-24 13:56:31+01;1309
2017-03-24 16:45:31+01;1299
2017-03-24 17:21:31+01;1289
2017-03-24 23:00:32+01;1449
2017-03-25 05:25:31+01;1449
2017-03-25 06:24:31+01;1399
2017-03-25 07:30:32+01;1399
2017-03-25 08:12:31+01;1399
2017-03-25 08:44:31+01;1389
2017-03-25 09:03:31+01;1369
2017-03-25 09:33:31+01;1369
2017-03-25 09:51:31+01;1369
2017-03-25 10:42:31+01;1359
2017-03-25 10:52:31+01;1359
2017-03-25 11:12:31+01;1349
2017-03-25 13:01:31+01;1379
2017-03-25 13:16:31+01;1379
2017-03-25 13:51:31+01;1349
2017-03-25 14:45:31+01;1319
2017-03-25 15:30:31+01;1319
2017-03-25 15:51:31+01;1299
2017-03-25 23:01:31+01;1449
2017-03-26 06:28:31+02;1449
2017-03-26 08:45:31+02;1409
2017-03-26 10:30:31+02;1369
2017-03-26 12:00:31+02;1359
2017-03-26 12:53:31+02;1349
2017-03-26 14:01:31+02;1379
2017-03-26 14:12:31+02;1369
2017-03-26 14:46:31+02;1339
2017-03-26 15:12:31+02;1329
2017-03-26 16:41:31+02;1329
2017-03-26 17:32:31+02;1329
2017-03-26 18:18:31+02;1319
2017-03-26 19:04:31+02;1309
2017-03-27 00:01:31+02;1449
2017-03-27 05:25:31+02;1449
2017-03-27 06:24:31+02;1399
2017-03-27 06:57:31+02;1389
2017-03-27 07:34:31+02;1389
2017-03-27 08:27:31+02;1379
2017-03-27 08:43:31+02;1369
2017-03-27 09:12:31+02;1349
2017-03-27 13:01:31+02;1379
2017-03-27 13:16:31+02;1379
2017-03-27 13:39:31+02;1349
2017-03-27 15:59:31+02;1329
2017-03-27 16:45:31+02;1319
2017-03-27 17:01:32+02;1319
2017-03-27 23:00:31+02;1439
2017-03-28 05:26:31+02;1439
2017-03-28 06:23:31+02;1399
2017-03-28 06:53:31+02;1389
2017-03-28 07:47:31+02;1389
2017-03-28 08:11:31+02;1389
2017-03-28 08:38:31+02;1369
2017-03-28 08:44:31+02;1349
2017-03-28 10:28:31+02;1339
2017-03-28 13:01:31+02;1369
2017-03-28 13:11:31+02;1369
2017-03-28 13:27:31+02;1339
2017-03-28 14:45:31+02;1329
2017-03-28 16:45:31+02;1319
2017-03-28 19:12:31+02;1309
2017-03-28 23:00:31+02;1449
2017-03-29 05:26:31+02;1449
2017-03-29 06:24:31+02;1399
2017-03-29 07:18:31+02;1389
2017-03-29 07:33:31+02;1389
2017-03-29 07:51:31+02;1369
2017-03-29 08:24:31+02;1369
2017-03-29 08:48:31+02;1349
2017-03-29 10:42:31+02;1339
2017-03-29 11:15:31+02;1339
2017-03-29 11:20:31+02;1329
2017-03-29 13:00:31+02;1359
2017-03-29 13:42:31+02;1329
2017-03-29 16:45:31+02;1319
2017-03-29 18:51:31+02;1309
2017-03-29 23:00:32+02;1449
2017-03-30 05:24:31+02;1449
2017-03-30 06:24:31+02;1399
2017-03-30 06:53:31+02;1389
2017-03-30 07:36:31+02;1389
2017-03-30 08:14:31+02;1389
2017-03-30 08:39:31+02;1389
2017-03-30 08:47:31+02;1369
2017-03-30 08:50:31+02;1369
2017-03-30 09:41:31+02;1359
2017-03-30 10:20:31+02;1349
2017-03-30 10:50:31+02;1349
2017-03-30 11:40:31+02;1339
2017-03-30 13:00:31+02;1369
2017-03-30 13:44:31+02;1339
2017-03-30 16:45:31+02;1329
2017-03-30 17:11:31+02;1319
2017-03-30 23:00:32+02;1469
2017-03-31 05:26:31+02;1469
2017-03-31 06:24:31+02;1409
2017-03-31 06:54:31+02;1389
2017-03-31 07:39:31+02;1379
2017-03-31 08:12:31+02;1379
2017-03-31 08:34:31+02;1379
2017-03-31 08:50:31+02;1379
2017-03-31 09:39:31+02;1359
2017-03-31 11:03:31+02;1359
2017-03-31 11:21:31+02;1359
2017-03-31 11:41:31+02;1359
2017-03-31 12:04:31+02;1349
2017-03-31 13:01:31+02;1379
2017-03-31 13:37:31+02;1349
2017-03-31 16:01:31+02;1319
2017-03-31 16:45:31+02;1309
2017-03-31 23:00:31+02;1489
2017-04-01 05:18:31+02;1489
2017-04-01 05:30:31+02;1489
2017-04-01 06:45:31+02;1409
2017-04-01 07:06:31+02;1389
2017-04-01 08:45:31+02;1389
2017-04-01 09:42:31+02;1379
2017-04-01 10:22:31+02;1369
2017-04-01 10:55:31+02;1369
2017-04-01 11:06:31+02;1359
2017-04-01 11:48:31+02;1349
2017-04-01 13:01:31+02;1379
2017-04-01 13:38:31+02;1349
2017-04-01 16:45:31+02;1339
2017-04-01 23:00:31+02;1489
2017-04-02 05:29:31+02;1489
2017-04-02 06:48:31+02;1439
2017-04-02 07:47:31+02;1389
2017-04-02 09:08:32+02;1379
2017-04-02 11:11:31+02;1379
2017-04-02 11:21:31+02;1379
2017-04-02 13:00:31+02;1409
2017-04-02 13:16:31+02;1409
2017-04-02 13:41:31+02;1379
2017-04-02 13:47:31+02;1379
2017-04-02 14:22:31+02;1359
2017-04-02 15:59:31+02;1339
2017-04-02 16:55:31+02;1339
2017-04-02 19:53:31+02;1339
2017-04-02 23:00:32+02;1489
2017-04-03 05:25:31+02;1489
2017-04-03 06:27:31+02;1419
2017-04-03 06:53:31+02;1389
2017-04-03 07:32:31+02;1389
2017-04-03 08:42:31+02;1379
2017-04-03 09:08:31+02;1369
2017-04-03 09:11:31+02;1369
2017-04-03 09:40:31+02;1369
2017-04-03 09:53:31+02;1359
2017-04-03 09:58:31+02;1359
2017-04-03 10:52:31+02;1349
2017-04-03 11:35:31+02;1339
2017-04-03 12:15:31+02;1339
2017-04-03 13:01:31+02;1369
2017-04-03 13:39:31+02;1339
2017-04-03 16:45:31+02;1329
2017-04-03 23:00:31+02;1489
2017-04-04 05:24:31+02;1489
2017-04-04 06:25:31+02;1429
2017-04-04 06:54:32+02;1409
2017-04-04 07:23:31+02;1399
2017-04-04 07:43:31+02;1389
2017-04-04 08:45:31+02;1369
2017-04-04 09:12:31+02;1359
2017-04-04 11:12:31+02;1349
2017-04-04 13:01:31+02;1379
2017-04-04 13:39:31+02;1349
2017-04-04 16:45:31+02;1339
2017-04-04 18:11:31+02;1329
2017-04-04 23:00:31+02;1489
2017-04-05 05:26:31+02;1489
2017-04-05 06:24:31+02;1429
2017-04-05 06:54:31+02;1409
2017-04-05 07:42:32+02;1409
2017-04-05 08:04:31+02;1399
2017-04-05 08:35:32+02;1399
2017-04-05 09:44:31+02;1389
2017-04-05 09:46:31+02;1379
2017-04-05 11:32:31+02;1379
2017-04-05 13:01:31+02;1409
2017-04-05 13:16:31+02;1399
2017-04-05 13:31:31+02;1379
2017-04-05 16:45:31+02;1369
2017-04-05 17:00:32+02;1339
2017-04-05 23:00:31+02;1489
2017-04-06 05:25:31+02;1489
2017-04-06 06:24:31+02;1439
2017-04-06 06:53:31+02;1409
2017-04-06 07:30:31+02;1409
2017-04-06 08:53:31+02;1389
2017-04-06 09:11:31+02;1389
2017-04-06 10:41:31+02;1389
2017-04-06 11:03:31+02;1379
2017-04-06 11:42:31+02;1379
2017-04-06 13:01:31+02;1409
2017-04-06 13:16:31+02;1399
2017-04-06 13:32:31+02;1379
2017-04-06 16:45:31+02;1369
2017-04-06 16:53:31+02;1349
2017-04-06 23:00:31+02;1489
2017-04-07 05:26:31+02;1489
2017-04-07 06:25:31+02;1459
2017-04-07 07:46:32+02;1429
2017-04-07 08:56:31+02;1409
2017-04-07 09:11:31+02;1409
2017-04-07 09:48:31+02;1409
2017-04-07 10:42:31+02;1399
2017-04-07 11:42:31+02;1399
2017-04-07 12:17:32+02;1399
2017-04-07 13:01:31+02;1429
2017-04-07 13:42:31+02;1399
2017-04-07 14:45:31+02;1389
2017-04-07 16:45:31+02;1379
2017-04-07 16:49:32+02;1359
2017-04-07 19:20:31+02;1349
2017-04-07 23:00:32+02;1489
2017-04-08 05:24:31+02;1489
2017-04-08 06:24:31+02;1459
2017-04-08 06:56:31+02;1429
2017-04-08 07:33:31+02;1429
2017-04-08 09:11:31+02;1419
2017-04-08 09:17:31+02;1409
2017-04-08 09:48:31+02;1409
2017-04-08 10:29:31+02;1399
2017-04-08 12:02:31+02;1389
2017-04-08 13:01:31+02;1419
2017-04-08 13:37:31+02;1389
2017-04-08 14:47:31+02;1379
2017-04-08 18:41:31+02;1369
2017-04-08 23:00:31+02;1489
2017-04-09 05:24:31+02;1489
2017-04-09 06:26:31+02;1469
2017-04-09 06:55:31+02;1429
2017-04-09 07:36:31+02;1429
2017-04-09 10:15:31+02;1409
2017-04-09 10:24:31+02;1399
2017-04-09 10:32:31+02;1399
2017-04-09 12:02:31+02;1389
2017-04-09 13:01:31+02;1419
2017-04-09 13:57:31+02;1399
2017-04-09 14:24:31+02;1389
2017-04-09 14:48:31+02;1369
2017-04-09 16:11:31+02;1359
2017-04-09 23:00:32+02;1489
2017-04-10 05:24:31+02;1489
2017-04-10 06:26:31+02;1459
2017-04-10 06:51:31+02;1429
2017-04-10 07:36:31+02;1419
2017-04-10 08:04:31+02;1419
2017-04-10 08:36:31+02;1409
2017-04-10 09:14:31+02;1399
2017-04-10 10:49:31+02;1389
2017-04-10 11:12:31+02;1389
2017-04-10 11:53:31+02;1379
2017-04-10 13:01:31+02;1409
2017-04-10 13:42:31+02;1379
2017-04-10 16:46:31+02;1369
2017-04-10 17:44:31+02;1359
2017-04-10 23:00:31+02;1489
2017-04-11 05:26:31+02;1489
2017-04-11 06:24:31+02;1449
2017-04-11 06:52:31+02;1429
2017-04-11 07:25:31+02;1429
2017-04-11 08:15:31+02;1429
2017-04-11 08:50:31+02;1409
2017-04-11 10:32:31+02;1399
2017-04-11 11:29:31+02;1399
2017-04-11 12:04:31+02;1389
2017-04-11 13:01:31+02;1419
2017-04-11 13:44:31+02;1389
2017-04-11 16:45:31+02;1379
2017-04-11 18:41:31+02;1369
2017-04-11 23:01:31+02;1499
2017-04-12 05:25:31+02;1499
2017-04-12 06:24:31+02;1449
2017-04-12 06:50:31+02;1439
2017-04-12 08:09:31+02;1439
2017-04-12 08:36:31+02;1419
2017-04-12 08:45:31+02;1419
2017-04-12 09:02:31+02;1419
2017-04-12 09:11:31+02;1409
2017-04-12 10:20:31+02;1399
2017-04-12 10:33:31+02;1399
2017-04-12 10:41:31+02;1389
2017-04-12 13:01:31+02;1419
2017-04-12 13:44:31+02;1389
2017-04-12 15:12:31+02;1379
2017-04-12 16:45:31+02;1369
2017-04-12 17:41:31+02;1359
2017-04-12 23:00:31+02;1509
2017-04-13 05:25:31+02;1509
2017-04-13 06:23:32+02;1459
2017-04-13 06:53:31+02;1429
2017-04-13 07:33:31+02;1429
2017-04-13 08:11:31+02;1419
2017-04-13 08:49:31+02;1419
2017-04-13 09:10:31+02;1409
2017-04-13 09:23:31+02;1399
2017-04-13 10:11:31+02;1399
2017-04-13 10:31:31+02;1389
2017-04-13 11:53:31+02;1389
2017-04-13 11:56:31+02;1379
2017-04-13 13:01:31+02;1409
2017-04-13 13:45:31+02;1379
2017-04-13 16:45:31+02;1369
2017-04-13 23:00:31+02;1519
2017-04-14 05:24:31+02;1519
2017-04-14 06:24:31+02;1469
2017-04-14 06:56:31+02;1429
2017-04-14 07:33:31+02;1429
2017-04-14 08:03:31+02;1429
2017-04-14 08:56:31+02;1429
2017-04-14 09:15:31+02;1429
2017-04-14 10:33:31+02;1419
2017-04-14 12:21:31+02;1419
2017-04-14 13:02:31+02;1449
2017-04-14 14:00:31+02;1419
2017-04-14 14:48:31+02;1409
2017-04-14 23:01:31+02;1519
2017-04-15 05:24:31+02;1519
2017-04-15 06:26:31+02;1469
2017-04-15 06:51:31+02;1439
2017-04-15 08:35:31+02;1439
2017-04-15 10:23:31+02;1429
2017-04-15 10:51:31+02;1429
2017-04-15 10:53:31+02;1419
2017-04-15 11:56:31+02;1419
2017-04-15 13:00:31+02;1449
2017-04-15 13:42:31+02;1419
2017-04-15 14:48:31+02;1389
2017-04-15 16:45:31+02;1379
2017-04-15 17:01:31+02;1369
2017-04-15 22:31:31+02;1359
2017-04-15 23:00:31+02;1519
2017-04-16 05:24:31+02;1519
2017-04-16 06:27:31+02;1479
2017-04-16 06:56:31+02;1439
2017-04-16 07:34:31+02;1439
2017-04-16 08:12:31+02;1439
2017-04-16 08:44:31+02;1429
2017-04-16 10:11:31+02;1419
2017-04-16 10:14:31+02;1419
2017-04-16 10:32:31+02;1409
2017-04-16 11:32:31+02;1379
2017-04-16 13:00:31+02;1409
2017-04-16 13:41:31+02;1379
2017-04-16 14:20:31+02;1379
2017-04-16 14:44:31+02;1379
2017-04-16 16:40:32+02;1379
2017-04-16 16:50:31+02;1379
2017-04-16 21:07:31+02;1369
2017-04-16 23:00:31+02;1519
2017-04-17 05:24:31+02;1519
2017-04-17 06:24:32+02;1469
2017-04-17 06:51:31+02;1439
2017-04-17 08:02:31+02;1439
2017-04-17 08:30:31+02;1439
2017-04-17 10:11:31+02;1419
2017-04-17 10:34:31+02;1419
2017-04-17 11:07:31+02;1409
2017-04-17 11:25:31+02;1409
2017-04-17 11:33:31+02;1399
2017-04-17 12:29:31+02;1389
2017-04-17 13:00:31+02;1419
2017-04-17 13:23:31+02;1389
2017-04-17 17:41:31+02;1379
2017-04-17 19:11:31+02;1359
2017-04-17 23:00:31+02;1519
2017-04-18 05:25:31+02;1519
2017-04-18 06:23:31+02;1449
2017-04-18 06:48:31+02;1429
2017-04-18 07:59:31+02;1429
2017-04-18 08:46:31+02;1429
2017-04-18 08:50:31+02;1419
2017-04-18 09:10:31+02;1419
2017-04-18 09:11:31+02;1409
2017-04-18 10:21:31+02;1409
2017-04-18 10:32:31+02;1399
2017-04-18 10:41:31+02;1399
2017-04-18 12:04:31+02;1389
2017-04-18 13:00:31+02;1419
2017-04-18 13:40:31+02;1389
2017-04-18 16:45:32+02;1379
2017-04-18 17:00:31+02;1359
2017-04-18 23:00:31+02;1509
2017-04-19 05:25:31+02;1509
2017-04-19 06:27:31+02;1459
2017-04-19 06:52:31+02;1439
2017-04-19 08:09:31+02;1439
2017-04-19 08:43:31+02;1439
2017-04-19 08:59:31+02;1409
2017-04-19 10:39:31+02;1409
2017-04-19 10:41:31+02;1399
2017-04-19 11:03:31+02;1389
2017-04-19 12:27:32+02;1379
2017-04-19 13:01:31+02;1409
2017-04-19 13:20:31+02;1379
2017-04-19 16:45:31+02;1369
2017-04-19 20:24:31+02;1369
2017-04-19 23:01:31+02;1489
2017-04-20 05:27:31+02;1489
2017-04-20 06:20:31+02;1459
2017-04-20 06:50:31+02;1439
2017-04-20 08:42:31+02;1439
2017-04-20 08:46:31+02;1419
2017-04-20 09:12:31+02;1419
2017-04-20 10:20:31+02;1409
2017-04-20 10:41:31+02;1399
2017-04-20 11:40:31+02;1379
2017-04-20 13:01:31+02;1409
2017-04-20 13:12:31+02;1409
2017-04-20 13:24:31+02;1379
2017-04-20 15:00:31+02;1369
2017-04-20 16:45:31+02;1359
2017-04-20 19:04:31+02;1359
2017-04-20 19:56:24+02;1359
2017-04-20 22:33:31+02;1349
2017-04-20 23:00:31+02;1479
2017-04-21 05:25:31+02;1479
2017-04-21 06:24:31+02;1459
2017-04-21 06:54:31+02;1449
2017-04-21 07:34:31+02;1449
2017-04-21 08:45:31+02;1429
2017-04-21 09:11:31+02;1409
2017-04-21 11:21:31+02;1399
2017-04-21 11:53:31+02;1389
2017-04-21 12:45:31+02;1379
2017-04-21 13:01:31+02;1409
2017-04-21 13:15:31+02;1409
2017-04-21 13:31:31+02;1379
2017-04-21 14:50:31+02;1369
2017-04-21 15:04:31+02;1359
2017-04-21 16:21:31+02;1349
2017-04-21 16:45:31+02;1339
2017-04-21 17:01:31+02;1329
2017-04-21 18:05:31+02;1329
2017-04-21 22:30:31+02;1319
2017-04-21 23:00:31+02;1479
2017-04-22 05:27:31+02;1479
2017-04-22 06:24:31+02;1449
2017-04-22 07:18:31+02;1429
2017-04-22 07:49:31+02;1429
2017-04-22 08:57:31+02;1429
2017-04-22 09:15:31+02;1429
2017-04-22 10:04:31+02;1419
2017-04-22 10:21:31+02;1409
2017-04-22 10:51:31+02;1399
2017-04-22 10:59:31+02;1399
2017-04-22 11:34:31+02;1399
2017-04-22 13:01:31+02;1429
2017-04-22 13:42:31+02;1399
2017-04-22 14:45:31+02;1379
2017-04-22 16:21:31+02;1369
2017-04-22 16:46:31+02;1359
2017-04-22 17:01:31+02;1349
2017-04-22 22:34:31+02;1339
2017-04-22 23:00:31+02;1479
2017-04-23 05:26:31+02;1479
2017-04-23 06:06:31+02;1439
2017-04-23 09:09:31+02;1419
2017-04-23 11:00:31+02;1409
2017-04-23 13:01:31+02;1439
2017-04-23 13:40:31+02;1409
2017-04-23 14:46:31+02;1389
2017-04-23 16:11:31+02;1369
2017-04-23 16:20:31+02;1369
2017-04-23 18:01:31+02;1369
2017-04-23 18:56:31+02;1369
2017-04-23 23:00:31+02;1479
2017-04-24 05:25:31+02;1479
2017-04-24 06:24:31+02;1459
2017-04-24 06:59:31+02;1429
2017-04-24 08:34:31+02;1419
2017-04-24 09:11:31+02;1419
2017-04-24 10:15:31+02;1409
2017-04-24 10:32:31+02;1409
2017-04-24 10:43:31+02;1399
2017-04-24 11:05:31+02;1399
2017-04-24 11:09:31+02;1389
2017-04-24 11:51:31+02;1379
2017-04-24 13:01:31+02;1409
2017-04-24 13:16:31+02;1409
2017-04-24 13:41:31+02;1379
2017-04-24 16:45:32+02;1369
2017-04-24 17:01:31+02;1349
2017-04-24 22:34:31+02;1339
2017-04-24 23:00:31+02;1469
2017-04-25 05:43:31+02;1469
2017-04-25 06:21:31+02;1459
2017-04-25 06:55:31+02;1439
2017-04-25 08:05:31+02;1439
2017-04-25 08:14:31+02;1439
2017-04-25 08:39:32+02;1429
2017-04-25 09:12:31+02;1419
2017-04-25 10:02:31+02;1399
2017-04-25 10:20:32+02;1389
2017-04-25 13:01:31+02;1419
2017-04-25 13:39:31+02;1389
2017-04-25 16:02:31+02;1369
2017-04-25 16:45:31+02;1359
2017-04-25 17:00:31+02;1359
2017-04-25 23:00:31+02;1459
2017-04-26 05:26:32+02;1459
2017-04-26 06:24:31+02;1449
2017-04-26 06:47:31+02;1429
2017-04-26 08:46:31+02;1419
2017-04-26 09:03:31+02;1409
2017-04-26 09:21:31+02;1409
2017-04-26 10:05:31+02;1389
2017-04-26 10:21:31+02;1379
2017-04-26 11:21:31+02;1369
2017-04-26 13:01:31+02;1399
2017-04-26 13:39:31+02;1369
2017-04-26 16:45:32+02;1359
2017-04-26 16:51:31+02;1339
2017-04-27 05:45:31+02;1359
2017-04-27 11:51:31+02;1359
2017-04-27 13:01:31+02;1389
2017-04-27 13:42:31+02;1359
2017-04-27 17:00:31+02;1379
2017-04-27 17:16:31+02;1359
2017-04-27 17:42:31+02;1359
2017-04-27 19:17:32+02;1359
2017-04-27 19:51:31+02;1349
2017-04-27 23:00:31+02;1459
2017-04-28 05:25:31+02;1459
2017-04-28 06:24:31+02;1419
2017-04-28 07:30:31+02;1419
2017-04-28 07:57:31+02;1419
2017-04-28 08:35:31+02;1409
2017-04-28 08:45:31+02;1399
2017-04-28 09:11:31+02;1389
2017-04-28 09:50:31+02;1359
2017-04-28 10:53:31+02;1349
2017-04-28 13:01:31+02;1379
2017-04-28 13:45:31+02;1349
2017-04-28 17:00:31+02;1369
2017-04-28 17:44:31+02;1349
2017-04-28 19:02:31+02;1339
2017-04-28 23:00:31+02;1459
2017-04-29 05:26:31+02;1459
2017-04-29 06:24:31+02;1419
2017-04-29 07:33:31+02;1419
2017-04-29 08:11:31+02;1419
2017-04-29 08:45:31+02;1409
2017-04-29 09:13:31+02;1389
2017-04-29 10:20:31+02;1389
2017-04-29 10:42:31+02;1389
2017-04-29 11:42:31+02;1379
2017-04-29 11:51:31+02;1379
2017-04-29 13:01:31+02;1409
2017-04-29 13:42:31+02;1379
2017-04-29 13:45:31+02;1379
2017-04-29 14:42:31+02;1379
2017-04-29 14:45:31+02;1369
2017-04-29 17:00:31+02;1389
2017-04-29 17:39:31+02;1369
2017-04-29 18:09:31+02;1369
2017-04-29 18:51:31+02;1369
2017-04-29 19:19:31+02;1369
2017-04-29 23:00:31+02;1459
2017-04-30 05:27:31+02;1459
2017-04-30 07:02:31+02;1429
2017-04-30 07:59:31+02;1429
2017-04-30 08:37:31+02;1429
2017-04-30 09:11:31+02;1409
2017-04-30 09:13:31+02;1409
2017-04-30 09:21:31+02;1389
2017-04-30 12:04:31+02;1389
2017-04-30 13:01:31+02;1419
2017-04-30 13:41:31+02;1389
2017-04-30 14:53:31+02;1369
2017-04-30 17:00:31+02;1389
2017-04-30 17:15:31+02;1379
2017-04-30 17:45:31+02;1369
2017-04-30 23:00:31+02;1459
2017-05-01 06:07:31+02;1459
2017-05-01 08:30:31+02;1429
2017-05-01 08:45:31+02;1419
2017-05-01 09:12:31+02;1399
2017-05-01 09:15:32+02;1389
2017-05-01 11:12:31+02;1389
2017-05-01 11:42:31+02;1379
2017-05-01 12:04:31+02;1379
2017-05-01 13:01:31+02;1409
2017-05-01 13:40:31+02;1379
2017-05-01 14:45:31+02;1359
2017-05-01 17:00:31+02;1379
2017-05-01 17:16:31+02;1369
2017-05-01 17:39:31+02;1349
2017-05-01 23:00:31+02;1459
2017-05-02 05:25:31+02;1459
2017-05-02 06:21:31+02;1409
2017-05-02 08:20:31+02;1399
2017-05-02 08:45:32+02;1379
2017-05-02 10:11:31+02;1369
2017-05-02 10:33:31+02;1359
2017-05-02 13:01:31+02;1389
2017-05-02 13:45:31+02;1359
2017-05-02 16:12:31+02;1339
2017-05-02 17:00:31+02;1359
2017-05-02 17:44:31+02;1339
2017-05-02 23:00:31+02;1449
2017-05-03 05:26:31+02;1449
2017-05-03 06:24:31+02;1409
2017-05-03 07:42:31+02;1409
2017-05-03 08:21:31+02;1409
2017-05-03 08:45:31+02;1389
2017-05-03 09:11:31+02;1369
2017-05-03 10:47:31+02;1359
2017-05-03 11:12:31+02;1349
2017-05-03 13:01:31+02;1379
2017-05-03 13:45:31+02;1349
2017-05-03 15:11:31+02;1349
2017-05-03 17:00:31+02;1369
2017-05-03 17:17:31+02;1349
2017-05-03 17:46:31+02;1349
2017-05-03 23:00:31+02;1449
2017-05-04 05:30:31+02;1449
2017-05-04 06:48:31+02;1409
2017-05-04 07:44:31+02;1409
2017-05-04 08:20:31+02;1409
2017-05-04 08:44:32+02;1379
2017-05-04 09:11:31+02;1359
2017-05-04 09:52:31+02;1349
2017-05-04 12:02:31+02;1339
2017-05-04 13:00:32+02;1369
2017-05-04 13:41:31+02;1339
2017-05-04 15:20:31+02;1329
2017-05-04 17:00:31+02;1349
2017-05-04 17:40:31+02;1329
2017-05-04 23:01:31+02;1449
2017-05-05 05:26:31+02;1449
2017-05-05 06:36:31+02;1409
2017-05-05 07:14:31+02;1409
2017-05-05 08:25:31+02;1409
2017-05-05 08:43:31+02;1379
2017-05-05 08:49:31+02;1379
2017-05-05 09:49:31+02;1369
2017-05-05 10:10:31+02;1369
2017-05-05 10:43:31+02;1349
2017-05-05 11:41:31+02;1349
2017-05-05 11:58:31+02;1339
2017-05-05 13:00:31+02;1369
2017-05-05 13:43:32+02;1339
2017-05-05 15:10:31+02;1319
2017-05-05 17:00:31+02;1339
2017-05-05 17:46:31+02;1319
2017-05-05 23:00:31+02;1439
2017-05-06 05:26:31+02;1439
2017-05-06 06:38:31+02;1409
2017-05-06 07:47:31+02;1409
2017-05-06 08:41:31+02;1409
2017-05-06 08:44:31+02;1389
2017-05-06 10:00:31+02;1389
2017-05-06 10:02:31+02;1379
2017-05-06 10:29:31+02;1359
2017-05-06 11:38:31+02;1349
2017-05-06 12:05:31+02;1349
2017-05-06 13:01:31+02;1379
2017-05-06 13:41:45+02;1349
2017-05-06 14:44:31+02;1339
2017-05-06 16:29:31+02;1329
2017-05-06 17:00:31+02;1349
2017-05-06 17:44:31+02;1329
2017-05-06 23:01:31+02;1439
2017-05-07 05:37:31+02;1439
2017-05-07 06:49:31+02;1429
2017-05-07 07:07:31+02;1409
2017-05-07 07:47:31+02;1409
2017-05-07 08:20:31+02;1409
2017-05-07 08:29:31+02;1399
2017-05-07 08:56:31+02;1389
2017-05-07 09:18:31+02;1369
2017-05-07 10:50:31+02;1349
2017-05-07 10:51:31+02;1349
2017-05-07 13:01:32+02;1379
2017-05-07 13:40:31+02;1349
2017-05-07 16:29:31+02;1339
2017-05-07 17:00:31+02;1359
2017-05-07 17:02:31+02;1359
2017-05-07 17:42:31+02;1339
2017-05-07 23:00:31+02;1439
2017-05-08 05:35:31+02;1439
2017-05-08 06:49:31+02;1409
2017-05-08 07:26:31+02;1409
2017-05-08 08:08:31+02;1399
2017-05-08 08:18:32+02;1399
2017-05-08 08:42:31+02;1379
2017-05-08 09:11:31+02;1349
2017-05-08 10:06:31+02;1349
2017-05-08 10:41:31+02;1339
2017-05-08 11:50:31+02;1329
2017-05-08 13:01:31+02;1359
2017-05-08 13:40:31+02;1329
2017-05-08 15:08:31+02;1319
2017-05-08 17:00:31+02;1339
2017-05-08 17:44:31+02;1319
2017-05-08 23:01:31+02;1439
2017-05-09 05:35:31+02;1439
2017-05-09 06:51:31+02;1409
2017-05-09 07:52:31+02;1399
2017-05-09 08:18:31+02;1399
2017-05-09 08:39:31+02;1349
2017-05-09 10:29:31+02;1339
2017-05-09 11:38:31+02;1329
2017-05-09 13:01:31+02;1359
2017-05-09 13:38:31+02;1329
2017-05-09 17:00:32+02;1349
2017-05-09 17:50:31+02;1329
2017-05-09 20:51:31+02;1319
2017-05-09 23:00:32+02;1439
2017-05-10 05:26:31+02;1439
2017-05-10 06:32:31+02;1409
2017-05-10 08:08:31+02;1399
2017-05-10 08:14:32+02;1399
2017-05-10 08:50:31+02;1379
2017-05-10 09:38:31+02;1379
2017-05-10 09:59:31+02;1369
2017-05-10 10:41:31+02;1339
2017-05-10 11:00:31+02;1339
2017-05-10 11:08:31+02;1329
2017-05-10 13:01:31+02;1359
2017-05-10 13:41:31+02;1329
2017-05-10 15:08:32+02;1319
2017-05-10 16:20:31+02;1299
2017-05-10 17:00:31+02;1319
2017-05-10 17:59:31+02;1299
2017-05-10 20:51:32+02;1289
2017-05-10 23:00:32+02;1439
2017-05-11 05:26:31+02;1439
2017-05-11 06:30:31+02;1399
2017-05-11 07:43:31+02;1399
2017-05-11 08:13:31+02;1399
2017-05-11 08:34:31+02;1389
2017-05-11 08:37:31+02;1369
2017-05-11 09:08:31+02;1369
2017-05-11 10:07:31+02;1359
2017-05-11 10:28:31+02;1359
2017-05-11 10:37:31+02;1339
2017-05-11 10:47:31+02;1339
2017-05-11 10:58:31+02;1329
2017-05-11 11:07:31+02;1329
2017-05-11 13:01:31+02;1359
2017-05-11 13:46:31+02;1329
2017-05-11 15:08:31+02;1319
2017-05-11 17:00:31+02;1339
2017-05-11 17:44:31+02;1319
2017-05-11 20:51:31+02;1309
2017-05-11 23:16:31+02;1449
2017-05-12 05:25:31+02;1449
2017-05-12 06:30:31+02;1399
2017-05-12 08:34:31+02;1389
2017-05-12 08:49:31+02;1359
2017-05-12 09:04:31+02;1359
2017-05-12 09:17:31+02;1359
2017-05-12 10:28:31+02;1349
2017-05-12 11:46:31+02;1339
2017-05-12 13:01:31+02;1369
2017-05-12 13:44:32+02;1339
2017-05-12 15:08:31+02;1329
2017-05-12 17:01:32+02;1349
2017-05-12 17:16:31+02;1329
2017-05-12 17:38:31+02;1309
2017-05-12 23:01:31+02;1469
2017-05-13 05:38:31+02;1469
2017-05-13 07:09:31+02;1389
2017-05-13 07:38:31+02;1389
2017-05-13 08:18:31+02;1389
2017-05-13 08:38:31+02;1389
2017-05-13 08:51:31+02;1379
2017-05-13 09:35:31+02;1359
2017-05-13 10:18:31+02;1359
2017-05-13 11:32:31+02;1359
2017-05-13 13:01:31+02;1389
2017-05-13 13:41:31+02;1359
2017-05-13 15:08:31+02;1349
2017-05-13 17:00:31+02;1369
2017-05-13 17:17:32+02;1359
2017-05-13 17:41:31+02;1349
2017-05-13 20:50:31+02;1329
2017-05-13 23:01:31+02;1489
2017-05-14 05:25:31+02;1489
2017-05-14 06:01:31+02;1479
2017-05-14 07:01:31+02;1389
2017-05-14 07:48:31+02;1389
2017-05-14 08:51:31+02;1389
2017-05-14 08:52:32+02;1389
2017-05-14 09:56:31+02;1379
2017-05-14 12:26:31+02;1379
2017-05-14 13:01:31+02;1409
2017-05-14 13:37:31+02;1379
2017-05-14 14:50:31+02;1369
2017-05-14 15:19:31+02;1359
2017-05-14 17:00:32+02;1379
2017-05-14 17:44:32+02;1359
2017-05-14 23:00:31+02;1509
2017-05-15 05:26:31+02;1509
2017-05-15 05:56:31+02;1479
2017-05-15 06:33:31+02;1429
2017-05-15 07:13:31+02;1389
2017-05-15 07:52:31+02;1389
2017-05-15 08:40:31+02;1379
2017-05-15 09:08:31+02;1369
2017-05-15 11:07:31+02;1349
2017-05-15 11:26:31+02;1349
2017-05-15 13:01:31+02;1379
2017-05-15 13:42:31+02;1349
2017-05-15 17:00:32+02;1369
2017-05-15 17:40:31+02;1349
2017-05-15 20:52:31+02;1329
2017-05-15 23:15:31+02;1469
2017-05-16 05:26:31+02;1469
2017-05-16 06:30:31+02;1419
2017-05-16 06:58:31+02;1409
2017-05-16 07:17:31+02;1409
2017-05-16 07:56:31+02;1389
2017-05-16 08:14:31+02;1389
2017-05-16 08:19:31+02;1389
2017-05-16 08:40:31+02;1379
2017-05-16 11:07:31+02;1369
2017-05-16 12:02:31+02;1369
2017-05-16 13:01:31+02;1399
2017-05-16 13:37:31+02;1369
2017-05-16 17:00:31+02;1389
2017-05-16 17:16:31+02;1369
2017-05-16 17:50:31+02;1369
2017-05-16 19:56:31+02;1369
2017-05-16 20:52:31+02;1349
2017-05-16 23:00:31+02;1469
2017-05-17 05:26:31+02;1469
2017-05-17 06:31:31+02;1419
2017-05-17 07:01:31+02;1409
2017-05-17 07:38:31+02;1409
2017-05-17 08:09:31+02;1409
2017-05-17 08:34:31+02;1399
2017-05-17 08:41:31+02;1389
2017-05-17 09:08:31+02;1379
2017-05-17 09:59:32+02;1379
2017-05-17 10:08:31+02;1359
2017-05-17 11:53:31+02;1359
2017-05-17 13:01:31+02;1389
2017-05-17 13:44:31+02;1359
2017-05-17 17:00:31+02;1379
2017-05-17 17:16:31+02;1359
2017-05-17 17:41:31+02;1359
2017-05-17 18:48:31+02;1359
2017-05-17 18:50:31+02;1349
2017-05-17 20:02:31+02;1349
2017-05-17 20:51:31+02;1329
2017-05-17 23:00:31+02;1469
2017-05-18 05:25:31+02;1469
2017-05-18 06:34:31+02;1419
2017-05-18 07:10:31+02;1349
2017-05-18 07:33:31+02;1349
2017-05-18 08:28:31+02;1349
2017-05-18 08:47:31+02;1349
2017-05-18 13:01:31+02;1379
2017-05-18 13:10:31+02;1379
2017-05-18 13:32:31+02;1349
2017-05-18 14:22:31+02;1349
2017-05-18 17:00:31+02;1369
2017-05-18 17:42:31+02;1349
2017-05-18 19:14:31+02;1349
2017-05-18 19:23:31+02;1349
2017-05-18 20:42:31+02;1339
2017-05-18 21:50:31+02;1319
2017-05-18 23:00:31+02;1469
2017-05-19 05:25:31+02;1469
2017-05-19 06:24:31+02;1409
2017-05-19 08:28:31+02;1399
2017-05-19 08:45:31+02;1399
2017-05-19 08:46:31+02;1379
2017-05-19 09:58:31+02;1359
2017-05-19 10:28:31+02;1359
2017-05-19 10:37:31+02;1359
2017-05-19 11:41:31+02;1359
2017-05-19 11:49:31+02;1349
2017-05-19 13:00:31+02;1379
2017-05-19 13:16:31+02;1379
2017-05-19 13:40:31+02;1349
2017-05-19 14:16:31+02;1339
2017-05-19 14:55:31+02;1339
2017-05-19 17:00:31+02;1359
2017-05-19 17:50:31+02;1339
2017-05-19 19:46:31+02;1339
2017-05-19 20:42:31+02;1329
2017-05-19 23:00:31+02;1469
2017-05-20 05:36:31+02;1469
2017-05-20 06:51:31+02;1419
2017-05-20 07:12:31+02;1409
2017-05-20 07:51:31+02;1409
2017-05-20 08:23:31+02;1399
2017-05-20 08:46:31+02;1399
2017-05-20 10:40:31+02;1399
2017-05-20 10:50:31+02;1379
2017-05-20 10:53:31+02;1379
2017-05-20 13:01:31+02;1409
2017-05-20 13:13:31+02;1409
2017-05-20 13:32:31+02;1379
2017-05-20 14:19:31+02;1379
2017-05-20 14:44:31+02;1369
2017-05-20 16:29:31+02;1359
2017-05-20 17:00:31+02;1379
2017-05-20 17:44:31+02;1359
2017-05-20 20:43:31+02;1349
2017-05-20 23:00:31+02;1469
2017-05-21 05:27:31+02;1469
2017-05-21 06:32:31+02;1449
2017-05-21 07:00:31+02;1389
2017-05-21 07:24:31+02;1389
2017-05-21 08:46:31+02;1389
2017-05-21 10:28:31+02;1389
2017-05-21 11:59:31+02;1369
2017-05-21 13:01:31+02;1399
2017-05-21 13:16:31+02;1399
2017-05-21 13:35:31+02;1369
2017-05-21 14:50:31+02;1349
2017-05-21 16:29:31+02;1339
2017-05-21 17:00:31+02;1359
2017-05-21 17:42:31+02;1339
2017-05-21 23:00:31+02;1469
2017-05-22 05:35:31+02;1469
2017-05-22 06:56:32+02;1409
2017-05-22 08:29:31+02;1399
2017-05-22 08:43:31+02;1399
2017-05-22 08:56:31+02;1369
2017-05-22 10:20:31+02;1349
2017-05-22 13:01:31+02;1379
2017-05-22 13:41:31+02;1349
2017-05-22 15:53:31+02;1329
2017-05-22 17:01:31+02;1349
2017-05-22 17:40:31+02;1329
2017-05-22 20:44:31+02;1329
2017-05-22 23:00:31+02;1479
2017-05-23 05:35:31+02;1479
2017-05-23 06:50:31+02;1419
2017-05-23 07:08:31+02;1409
2017-05-23 07:50:31+02;1399
2017-05-23 08:15:31+02;1399
2017-05-23 08:44:31+02;1379
2017-05-23 09:53:31+02;1369
2017-05-23 11:44:31+02;1359
2017-05-23 13:01:31+02;1389
2017-05-23 13:41:31+02;1359
2017-05-23 15:08:31+02;1349
2017-05-23 17:00:31+02;1369
2017-05-23 17:15:31+02;1349
2017-05-23 17:43:31+02;1349
2017-05-23 20:42:31+02;1329
2017-05-23 23:00:31+02;1479
2017-05-24 05:35:31+02;1479
2017-05-24 06:53:31+02;1419
2017-05-24 07:14:31+02;1409
2017-05-24 07:47:32+02;1409
2017-05-24 08:26:31+02;1399
2017-05-24 08:50:31+02;1379
2017-05-24 09:59:31+02;1369
2017-05-24 10:20:31+02;1369
2017-05-24 10:23:31+02;1339
2017-05-24 10:29:31+02;1329
2017-05-24 10:50:06+02;1329
2017-05-24 13:01:06+02;1359
2017-05-24 13:41:06+02;1329
2017-05-24 17:00:06+02;1349
2017-05-24 17:45:06+02;1329
2017-05-24 23:01:06+02;1479
2017-05-25 05:25:06+02;1479
2017-05-25 06:32:11+02;1439
2017-05-25 06:59:19+02;1429
2017-05-25 07:03:15+02;1409
2017-05-25 07:44:16+02;1409
2017-05-25 08:11:06+02;1409
2017-05-25 09:17:05+02;1389
2017-05-25 10:29:05+02;1379
2017-05-25 10:40:06+02;1379
2017-05-25 13:01:06+02;1409
2017-05-25 13:38:05+02;1379
2017-05-25 15:59:05+02;1369
2017-05-25 16:29:06+02;1349
2017-05-25 17:00:07+02;1369
2017-05-25 17:42:06+02;1349
2017-05-25 20:41:10+02;1339
2017-05-25 23:00:07+02;1479
2017-05-26 05:25:06+02;1479
2017-05-26 06:32:06+02;1419
2017-05-26 08:20:06+02;1409
2017-05-26 08:22:06+02;1409
2017-05-26 08:42:06+02;1389
2017-05-26 09:50:06+02;1369
2017-05-26 10:11:06+02;1359
2017-05-26 11:59:08+02;1349
2017-05-26 13:01:06+02;1379
2017-05-26 13:44:08+02;1349
2017-05-26 15:11:06+02;1319
2017-05-26 17:00:07+02;1339
2017-05-26 17:41:05+02;1319
2017-05-26 23:00:06+02;1479
2017-05-27 05:37:06+02;1479
2017-05-27 06:54:06+02;1419
2017-05-27 07:26:06+02;1409
2017-05-27 08:29:06+02;1409
2017-05-27 08:50:06+02;1409
2017-05-27 09:11:06+02;1399
2017-05-27 10:11:07+02;1399
2017-05-27 10:20:06+02;1349
2017-05-27 10:29:14+02;1349
2017-05-27 13:01:05+02;1379
2017-05-27 13:38:05+02;1349
2017-05-27 17:00:06+02;1369
2017-05-27 17:41:06+02;1349
2017-05-27 23:00:07+02;1479
2017-05-28 05:26:06+02;1479
2017-05-28 06:35:06+02;1419
2017-05-28 08:20:06+02;1409
2017-05-28 08:50:06+02;1399
2017-05-28 09:08:05+02;1389
2017-05-28 09:38:05+02;1379
2017-05-28 10:50:10+02;1349
2017-05-28 13:01:06+02;1379
2017-05-28 13:41:06+02;1349
2017-05-28 17:00:06+02;1369
2017-05-28 17:44:06+02;1349
2017-05-28 23:00:06+02;1479
2017-05-29 05:27:06+02;1479
2017-05-29 06:31:06+02;1419
2017-05-29 07:00:06+02;1409
2017-05-29 08:17:05+02;1399
2017-05-29 08:41:06+02;1389
2017-05-29 09:08:06+02;1379
2017-05-29 10:41:06+02;1369
2017-05-29 11:59:06+02;1369
2017-05-29 13:01:06+02;1399
2017-05-29 13:38:06+02;1369
2017-05-29 14:41:06+02;1349
2017-05-29 15:11:06+02;1309
2017-05-29 16:22:06+02;1309
2017-05-29 17:00:07+02;1329
2017-05-29 18:08:05+02;1309
2017-05-29 23:00:06+02;1459
2017-05-30 05:36:06+02;1459
2017-05-30 06:53:05+02;1409
2017-05-30 08:29:05+02;1389
2017-05-30 08:56:06+02;1369
2017-05-30 09:59:06+02;1359
2017-05-30 10:56:06+02;1349
2017-05-30 11:50:06+02;1309
2017-05-30 13:01:06+02;1339
2017-05-30 13:56:06+02;1329
2017-05-30 14:47:06+02;1319
2017-05-30 15:08:06+02;1309
2017-05-30 17:01:06+02;1329
2017-05-30 18:16:05+02;1309
2017-05-30 23:01:06+02;1459
2017-05-31 05:28:05+02;1459
2017-05-31 06:33:06+02;1419
2017-05-31 06:56:05+02;1409
2017-05-31 08:32:06+02;1389
2017-05-31 08:41:06+02;1389
2017-05-31 09:11:06+02;1369
2017-05-31 09:59:06+02;1369
2017-05-31 10:41:06+02;1369
2017-05-31 10:59:05+02;1359
2017-05-31 13:01:06+02;1389
2017-05-31 13:42:06+02;1359
2017-05-31 15:11:06+02;1339
2017-05-31 15:50:06+02;1309
2017-05-31 17:01:06+02;1329
2017-05-31 23:01:06+02;1459
2017-06-01 05:37:05+02;1459
2017-06-01 06:50:06+02;1409
2017-06-01 08:41:06+02;1389
2017-06-01 09:09:06+02;1379
2017-06-01 09:11:06+02;1369
2017-06-01 11:29:07+02;1359
2017-06-01 13:01:06+02;1389
2017-06-01 13:10:06+02;1379
2017-06-01 13:29:06+02;1359
2017-06-01 15:09:05+02;1349
2017-06-01 17:02:06+02;1369
2017-06-01 17:16:06+02;1349
2017-06-01 17:43:05+02;1349
2017-06-01 20:42:06+02;1329
2017-06-01 23:01:05+02;1449
2017-06-02 05:28:06+02;1449
2017-06-02 06:38:05+02;1419
2017-06-02 06:56:05+02;1409
2017-06-02 08:14:06+02;1399
2017-06-02 08:41:05+02;1399
2017-06-02 09:11:05+02;1369
2017-06-02 09:56:06+02;1359
2017-06-02 10:30:06+02;1359
2017-06-02 11:39:06+02;1349
2017-06-02 13:01:06+02;1379
2017-06-02 13:44:06+02;1349
2017-06-02 14:55:06+02;1349
2017-06-02 17:01:06+02;1369
2017-06-02 17:16:06+02;1349
2017-06-02 17:44:06+02;1329
2017-06-02 20:42:06+02;1319
2017-06-02 23:01:05+02;1459
2017-06-03 05:36:06+02;1459
2017-06-03 06:48:06+02;1409
2017-06-03 08:41:08+02;1399
2017-06-03 09:11:06+02;1379
2017-06-03 10:59:06+02;1369
2017-06-03 11:11:14+02;1369
2017-06-03 11:38:06+02;1369
2017-06-03 13:01:06+02;1399
2017-06-03 13:44:06+02;1369
2017-06-03 15:59:06+02;1359
2017-06-03 17:01:06+02;1379
2017-06-03 17:50:06+02;1359
2017-06-03 20:50:06+02;1339
2017-06-03 23:01:06+02;1459
2017-06-04 05:30:07+02;1459
2017-06-04 06:31:06+02;1439
2017-06-04 07:08:05+02;1409
2017-06-04 08:29:05+02;1409
2017-06-04 08:56:06+02;1399
2017-06-04 10:49:05+02;1379
2017-06-04 13:01:06+02;1409
2017-06-04 13:41:05+02;1379
2017-06-04 14:41:06+02;1349
2017-06-04 16:29:05+02;1339
2017-06-04 17:00:06+02;1359
2017-06-04 17:50:06+02;1339
2017-06-04 20:42:06+02;1329
2017-06-04 23:02:06+02;1479
2017-06-05 05:36:06+02;1479
2017-06-05 05:42:06+02;1459
2017-06-05 06:57:05+02;1429
2017-06-05 07:05:06+02;1409
2017-06-05 07:49:05+02;1349
2017-06-05 08:45:06+02;1339
2017-06-05 09:10:06+02;1329
2017-06-05 13:01:06+02;1359
2017-06-05 13:41:06+02;1329
2017-06-05 17:00:06+02;1349
2017-06-05 17:41:05+02;1329
2017-06-05 23:01:06+02;1499
2017-06-06 05:25:06+02;1499
2017-06-06 05:47:05+02;1459
2017-06-06 06:35:06+02;1399
2017-06-06 08:22:05+02;1389
2017-06-06 08:34:06+02;1369
2017-06-06 08:44:06+02;1369
2017-06-06 10:13:06+02;1359
2017-06-06 11:53:06+02;1309
2017-06-06 13:01:06+02;1339
2017-06-06 13:47:06+02;1309
2017-06-06 17:00:07+02;1329
2017-06-06 17:44:06+02;1309
2017-06-06 23:00:06+02;1459
2017-06-07 05:50:06+02;1459
2017-06-07 07:05:06+02;1399
2017-06-07 08:50:06+02;1369
2017-06-07 09:56:06+02;1359
2017-06-07 10:47:06+02;1359
2017-06-07 10:57:06+02;1349
2017-06-07 13:01:06+02;1379
2017-06-07 13:44:06+02;1349
2017-06-07 14:36:06+02;1339
2017-06-07 15:02:06+02;1309
2017-06-07 17:00:07+02;1329
2017-06-07 17:50:06+02;1309
2017-06-07 20:45:06+02;1299
2017-06-07 23:00:06+02;1449
2017-06-08 05:37:05+02;1449
2017-06-08 06:43:05+02;1399
2017-06-08 08:44:06+02;1379
2017-06-08 09:13:06+02;1349
2017-06-08 10:25:06+02;1339
2017-06-08 11:31:05+02;1339
2017-06-08 11:55:06+02;1329
2017-06-08 13:00:07+02;1359
2017-06-08 14:44:06+02;1349
2017-06-08 15:13:05+02;1329
2017-06-08 17:00:06+02;1349
2017-06-08 17:46:06+02;1329
2017-06-08 20:50:06+02;1319
2017-06-08 23:00:07+02;1439
2017-06-09 05:27:05+02;1439
2017-06-09 06:36:06+02;1419
2017-06-09 07:25:06+02;1409
2017-06-09 08:29:06+02;1409
2017-06-09 08:52:06+02;1359
2017-06-09 10:25:06+02;1349
2017-06-09 10:43:06+02;1329
2017-06-09 13:01:07+02;1359
2017-06-09 13:44:12+02;1329
2017-06-09 15:56:06+02;1309
2017-06-09 16:26:06+02;1299
2017-06-09 17:00:09+02;1319
2017-06-09 17:50:06+02;1299
2017-06-09 20:50:06+02;1299
2017-06-09 23:00:07+02;1439
2017-06-10 05:36:06+02;1439
2017-06-10 06:36:06+02;1399
2017-06-10 07:04:06+02;1329
2017-06-10 08:48:06+02;1319
2017-06-10 13:01:06+02;1349
2017-06-10 13:50:06+02;1319
2017-06-10 17:00:06+02;1339
2017-06-10 17:42:06+02;1319
2017-06-10 23:00:06+02;1459
2017-06-11 05:26:06+02;1459
2017-06-11 05:50:05+02;1449
2017-06-11 06:35:06+02;1409
2017-06-11 06:54:05+02;1329
2017-06-11 08:48:05+02;1319
2017-06-11 13:01:06+02;1349
2017-06-11 13:44:05+02;1319
2017-06-11 17:00:06+02;1339
2017-06-11 17:44:06+02;1319
2017-06-11 23:01:06+02;1479
2017-06-12 05:26:06+02;1479
2017-06-12 05:48:05+02;1449
2017-06-12 06:44:05+02;1399
2017-06-12 07:00:07+02;1349
2017-06-12 08:47:05+02;1329
2017-06-12 10:45:06+02;1329
2017-06-12 11:25:04+02;1329
2017-06-12 12:02:04+02;1329
2017-06-12 12:39:04+02;1329
2017-06-12 13:01:08+02;1359
2017-06-12 13:41:06+02;1359
2017-06-12 13:46:07+02;1329
2017-06-12 14:47:06+02;1319
2017-06-12 15:15:06+02;1299
2017-06-12 17:01:06+02;1319
2017-06-12 18:07:05+02;1299
2017-06-12 20:50:06+02;1289
2017-06-12 23:01:06+02;1429
2017-06-13 05:28:05+02;1429
2017-06-13 07:13:05+02;1389
2017-06-13 08:45:06+02;1369
2017-06-13 09:14:06+02;1349
2017-06-13 10:14:06+02;1329
2017-06-13 13:01:06+02;1359
2017-06-13 13:38:06+02;1329
2017-06-13 15:02:06+02;1319
2017-06-13 16:26:06+02;1299
2017-06-13 17:01:06+02;1319
2017-06-13 17:47:05+02;1299
2017-06-13 20:50:06+02;1299
2017-06-13 23:01:06+02;1429
2017-06-14 05:27:06+02;1429
2017-06-14 06:37:05+02;1399
2017-06-14 07:04:05+02;1389
2017-06-14 08:04:06+02;1389
2017-06-14 08:36:06+02;1389
2017-06-14 08:53:06+02;1339
2017-06-14 10:05:06+02;1329
2017-06-14 10:35:06+02;1309
2017-06-14 10:53:05+02;1299
2017-06-14 13:01:05+02;1329
2017-06-14 13:48:06+02;1299
2017-06-14 15:03:09+02;1299
2017-06-14 17:01:06+02;1319
2017-06-14 17:48:06+02;1299
2017-06-14 20:45:06+02;1289
2017-06-14 23:01:06+02;1429
2017-06-15 05:36:06+02;1429
2017-06-15 06:33:05+02;1399
2017-06-15 06:54:06+02;1319
2017-06-15 08:48:06+02;1309
2017-06-15 13:01:05+02;1339
2017-06-15 13:47:06+02;1309
2017-06-15 15:02:06+02;1299
2017-06-15 17:01:06+02;1319
2017-06-15 17:06:06+02;1319
2017-06-15 17:39:05+02;1299
2017-06-15 23:01:05+02;1429
2017-06-16 05:28:05+02;1429
2017-06-16 06:28:06+02;1399
2017-06-16 07:07:06+02;1389
2017-06-16 08:48:06+02;1379
2017-06-16 09:05:06+02;1379
2017-06-16 09:14:06+02;1349
2017-06-16 10:23:06+02;1339
2017-06-16 10:56:07+02;1329
2017-06-16 11:53:05+02;1309
2017-06-16 13:01:05+02;1339
2017-06-16 13:50:06+02;1329
2017-06-16 14:47:06+02;1309
2017-06-16 15:14:06+02;1309
2017-06-16 17:01:06+02;1329
2017-06-16 17:48:06+02;1309
2017-06-16 23:01:06+02;1419
2017-06-17 05:28:05+02;1419
2017-06-17 08:58:06+02;1399
2017-06-17 09:21:06+02;1389
2017-06-17 09:58:06+02;1389
2017-06-17 10:23:06+02;1309
2017-06-17 13:01:06+02;1339
2017-06-17 14:00:06+02;1309
2017-06-17 14:35:06+02;1309
2017-06-17 17:01:06+02;1329
2017-06-17 18:09:06+02;1309
2017-06-17 20:50:06+02;1309
2017-06-17 23:01:06+02;1419
2017-06-18 05:27:05+02;1419
2017-06-18 06:14:06+02;1389
2017-06-18 07:14:06+02;1379
2017-06-18 08:13:06+02;1329
2017-06-18 08:48:06+02;1319
2017-06-18 09:44:06+02;1309
2017-06-18 13:01:06+02;1339
2017-06-18 13:45:06+02;1309
2017-06-18 17:00:06+02;1329
2017-06-18 17:05:10+02;1329
2017-06-18 17:45:09+02;1309
2017-06-18 23:00:06+02;1419
2017-06-19 05:27:05+02;1419
2017-06-19 06:18:05+02;1389
2017-06-19 08:29:06+02;1389
2017-06-19 08:35:06+02;1359
2017-06-19 09:02:06+02;1349
2017-06-19 10:25:07+02;1339
2017-06-19 12:27:06+02;1329
2017-06-19 13:01:05+02;1359
2017-06-19 13:49:06+02;1329
2017-06-19 15:05:07+02;1319
2017-06-19 17:00:06+02;1339
2017-06-19 18:04:06+02;1319
2017-06-19 18:47:06+02;1309
2017-06-19 19:56:09+02;1299
2017-06-19 23:00:06+02;1419
2017-06-20 05:37:05+02;1419
2017-06-20 06:44:10+02;1389
2017-06-20 07:25:06+02;1379
2017-06-20 08:29:06+02;1379
2017-06-20 08:40:06+02;1379
2017-06-20 08:56:06+02;1349
2017-06-20 09:58:06+02;1349
2017-06-20 10:17:06+02;1329
2017-06-20 10:28:06+02;1329
2017-06-20 10:50:07+02;1319
2017-06-20 13:00:07+02;1349
2017-06-20 13:44:06+02;1319
2017-06-20 15:04:06+02;1309
2017-06-20 17:00:07+02;1329
2017-06-20 17:40:06+02;1309
2017-06-20 19:47:05+02;1299
2017-06-20 23:00:07+02;1409
2017-06-21 05:26:06+02;1409
2017-06-21 06:30:07+02;1389
2017-06-21 07:05:06+02;1369
2017-06-21 08:09:05+02;1359
2017-06-21 08:26:05+02;1359
2017-06-21 08:38:06+02;1339
2017-06-21 11:08:06+02;1329
2017-06-21 11:35:06+02;1329
2017-06-21 11:38:06+02;1319
2017-06-21 13:01:06+02;1349
2017-06-21 13:44:06+02;1319
2017-06-21 15:06:07+02;1309
2017-06-21 17:00:06+02;1329
2017-06-21 18:07:05+02;1309
2017-06-21 18:47:05+02;1289
2017-06-21 23:01:05+02;1409
2017-06-22 05:25:06+02;1409
2017-06-22 06:18:05+02;1379
2017-06-22 06:57:05+02;1369
2017-06-22 08:38:06+02;1349
2017-06-22 09:55:06+02;1349
2017-06-22 10:57:05+02;1349
2017-06-22 11:07:06+02;1309
2017-06-22 11:17:05+02;1309
2017-06-22 11:29:05+02;1309
2017-06-22 13:01:06+02;1339
2017-06-22 13:40:07+02;1309
2017-06-22 17:00:07+02;1329
2017-06-22 17:42:06+02;1309
2017-06-22 23:00:07+02;1409
2017-06-23 05:26:06+02;1409
2017-06-23 06:28:06+02;1389
2017-06-23 06:59:05+02;1369
2017-06-23 07:32:06+02;1359
2017-06-23 08:43:06+02;1359
2017-06-23 08:55:06+02;1349
2017-06-23 09:18:06+02;1349
2017-06-23 09:37:08+02;1319
2017-06-23 09:46:06+02;1319
2017-06-23 10:58:08+02;1309
2017-06-23 13:01:07+02;1339
2017-06-23 13:50:06+02;1329
2017-06-23 14:42:06+02;1319
2017-06-23 15:10:06+02;1309
2017-06-23 17:00:06+02;1329
2017-06-23 17:18:06+02;1329
2017-06-23 17:51:07+02;1309
2017-06-23 18:59:05+02;1299
2017-06-23 20:35:06+02;1299
2017-06-23 21:05:06+02;1299
2017-06-23 23:01:05+02;1409
2017-06-24 05:35:06+02;1409
2017-06-24 06:45:06+02;1389
2017-06-24 07:11:06+02;1369
2017-06-24 08:41:05+02;1369
2017-06-24 08:44:06+02;1369
2017-06-24 10:38:06+02;1339
2017-06-24 10:47:05+02;1339
2017-06-24 10:59:06+02;1329
2017-06-24 11:00:11+02;1329
2017-06-24 13:01:06+02;1359
2017-06-24 13:44:17+02;1329
2017-06-24 17:00:06+02;1349
2017-06-24 17:06:06+02;1339
2017-06-24 17:15:06+02;1339
2017-06-24 17:44:06+02;1329
2017-06-24 20:52:06+02;1309
2017-06-24 23:01:06+02;1409
2017-06-25 05:18:05+02;1409
2017-06-25 06:21:06+02;1409
2017-06-25 07:11:05+02;1369
2017-06-25 07:40:05+02;1369
2017-06-25 08:40:06+02;1369
2017-06-25 08:52:06+02;1369
2017-06-25 10:13:05+02;1349
2017-06-25 11:37:06+02;1329
2017-06-25 12:08:05+02;1329
2017-06-25 13:00:06+02;1359
2017-06-25 13:46:05+02;1329
2017-06-25 16:25:06+02;1319
2017-06-25 17:00:06+02;1339
2017-06-25 17:05:05+02;1339
2017-06-25 17:46:06+02;1319
2017-06-25 23:00:07+02;1409
2017-06-26 05:26:06+02;1409
2017-06-26 06:29:05+02;1389
2017-06-26 08:19:05+02;1309
2017-06-26 08:51:06+02;1289
2017-06-26 09:07:06+02;1289
2017-06-26 09:17:06+02;1289
2017-06-26 11:56:06+02;1279
2017-06-26 13:01:06+02;1309
2017-06-26 13:43:06+02;1309
2017-06-26 14:38:06+02;1299
2017-06-26 15:05:06+02;1289
2017-06-26 17:00:07+02;1309
2017-06-26 17:51:06+02;1289
2017-06-26 23:00:07+02;1409
2017-06-27 05:36:06+02;1409
2017-06-27 06:39:06+02;1369
2017-06-27 08:23:05+02;1369
2017-06-27 08:37:06+02;1339
2017-06-27 09:55:06+02;1329
2017-06-27 10:07:06+02;1329
2017-06-27 10:25:07+02;1319
2017-06-27 11:47:09+02;1289
2017-06-27 13:01:06+02;1319
2017-06-27 13:23:06+02;1289
2017-06-27 17:00:08+02;1309
2017-06-27 17:47:05+02;1289
2017-06-27 23:00:06+02;1419
2017-06-28 09:10:06+02;1359
2017-06-28 10:00:07+02;1339
2017-06-28 10:55:11+02;1329
2017-06-28 11:18:06+02;1309
2017-06-28 13:01:14+02;1339
2017-06-28 13:43:06+02;1309
2017-06-28 15:24:06+02;1299
2017-06-28 17:00:09+02;1319
2017-06-28 17:44:06+02;1299
2017-06-28 23:00:06+02;1419
2017-06-29 05:37:05+02;1419
2017-06-29 06:44:05+02;1369
2017-06-29 07:02:05+02;1359
2017-06-29 07:21:05+02;1359
2017-06-29 07:48:06+02;1349
2017-06-29 08:11:06+02;1349
2017-06-29 08:38:06+02;1339
2017-06-29 09:04:06+02;1329
2017-06-29 10:47:06+02;1319
2017-06-29 13:01:06+02;1349
2017-06-29 13:44:06+02;1319
2017-06-29 15:05:06+02;1309
2017-06-29 15:59:06+02;1289
2017-06-29 17:00:07+02;1309
2017-06-29 17:44:06+02;1289
2017-06-29 20:52:11+02;1289
2017-06-29 23:00:07+02;1419
2017-06-30 05:41:05+02;1419
2017-06-30 06:44:06+02;1379
2017-06-30 07:09:06+02;1359
2017-06-30 07:38:06+02;1359
2017-06-30 08:22:05+02;1349
2017-06-30 08:50:07+02;1349
2017-06-30 09:19:06+02;1339
2017-06-30 09:58:06+02;1329
2017-06-30 11:50:06+02;1319
2017-06-30 13:00:07+02;1349
2017-06-30 13:09:07+02;1349
2017-06-30 13:25:07+02;1319
2017-06-30 15:58:06+02;1299
2017-06-30 17:00:07+02;1319
2017-06-30 17:41:06+02;1299
2017-06-30 20:05:06+02;1299
2017-06-30 20:35:06+02;1279
2017-06-30 23:01:07+02;1419
2017-07-01 05:26:05+02;1419
2017-07-01 06:29:05+02;1379
2017-07-01 06:53:05+02;1369
2017-07-01 07:23:06+02;1369
2017-07-01 08:26:06+02;1369
2017-07-01 08:50:07+02;1359
2017-07-01 10:18:06+02;1339
2017-07-01 13:01:06+02;1369
2017-07-01 13:46:06+02;1339
2017-07-01 15:05:06+02;1339
2017-07-01 15:57:18+02;1329
2017-07-01 17:00:06+02;1349
2017-07-01 17:05:06+02;1329
2017-07-01 17:45:06+02;1329
2017-07-01 20:38:05+02;1299
2017-07-01 23:00:06+02;1439
2017-07-02 05:35:06+02;1439
2017-07-02 05:54:06+02;1429
2017-07-02 06:41:06+02;1389
2017-07-02 07:05:05+02;1369
2017-07-02 07:32:06+02;1369
2017-07-02 08:56:06+02;1369
2017-07-02 09:16:06+02;1359
2017-07-02 09:55:06+02;1349
2017-07-02 11:38:06+02;1339
2017-07-02 13:01:06+02;1369
2017-07-02 14:50:06+02;1329
2017-07-02 15:56:06+02;1319
2017-07-02 16:26:06+02;1309
2017-07-02 17:00:06+02;1329
2017-07-02 17:44:05+02;1319
2017-07-02 17:56:06+02;1309
2017-07-02 23:00:07+02;1459
2017-07-03 05:35:06+02;1459
2017-07-03 05:51:05+02;1429
2017-07-03 06:46:06+02;1379
2017-07-03 07:04:06+02;1369
2017-07-03 07:51:06+02;1369
2017-07-03 08:38:05+02;1349
2017-07-03 08:56:06+02;1309
2017-07-03 11:08:06+02;1299
2017-07-03 13:01:07+02;1329
2017-07-03 13:37:06+02;1299
2017-07-03 15:22:07+02;1289
2017-07-03 17:00:07+02;1309
2017-07-03 17:47:06+02;1289
2017-07-03 20:51:06+02;1279
2017-07-03 23:00:06+02;1419
2017-07-04 05:22:06+02;1419
2017-07-04 06:29:05+02;1389
2017-07-04 06:58:28+02;1369
2017-07-04 07:33:17+02;1369
2017-07-04 08:51:06+02;1369
2017-07-04 09:02:06+02;1349
2017-07-04 09:42:06+02;1349
2017-07-04 10:21:06+02;1339
2017-07-04 10:50:06+02;1319
2017-07-04 11:00:07+02;1319
2017-07-04 11:59:06+02;1309
2017-07-04 13:01:07+02;1339
2017-07-04 13:41:06+02;1309
2017-07-04 14:53:06+02;1309
2017-07-04 15:54:06+02;1289
2017-07-04 17:00:07+02;1309
2017-07-04 17:48:06+02;1289
2017-07-04 20:52:06+02;1279
2017-07-04 23:00:07+02;1429
2017-07-05 05:23:05+02;1429
2017-07-05 06:33:05+02;1389
2017-07-05 07:08:06+02;1379
2017-07-05 07:33:06+02;1379
2017-07-05 07:39:05+02;1369
2017-07-05 08:43:06+02;1369
2017-07-05 08:53:06+02;1349
2017-07-05 10:32:06+02;1339
2017-07-05 10:40:07+02;1339
2017-07-05 11:04:06+02;1329
2017-07-05 11:23:06+02;1309
2017-07-05 11:53:06+02;1309
2017-07-05 13:01:05+02;1339
2017-07-05 13:36:06+02;1309
2017-07-05 15:13:06+02;1299
2017-07-05 15:32:06+02;1299
2017-07-05 17:00:07+02;1319
2017-07-05 17:43:06+02;1299
2017-07-05 20:52:05+02;1279
2017-07-05 23:00:06+02;1429
2017-07-06 05:23:05+02;1429
2017-07-06 07:12:05+02;1389
2017-07-06 07:49:06+02;1389
2017-07-06 08:38:06+02;1379
2017-07-06 09:17:06+02;1359
2017-07-06 09:36:07+02;1349
2017-07-06 09:54:06+02;1339
2017-07-06 11:35:06+02;1329
2017-07-06 11:53:06+02;1329
2017-07-06 13:01:06+02;1359
2017-07-06 13:35:07+02;1329
2017-07-06 15:14:07+02;1319
2017-07-06 16:23:07+02;1299
2017-07-06 17:00:07+02;1319
2017-07-06 17:51:06+02;1299
2017-07-06 20:47:05+02;1289
2017-07-06 23:00:07+02;1429
2017-07-07 05:20:10+02;1429
2017-07-07 06:38:06+02;1389
2017-07-07 06:48:06+02;1379
2017-07-07 07:24:06+02;1379
2017-07-07 08:28:06+02;1379
2017-07-07 08:36:16+02;1359
2017-07-07 10:06:06+02;1309
2017-07-07 11:45:06+02;1309
2017-07-07 11:56:06+02;1299
2017-07-07 13:01:06+02;1329
2017-07-07 13:36:06+02;1299
2017-07-07 14:57:06+02;1289
2017-07-07 17:00:07+02;1309
2017-07-07 17:50:07+02;1289
2017-07-07 20:51:05+02;1269
2017-07-07 23:00:07+02;1429
2017-07-08 05:22:06+02;1429
2017-07-08 06:38:06+02;1379
2017-07-08 06:55:06+02;1369
2017-07-08 08:41:06+02;1369
2017-07-08 08:49:07+02;1359
2017-07-08 10:05:06+02;1349
2017-07-08 10:36:06+02;1349
2017-07-08 11:03:25+02;1349
2017-07-08 11:12:06+02;1349
2017-07-08 11:41:06+02;1339
2017-07-08 13:01:06+02;1369
2017-07-08 13:37:06+02;1339
2017-07-08 15:02:06+02;1319
2017-07-08 15:53:05+02;1319
2017-07-08 16:06:06+02;1309
2017-07-08 16:10:06+02;1309
2017-07-08 17:00:06+02;1329
2017-07-08 17:44:06+02;1309
2017-07-08 20:53:05+02;1289
2017-07-08 23:01:06+02;1449
2017-07-09 05:22:05+02;1449
2017-07-09 05:50:06+02;1439
2017-07-09 06:40:06+02;1389
2017-07-09 07:18:05+02;1379
2017-07-09 08:36:06+02;1379
2017-07-09 08:59:05+02;1369
2017-07-09 10:26:06+02;1359
2017-07-09 10:44:05+02;1359
2017-07-09 10:59:05+02;1359
2017-07-09 11:11:06+02;1349
2017-07-09 13:01:07+02;1379
2017-07-09 13:36:06+02;1349
2017-07-09 14:44:06+02;1339
2017-07-09 16:23:05+02;1329
2017-07-09 17:00:06+02;1349
2017-07-09 17:06:06+02;1339
2017-07-09 17:44:05+02;1329
2017-07-09 20:52:06+02;1319
2017-07-09 23:00:06+02;1469
2017-07-10 05:20:06+02;1469
2017-07-10 05:47:06+02;1439
2017-07-10 06:34:05+02;1389
2017-07-10 06:52:06+02;1379
2017-07-10 07:23:05+02;1379
2017-07-10 08:23:06+02;1369
2017-07-10 08:44:06+02;1369
2017-07-10 08:51:06+02;1359
2017-07-10 09:14:06+02;1359
2017-07-10 09:52:06+02;1299
2017-07-10 10:22:06+02;1289
2017-07-10 13:01:06+02;1319
2017-07-10 13:36:06+02;1289
2017-07-10 15:14:06+02;1279
2017-07-10 17:00:07+02;1299
2017-07-10 17:48:06+02;1279
2017-07-10 23:00:07+02;1419
2017-07-11 05:22:06+02;1419
2017-07-11 06:30:06+02;1389
2017-07-11 06:48:05+02;1379
2017-07-11 07:19:05+02;1379
2017-07-11 08:52:06+02;1369
2017-07-11 09:00:06+02;1359
2017-07-11 09:23:06+02;1359
2017-07-11 09:47:06+02;1339
2017-07-11 10:14:13+02;1329
2017-07-11 10:34:06+02;1319
2017-07-11 13:01:06+02;1349
2017-07-11 13:36:06+02;1319
2017-07-11 17:00:07+02;1339
2017-07-11 17:28:06+02;1339
2017-07-11 17:43:06+02;1319
2017-07-11 20:08:06+02;1309
2017-07-11 20:43:06+02;1289
2017-07-11 23:00:06+02;1419
2017-07-12 05:21:06+02;1419
2017-07-12 06:36:06+02;1389
2017-07-12 06:56:06+02;1369
2017-07-12 07:23:05+02;1369
2017-07-12 08:43:06+02;1359
2017-07-12 09:21:06+02;1329
2017-07-12 10:08:06+02;1329
2017-07-12 10:29:06+02;1319
2017-07-12 13:00:11+02;1349
2017-07-12 13:36:06+02;1319
2017-07-12 14:54:06+02;1309
2017-07-12 16:20:31+02;1309
2017-07-12 17:01:06+02;1329
2017-07-12 17:06:07+02;1309
2017-07-12 17:44:06+02;1309
2017-07-12 20:43:06+02;1279
2017-07-12 23:01:10+02;1429
2017-07-13 05:21:06+02;1429
2017-07-13 06:30:07+02;1379
2017-07-13 06:50:06+02;1369
2017-07-13 07:33:06+02;1369
2017-07-13 08:44:06+02;1369
2017-07-13 08:58:06+02;1349
2017-07-13 09:21:06+02;1329
2017-07-13 10:50:06+02;1319
2017-07-13 13:00:06+02;1349
2017-07-13 13:35:06+02;1319
2017-07-13 15:07:06+02;1309
2017-07-13 17:00:07+02;1329
2017-07-13 17:05:06+02;1329
2017-07-13 17:37:05+02;1309
2017-07-13 18:59:05+02;1299
2017-07-13 20:43:05+02;1279
2017-07-13 23:00:06+02;1429
2017-07-14 05:21:06+02;1429
2017-07-14 06:35:06+02;1379
2017-07-14 07:12:06+02;1369
2017-07-14 07:36:06+02;1369
2017-07-14 08:43:05+02;1359
2017-07-14 09:10:06+02;1339
2017-07-14 10:40:06+02;1339
2017-07-14 10:58:06+02;1329
2017-07-14 11:10:06+02;1329
2017-07-14 13:00:06+02;1359
2017-07-14 13:35:06+02;1329
2017-07-14 15:10:06+02;1319
2017-07-14 15:58:06+02;1319
2017-07-14 17:00:06+02;1339
2017-07-14 17:05:06+02;1319
2017-07-14 17:49:19+02;1319
2017-07-14 18:49:05+02;1299
2017-07-14 20:41:05+02;1279
2017-07-14 21:47:05+02;1279
2017-07-14 23:00:06+02;1429
2017-07-15 05:22:06+02;1429
2017-07-15 06:30:07+02;1389
2017-07-15 06:57:05+02;1369
2017-07-15 07:17:06+02;1369
2017-07-15 08:50:06+02;1369
2017-07-15 09:30:08+02;1369
2017-07-15 09:59:06+02;1359
2017-07-15 10:17:05+02;1359
2017-07-15 10:29:05+02;1339
2017-07-15 13:01:06+02;1369
2017-07-15 13:26:06+02;1339
2017-07-15 13:53:05+02;1339
2017-07-15 14:51:06+02;1319
2017-07-15 17:00:21+02;1339
2017-07-15 17:06:07+02;1329
2017-07-15 17:27:06+02;1329
2017-07-15 17:56:14+02;1319
2017-07-15 18:17:05+02;1319
2017-07-15 18:28:30+02;1309
2017-07-15 19:41:06+02;1299
2017-07-15 19:53:06+02;1289
2017-07-15 21:08:06+02;1279
2017-07-15 23:00:07+02;1429
2017-07-16 05:21:06+02;1429
2017-07-16 06:33:06+02;1389
2017-07-16 06:53:05+02;1369
2017-07-16 07:21:06+02;1369
2017-07-16 09:04:06+02;1369
2017-07-16 10:22:06+02;1349
2017-07-16 11:59:05+02;1349
2017-07-16 13:01:06+02;1379
2017-07-16 13:38:05+02;1349
2017-07-16 14:42:06+02;1329
2017-07-16 17:00:06+02;1349
2017-07-16 17:06:06+02;1329
2017-07-16 17:45:06+02;1329
2017-07-16 17:57:06+02;1329
2017-07-16 20:42:06+02;1309
2017-07-16 23:00:06+02;1429
2017-07-17 05:21:06+02;1429
2017-07-17 06:33:06+02;1399
2017-07-17 06:54:06+02;1369
2017-07-17 07:16:06+02;1369
2017-07-17 08:29:06+02;1359
2017-07-17 08:59:06+02;1349
2017-07-17 09:08:06+02;1349
2017-07-17 09:21:06+02;1329
2017-07-17 09:39:05+02;1329
2017-07-17 09:41:06+02;1329
2017-07-17 10:42:07+02;1319
2017-07-17 11:50:06+02;1319
2017-07-17 13:01:06+02;1349
2017-07-17 13:37:05+02;1319
2017-07-17 17:00:07+02;1339
2017-07-17 17:06:06+02;1309
2017-07-17 17:45:07+02;1309
2017-07-17 20:43:06+02;1289
2017-07-17 23:00:07+02;1429
2017-07-18 05:20:06+02;1429
2017-07-18 05:44:06+02;1309
2017-07-18 08:41:07+02;1289
2017-07-18 13:01:06+02;1319
2017-07-18 13:36:06+02;1289
2017-07-18 17:00:06+02;1309
2017-07-18 17:48:06+02;1289
2017-07-18 23:00:07+02;1429
2017-07-19 05:23:05+02;1429
2017-07-19 05:45:06+02;1309
2017-07-19 08:42:07+02;1289
2017-07-19 13:01:06+02;1319
2017-07-19 13:38:06+02;1289
2017-07-19 17:00:07+02;1309
2017-07-19 17:42:06+02;1289
2017-07-19 23:00:06+02;1429
2017-07-20 05:26:06+02;1429
2017-07-20 06:52:06+02;1369
2017-07-20 07:24:24+02;1369
2017-07-20 08:58:06+02;1349
2017-07-20 10:41:06+02;1349
2017-07-20 13:01:06+02;1379
2017-07-20 13:36:06+02;1349
2017-07-20 15:09:06+02;1339
2017-07-20 17:00:06+02;1359
2017-07-20 17:55:06+02;1339
2017-07-20 23:00:07+02;1439
2017-07-21 05:24:06+02;1439
2017-07-21 07:13:06+02;1369
2017-07-21 07:42:06+02;1369
2017-07-21 08:12:05+02;1359
2017-07-21 08:26:06+02;1359
2017-07-21 08:28:06+02;1349
2017-07-21 08:46:06+02;1349
2017-07-21 09:47:05+02;1339
2017-07-21 10:53:06+02;1329
2017-07-21 11:07:06+02;1319
2017-07-21 12:08:05+02;1309
2017-07-21 13:01:06+02;1339
2017-07-21 13:24:06+02;1299
2017-07-21 17:00:06+02;1319
2017-07-21 17:29:06+02;1299
2017-07-21 19:03:06+02;1299
2017-07-21 23:00:16+02;1439
2017-07-22 02:20:07+02;1439
2017-07-22 09:57:06+02;1439
2017-07-22 10:25:06+02;1369
2017-07-22 11:06:06+02;1369
2017-07-22 12:14:05+02;1369
2017-07-22 13:01:06+02;1399
2017-07-22 13:36:06+02;1369
2017-07-22 17:00:06+02;1389
2017-07-22 17:27:06+02;1369
2017-07-22 19:26:06+02;1369
2017-07-22 23:00:06+02;1439
2017-07-23 05:22:06+02;1439
2017-07-23 07:13:05+02;1439
2017-07-23 09:11:06+02;1369
2017-07-23 09:30:07+02;1369
2017-07-23 11:22:06+02;1369
2017-07-23 13:01:06+02;1399
2017-07-23 13:37:05+02;1369
2017-07-23 17:00:07+02;1389
2017-07-23 17:23:06+02;1369
2017-07-23 23:00:07+02;1439
2017-07-24 05:24:06+02;1439
2017-07-24 07:15:06+02;1439
2017-07-24 08:24:06+02;1359
2017-07-24 08:57:06+02;1359
2017-07-24 10:49:07+02;1359
2017-07-24 11:39:06+02;1359
2017-07-24 13:01:06+02;1389
2017-07-24 13:39:06+02;1359
2017-07-24 17:00:07+02;1379
2017-07-24 17:05:06+02;1379
2017-07-24 17:23:06+02;1359
2017-07-24 19:14:06+02;1359
2017-07-24 23:00:09+02;1429
2017-07-25 05:21:06+02;1429
2017-07-25 06:48:06+02;1379
2017-07-25 07:26:06+02;1379
2017-07-25 09:11:06+02;1359
2017-07-25 11:28:06+02;1359
2017-07-25 13:02:06+02;1389
2017-07-25 13:37:06+02;1339
2017-07-25 17:00:07+02;1359
2017-07-25 17:48:06+02;1339
2017-07-25 18:47:06+02;1339
2017-07-25 23:00:07+02;1419
2017-07-26 05:20:06+02;1419
2017-07-26 07:06:06+02;1379
2017-07-26 07:45:06+02;1379
2017-07-26 08:14:06+02;1369
2017-07-26 08:43:05+02;1369
2017-07-26 09:14:06+02;1359
2017-07-26 09:45:06+02;1349
2017-07-26 10:30:07+02;1349
2017-07-26 11:13:05+02;1339
2017-07-26 11:42:06+02;1339
2017-07-26 13:01:06+02;1369
2017-07-26 13:26:06+02;1339
2017-07-26 14:54:06+02;1329
2017-07-26 17:00:07+02;1349
2017-07-26 17:21:06+02;1349
2017-07-26 17:45:07+02;1329
2017-07-26 23:00:07+02;1419
2017-07-27 05:20:06+02;1419
2017-07-27 06:52:05+02;1379
2017-07-27 07:23:05+02;1379
2017-07-27 09:04:06+02;1369
2017-07-27 09:08:06+02;1359
2017-07-27 10:24:06+02;1349
2017-07-27 10:26:06+02;1349
2017-07-27 11:30:08+02;1349
2017-07-27 13:01:06+02;1379
2017-07-27 13:35:08+02;1349
2017-07-27 16:30:07+02;1349
2017-07-27 17:00:12+02;1369
2017-07-27 17:22:20+02;1349
2017-07-27 23:00:08+02;1429
2017-07-28 05:19:06+02;1429
2017-07-28 06:44:06+02;1379
2017-07-28 07:16:06+02;1379
2017-07-28 08:14:06+02;1369
2017-07-28 08:49:06+02;1359
2017-07-28 10:23:06+02;1349
2017-07-28 10:30:09+02;1349
2017-07-28 11:44:08+02;1349
2017-07-28 12:01:12+02;1349
2017-07-28 12:30:13+02;1339
2017-07-28 13:01:06+02;1369
2017-07-28 13:06:05+02;1359
2017-07-28 13:11:05+02;1329
2017-07-28 17:00:06+02;1349
2017-07-28 17:06:06+02;1349
2017-07-28 17:41:05+02;1329
2017-07-28 23:00:06+02;1439
2017-07-29 05:18:05+02;1439
2017-07-29 07:13:05+02;1379
2017-07-29 09:14:06+02;1379
2017-07-29 09:56:06+02;1359
2017-07-29 11:01:06+02;1359
2017-07-29 12:12:05+02;1359
2017-07-29 13:01:06+02;1389
2017-07-29 13:34:06+02;1359
2017-07-29 17:15:06+02;1379
2017-07-29 17:47:05+02;1359
2017-07-29 23:00:06+02;1459
2017-07-30 06:09:05+02;1449
2017-07-30 07:12:06+02;1379
2017-07-30 07:33:05+02;1379
2017-07-30 08:24:16+02;1379
2017-07-30 10:03:06+02;1369
2017-07-30 12:05:06+02;1369
2017-07-30 13:01:05+02;1399
2017-07-30 13:09:05+02;1339
2017-07-30 17:00:06+02;1359
2017-07-30 17:28:05+02;1339
2017-07-30 23:00:07+02;1479
2017-07-31 05:18:05+02;1479
2017-07-31 06:13:05+02;1449
2017-07-31 07:15:06+02;1379
2017-07-31 07:31:05+02;1379
2017-07-31 08:12:05+02;1369
2017-07-31 08:25:06+02;1369
2017-07-31 08:46:06+02;1359
2017-07-31 09:45:06+02;1349
2017-07-31 10:26:06+02;1339
2017-07-31 10:31:06+02;1339
2017-07-31 10:53:06+02;1339
2017-07-31 11:06:06+02;1329
2017-07-31 12:05:06+02;1319
2017-07-31 13:01:06+02;1349
2017-07-31 13:45:06+02;1319
2017-07-31 15:10:06+02;1319
2017-07-31 17:01:06+02;1339
2017-07-31 17:43:06+02;1319
2017-07-31 17:58:06+02;1319
2017-07-31 23:00:06+02;1439
2017-08-01 05:42:06+02;1439
2017-08-01 06:54:06+02;1389
2017-08-01 07:24:05+02;1389
2017-08-01 08:34:05+02;1389
2017-08-01 08:55:06+02;1369
2017-08-01 10:25:06+02;1369
2017-08-01 11:00:06+02;1369
2017-08-01 11:51:06+02;1349
2017-08-01 13:01:06+02;1379
2017-08-01 13:06:06+02;1369
2017-08-01 13:26:06+02;1349
2017-08-01 17:00:06+02;1369
2017-08-01 18:14:06+02;1349
2017-08-01 19:12:06+02;1349
2017-08-01 23:00:06+02;1449
2017-08-02 05:19:05+02;1449
2017-08-02 07:11:06+02;1369
2017-08-02 07:33:06+02;1369
2017-08-02 09:14:05+02;1339
2017-08-02 11:05:05+02;1329
2017-08-02 11:11:05+02;1329
2017-08-02 13:01:07+02;1359
2017-08-02 13:06:06+02;1349
2017-08-02 13:45:07+02;1319
2017-08-02 17:00:06+02;1339
2017-08-02 17:42:06+02;1319
2017-08-02 23:00:06+02;1449
2017-08-03 05:34:06+02;1449
2017-08-03 06:12:06+02;1319
2017-08-03 13:01:06+02;1349
2017-08-03 13:21:06+02;1319
2017-08-03 17:01:06+02;1339
2017-08-03 17:30:09+02;1319
2017-08-03 23:00:07+02;1449
2017-08-04 05:23:06+02;1449
2017-08-04 06:51:06+02;1389
2017-08-04 07:20:06+02;1389
2017-08-04 07:52:06+02;1369
2017-08-04 08:10:06+02;1369
2017-08-04 08:23:05+02;1369
2017-08-04 09:23:06+02;1349
2017-08-04 10:39:06+02;1349
2017-08-04 11:30:08+02;1339
2017-08-04 11:53:06+02;1339
2017-08-04 11:59:27+02;1329
2017-08-04 13:01:05+02;1359
2017-08-04 13:35:06+02;1329
2017-08-04 16:29:07+02;1319
2017-08-04 17:00:07+02;1339
2017-08-04 17:44:06+02;1319
2017-08-04 18:51:06+02;1319
2017-08-04 23:00:06+02;1449
2017-08-05 05:22:06+02;1449
2017-08-05 06:51:05+02;1389
2017-08-05 07:23:06+02;1389
2017-08-05 09:15:10+02;1349
2017-08-05 10:54:06+02;1349
2017-08-05 13:01:19+02;1379
2017-08-05 13:36:06+02;1349
2017-08-05 17:00:06+02;1369
2017-08-05 17:07:06+02;1369
2017-08-05 17:22:06+02;1349
2017-08-05 17:48:05+02;1329
2017-08-05 19:11:06+02;1329
2017-08-05 23:00:06+02;1449
2017-08-06 05:20:06+02;1449
2017-08-06 06:48:05+02;1389
2017-08-06 07:20:06+02;1389
2017-08-06 08:50:06+02;1369
2017-08-06 09:18:05+02;1369
2017-08-06 11:57:05+02;1369
2017-08-06 12:14:05+02;1339
2017-08-06 13:01:06+02;1369
2017-08-06 13:35:05+02;1339
2017-08-06 14:33:05+02;1329
2017-08-06 14:39:05+02;1329
2017-08-06 14:51:05+02;1319
2017-08-06 15:50:06+02;1309
2017-08-06 17:00:06+02;1329
2017-08-06 17:41:06+02;1309
2017-08-06 23:00:07+02;1449
2017-08-07 05:32:06+02;1449
2017-08-07 07:06:11+02;1389
2017-08-07 07:33:06+02;1389
2017-08-07 08:44:06+02;1369
2017-08-07 09:23:06+02;1359
2017-08-07 10:24:05+02;1349
2017-08-07 10:36:05+02;1349
2017-08-07 10:45:06+02;1339
2017-08-07 11:54:05+02;1329
2017-08-07 13:01:06+02;1359
2017-08-07 13:39:05+02;1329
2017-08-07 16:11:06+02;1319
2017-08-07 17:00:06+02;1339
2017-08-07 17:22:06+02;1319
2017-08-07 18:09:06+02;1309
2017-08-07 19:06:06+02;1299
2017-08-07 23:00:06+02;1439
2017-08-08 05:21:06+02;1439
2017-08-08 07:10:06+02;1389
2017-08-08 07:38:05+02;1389
2017-08-08 08:47:05+02;1369
2017-08-08 09:10:06+02;1369
2017-08-08 12:08:05+02;1369
2017-08-08 13:01:06+02;1399
2017-08-08 13:23:06+02;1369
2017-08-08 15:02:06+02;1349
2017-08-08 17:00:07+02;1369
2017-08-08 17:34:06+02;1349
2017-08-08 18:50:06+02;1329
2017-08-08 23:00:06+02;1439
2017-08-09 05:20:06+02;1439
2017-08-09 07:09:06+02;1389
2017-08-09 07:44:06+02;1389
2017-08-09 08:34:05+02;1369
2017-08-09 08:57:05+02;1369
2017-08-09 09:14:05+02;1359
2017-08-09 10:50:06+02;1359
2017-08-09 11:17:06+02;1349
2017-08-09 11:59:05+02;1349
2017-08-09 13:01:06+02;1379
2017-08-09 13:29:06+02;1349
2017-08-09 17:00:06+02;1369
2017-08-09 17:14:05+02;1369
2017-08-09 17:47:06+02;1349
2017-08-09 18:52:06+02;1329
2017-08-09 23:00:06+02;1439
2017-08-10 05:20:08+02;1439
2017-08-10 07:05:10+02;1389
2017-08-10 07:17:06+02;1389
2017-08-10 08:56:06+02;1359
2017-08-10 09:14:05+02;1359
2017-08-10 09:39:06+02;1359
2017-08-10 10:52:12+02;1349
2017-08-10 11:59:06+02;1349
2017-08-10 13:00:06+02;1379
2017-08-10 13:36:06+02;1349
2017-08-10 14:04:06+02;1339
2017-08-10 15:05:06+02;1329
2017-08-10 15:26:06+02;1319
2017-08-10 17:00:07+02;1339
2017-08-10 17:21:06+02;1319
2017-08-10 18:50:06+02;1309
2017-08-10 23:00:06+02;1439
2017-08-11 05:21:06+02;1439
2017-08-11 06:53:05+02;1389
2017-08-11 07:29:05+02;1389
2017-08-11 08:57:06+02;1369
2017-08-11 09:14:05+02;1369
2017-08-11 10:48:06+02;1369
2017-08-11 11:49:06+02;1369
2017-08-11 13:01:06+02;1399
2017-08-11 13:35:05+02;1369
2017-08-11 17:00:07+02;1389
2017-08-11 17:21:09+02;1369
2017-08-11 17:35:06+02;1349
2017-08-11 23:00:21+02;1449
2017-08-12 05:21:05+02;1449
2017-08-12 07:09:05+02;1389
2017-08-12 07:34:05+02;1389
2017-08-12 08:39:05+02;1389
2017-08-12 09:04:05+02;1379
2017-08-12 09:12:05+02;1369
2017-08-12 09:44:05+02;1369
2017-08-12 09:49:05+02;1359
2017-08-12 11:09:06+02;1339
2017-08-12 11:23:05+02;1339
2017-08-12 11:41:05+02;1339
2017-08-12 13:01:06+02;1369
2017-08-12 13:35:06+02;1339
2017-08-12 17:00:06+02;1359
2017-08-12 17:41:05+02;1339
2017-08-12 19:15:06+02;1339
2017-08-12 23:00:06+02;1469
2017-08-13 05:20:06+02;1469
2017-08-13 06:04:05+02;1459
2017-08-13 06:54:05+02;1369
2017-08-13 07:27:06+02;1369
2017-08-13 09:11:05+02;1359
2017-08-13 11:29:05+02;1349
2017-08-13 13:01:06+02;1379
2017-08-13 13:36:05+02;1349
2017-08-13 13:56:05+02;1339
2017-08-13 15:05:06+02;1329
2017-08-13 15:24:05+02;1319
2017-08-13 16:29:05+02;1309
2017-08-13 17:00:06+02;1329
2017-08-13 17:08:05+02;1319
2017-08-13 17:41:05+02;1309
2017-08-13 18:27:05+02;1299
2017-08-13 19:05:06+02;1289
2017-08-13 23:01:06+02;1489
2017-08-14 05:22:05+02;1489
2017-08-14 05:59:05+02;1459
2017-08-14 07:29:05+02;1389
2017-08-14 08:27:06+02;1379
2017-08-14 08:52:05+02;1369
2017-08-14 09:11:06+02;1369
2017-08-14 10:35:05+02;1369
2017-08-14 13:01:06+02;1399
2017-08-14 13:08:06+02;1369
2017-08-14 17:01:06+02;1389
2017-08-14 17:41:06+02;1369
2017-08-14 23:01:06+02;1439
2017-08-15 05:21:05+02;1439
2017-08-15 07:18:06+02;1379
2017-08-15 08:41:06+02;1339
2017-08-15 08:57:06+02;1339
2017-08-15 09:02:06+02;1329
2017-08-15 11:19:06+02;1329
2017-08-15 13:01:05+02;1359
2017-08-15 13:37:06+02;1329
2017-08-15 17:01:06+02;1369
2017-08-15 17:20:06+02;1349
2017-08-15 17:55:06+02;1329
2017-08-15 23:01:06+02;1439
2017-08-16 05:21:05+02;1439
2017-08-16 07:23:06+02;1379
2017-08-16 07:56:06+02;1369
2017-08-16 08:26:06+02;1369
2017-08-16 10:33:06+02;1369
2017-08-16 11:30:07+02;1369
2017-08-16 13:01:06+02;1399
2017-08-16 13:09:06+02;1399
2017-08-16 13:44:06+02;1369
2017-08-16 17:01:06+02;1389
2017-08-16 17:14:06+02;1389
2017-08-16 17:54:06+02;1369
2017-08-16 23:01:06+02;1439
2017-08-17 05:20:06+02;1439
2017-08-17 07:41:05+02;1379
2017-08-17 08:39:06+02;1379
2017-08-17 08:52:06+02;1359
2017-08-17 09:14:06+02;1349
2017-08-17 10:50:06+02;1349
2017-08-17 11:48:05+02;1349
2017-08-17 13:01:08+02;1379
2017-08-17 13:41:06+02;1349
2017-08-17 17:01:10+02;1369
2017-08-17 18:18:09+02;1349
2017-08-17 18:45:09+02;1329
2017-08-17 23:01:07+02;1439
2017-08-18 05:27:08+02;1439
2017-08-18 07:29:08+02;1379
2017-08-18 08:26:08+02;1379
2017-08-18 09:06:10+02;1349
2017-08-18 09:11:09+02;1349
2017-08-18 11:12:13+02;1349
2017-08-18 11:50:10+02;1349
2017-08-18 13:01:11+02;1379
2017-08-18 13:38:11+02;1349
2017-08-18 17:01:11+02;1369
2017-08-18 18:21:14+02;1349
2017-08-18 18:23:12+02;1329
2017-08-18 19:29:09+02;1309
2017-08-18 23:01:08+02;1439
2017-08-19 05:20:08+02;1439
2017-08-19 11:20:11+02;1339
2017-08-19 13:01:09+02;1369
2017-08-19 13:08:08+02;1359
2017-08-19 13:23:09+02;1339
2017-08-19 16:24:09+02;1329
2017-08-19 17:01:07+02;1349
2017-08-19 17:50:11+02;1329
2017-08-19 23:01:09+02;1439
2017-08-20 05:19:09+02;1439
2017-08-20 06:11:08+02;1339
2017-08-20 10:08:09+02;1329
2017-08-20 13:00:14+02;1359
2017-08-20 13:39:10+02;1329
2017-08-20 17:00:13+02;1349
2017-08-20 18:25:11+02;1329
2017-08-20 23:00:12+02;1439
2017-08-21 05:25:08+02;1439
2017-08-21 07:47:07+02;1379
2017-08-21 08:25:14+02;1359
2017-08-21 08:50:08+02;1349
2017-08-21 09:03:19+02;1349
2017-08-21 10:32:13+02;1349
2017-08-21 11:02:10+02;1339
2017-08-21 11:41:12+02;1339
2017-08-21 13:00:17+02;1369
2017-08-21 13:44:13+02;1339
2017-08-21 17:00:18+02;1359
2017-08-21 18:25:13+02;1339
2017-08-21 18:50:16+02;1319
2017-08-21 20:29:10+02;1309
2017-08-21 23:00:11+02;1439
2017-08-22 05:24:07+02;1439
2017-08-22 07:51:07+02;1389
2017-08-22 08:32:08+02;1379
2017-08-22 09:04:09+02;1369
2017-08-22 09:10:25+02;1349
2017-08-22 10:54:10+02;1349
2017-08-22 13:00:24+02;1379
2017-08-22 13:38:18+02;1349
2017-08-22 17:00:15+02;1369
2017-08-22 17:34:10+02;1359
2017-08-22 17:51:11+02;1339
2017-08-22 18:46:11+02;1329
2017-08-22 19:43:08+02;1319
2017-08-22 20:05:11+02;1309
2017-08-22 23:00:12+02;1439
2017-08-23 05:20:08+02;1439
2017-08-23 07:33:12+02;1389
2017-08-23 08:36:08+02;1379
2017-08-23 09:03:15+02;1379
2017-08-23 09:15:19+02;1369
2017-08-23 10:57:10+02;1359
2017-08-23 13:01:10+02;1389
2017-08-23 13:42:09+02;1359
2017-08-23 17:00:14+02;1379
2017-08-23 17:14:09+02;1369
2017-08-23 17:32:09+02;1369
2017-08-23 17:53:09+02;1349
2017-08-23 18:33:09+02;1329
2017-08-23 19:18:08+02;1319
2017-08-23 20:10:10+02;1309
2017-08-23 20:57:07+02;1299
2017-08-23 23:00:14+02;1439
2017-08-24 03:33:06+02;1439
2017-08-24 05:19:05+02;1439
2017-08-24 07:30:07+02;1389
2017-08-24 08:47:05+02;1379
2017-08-24 09:11:06+02;1369
2017-08-24 10:07:06+02;1359
2017-08-24 10:36:06+02;1349
2017-08-24 11:50:06+02;1339
2017-08-24 12:14:06+02;1339
2017-08-24 12:26:06+02;1339
2017-08-24 13:01:06+02;1369
2017-08-24 13:26:05+02;1339
2017-08-24 16:32:06+02;1339
2017-08-24 17:00:06+02;1359
2017-08-24 17:18:05+02;1349
2017-08-24 17:51:05+02;1329
2017-08-24 18:42:05+02;1319
2017-08-24 19:14:05+02;1309
2017-08-24 20:27:05+02;1299
2017-08-24 23:00:06+02;1439
2017-08-25 05:21:06+02;1439
2017-08-25 07:21:06+02;1389
2017-08-25 08:29:06+02;1389
2017-08-25 10:57:06+02;1369
2017-08-25 12:00:06+02;1369
2017-08-25 13:01:06+02;1399
2017-08-25 13:53:05+02;1369
2017-08-25 17:00:06+02;1389
2017-08-25 17:05:06+02;1359
2017-08-25 17:51:06+02;1339
2017-08-25 18:08:05+02;1329
2017-08-25 19:08:06+02;1319
2017-08-25 23:00:06+02;1449
2017-08-26 05:19:05+02;1449
2017-08-26 07:43:22+02;1389
2017-08-26 09:54:06+02;1369
2017-08-26 13:01:06+02;1399
2017-08-26 13:50:06+02;1369
2017-08-26 17:00:06+02;1389
2017-08-26 17:45:06+02;1389
2017-08-26 18:19:05+02;1369
2017-08-26 23:00:06+02;1449
2017-08-27 05:20:06+02;1449
2017-08-27 08:30:07+02;1369
2017-08-27 11:32:06+02;1369
2017-08-27 13:01:05+02;1399
2017-08-27 13:52:06+02;1369
2017-08-27 15:06:06+02;1339
2017-08-27 17:00:06+02;1359
2017-08-27 18:15:06+02;1339
2017-08-27 18:42:06+02;1329
2017-08-27 23:00:06+02;1449
2017-08-28 05:19:05+02;1449
2017-08-28 06:29:05+02;1319
2017-08-28 07:15:06+02;1309
2017-08-28 12:22:06+02;1309
2017-08-28 13:01:06+02;1339
2017-08-28 13:50:06+02;1309
2017-08-28 17:00:06+02;1329
2017-08-28 18:14:05+02;1309
2017-08-28 19:32:05+02;1309
2017-08-28 23:00:06+02;1449
2017-08-29 05:24:05+02;1449
2017-08-29 07:38:06+02;1389
2017-08-29 09:23:06+02;1369
2017-08-29 11:11:06+02;1369
2017-08-29 11:55:06+02;1369
2017-08-29 13:00:06+02;1399
2017-08-29 13:50:06+02;1369
2017-08-29 14:38:06+02;1349
2017-08-29 17:00:11+02;1369
2017-08-29 17:07:06+02;1369
2017-08-29 17:27:06+02;1359
2017-08-29 17:51:05+02;1339
2017-08-29 18:43:06+02;1329
2017-08-29 19:13:05+02;1319
2017-08-29 20:09:06+02;1309
2017-08-29 20:59:05+02;1299
2017-08-29 23:00:07+02;1449
2017-08-30 05:21:06+02;1449
2017-08-30 07:18:06+02;1389
2017-08-30 08:45:06+02;1389
2017-08-30 10:41:06+02;1389
2017-08-30 11:10:06+02;1389
2017-08-30 11:18:06+02;1379
2017-08-30 12:26:06+02;1369
2017-08-30 13:01:06+02;1399
2017-08-30 13:06:06+02;1389
2017-08-30 13:35:06+02;1359
2017-08-30 14:30:08+02;1349
2017-08-30 14:55:06+02;1339
2017-08-30 15:53:06+02;1329
2017-08-30 17:00:07+02;1349
2017-08-30 17:05:06+02;1339
2017-08-30 17:19:06+02;1339
2017-08-30 17:28:06+02;1339
2017-08-30 17:51:06+02;1319
2017-08-30 18:41:05+02;1319
2017-08-30 23:00:06+02;1459
2017-08-31 05:18:06+02;1459
2017-08-31 07:29:06+02;1389
2017-08-31 08:54:19+02;1379
2017-08-31 09:11:05+02;1369
2017-08-31 10:11:06+02;1369
2017-08-31 10:30:07+02;1359
2017-08-31 10:46:06+02;1359
2017-08-31 11:53:06+02;1359
2017-08-31 13:01:06+02;1389
2017-08-31 13:11:06+02;1379
2017-08-31 13:38:07+02;1349
2017-08-31 17:00:07+02;1369
2017-08-31 17:05:07+02;1359
2017-08-31 17:12:05+02;1359
2017-08-31 17:51:06+02;1339
2017-08-31 18:07:06+02;1329
2017-08-31 18:22:07+02;1329
2017-08-31 23:00:06+02;1469
2017-09-01 05:21:06+02;1469
2017-09-01 07:25:06+02;1389
2017-09-01 07:55:08+02;1379
2017-09-01 08:23:06+02;1379
2017-09-01 09:15:06+02;1369
2017-09-01 09:47:06+02;1359
2017-09-01 11:06:06+02;1359
2017-09-01 13:01:06+02;1389
2017-09-01 13:06:07+02;1379
2017-09-01 13:23:06+02;1349
2017-09-01 13:52:06+02;1349
2017-09-01 17:00:07+02;1369
2017-09-01 17:53:06+02;1349
2017-09-01 19:11:06+02;1349
2017-09-01 23:01:06+02;1489
2017-09-02 05:19:05+02;1489
2017-09-02 10:03:06+02;1399
2017-09-02 12:04:05+02;1399
2017-09-02 12:11:06+02;1399
2017-09-02 13:01:06+02;1429
2017-09-02 13:38:06+02;1399
2017-09-02 17:00:06+02;1419
2017-09-02 18:18:11+02;1399
2017-09-02 23:00:06+02;1489
2017-09-03 05:19:06+02;1489
2017-09-03 07:13:06+02;1409
2017-09-03 07:40:06+02;1409
2017-09-03 09:17:06+02;1409
2017-09-03 11:23:06+02;1409
2017-09-03 13:01:06+02;1439
2017-09-03 13:38:05+02;1409
2017-09-03 17:00:06+02;1429
2017-09-03 17:20:06+02;1429
2017-09-03 17:51:06+02;1409
2017-09-03 23:00:06+02;1489
2017-09-04 05:19:05+02;1489
2017-09-04 08:59:06+02;1399
2017-09-04 09:10:06+02;1399
2017-09-04 09:50:06+02;1389
2017-09-04 10:30:07+02;1379
2017-09-04 11:06:09+02;1379
2017-09-04 11:20:06+02;1379
2017-09-04 11:27:06+02;1369
2017-09-04 11:57:06+02;1359
2017-09-04 13:01:06+02;1389
2017-09-04 13:10:06+02;1379
2017-09-04 13:41:06+02;1349
2017-09-04 17:00:07+02;1369
2017-09-04 17:18:06+02;1359
2017-09-04 17:51:06+02;1339
2017-09-04 18:35:06+02;1339
2017-09-04 19:32:06+02;1329
2017-09-04 23:00:06+02;1489
2017-09-05 05:21:06+02;1489
2017-09-05 07:20:06+02;1429
2017-09-05 08:50:06+02;1419
2017-09-05 09:08:06+02;1419
2017-09-05 09:14:06+02;1409
2017-09-05 09:47:05+02;1409
2017-09-05 10:35:06+02;1399
2017-09-05 11:08:06+02;1389
2017-09-05 11:10:06+02;1389
2017-09-05 11:50:06+02;1379
2017-09-05 12:11:06+02;1379
2017-09-05 12:30:07+02;1369
2017-09-05 13:01:05+02;1399
2017-09-05 13:40:06+02;1369
2017-09-05 13:47:05+02;1359
2017-09-05 17:00:07+02;1379
2017-09-05 17:32:06+02;1369
2017-09-05 18:04:05+02;1349
2017-09-05 19:03:06+02;1339
2017-09-05 19:38:06+02;1329
2017-09-05 23:00:06+02;1479
2017-09-06 05:20:06+02;1479
2017-09-06 07:29:06+02;1409
2017-09-06 09:06:06+02;1399
2017-09-06 09:12:06+02;1389
2017-09-06 10:17:06+02;1379
2017-09-06 10:30:08+02;1369
2017-09-06 10:41:06+02;1369
2017-09-06 11:42:06+02;1369
2017-09-06 13:01:07+02;1399
2017-09-06 13:42:06+02;1369
2017-09-06 17:00:06+02;1389
2017-09-06 17:18:06+02;1379
2017-09-06 18:14:06+02;1359
2017-09-06 18:25:06+02;1349
2017-09-06 19:36:06+02;1339
2017-09-06 20:00:06+02;1329
2017-09-06 21:27:06+02;1319
2017-09-06 23:00:07+02;1479
2017-09-07 05:19:05+02;1479
2017-09-07 07:23:05+02;1429
2017-09-07 08:28:06+02;1429
2017-09-07 09:07:06+02;1419
2017-09-07 09:46:07+02;1409
2017-09-07 10:50:06+02;1399
2017-09-07 11:17:06+02;1389
2017-09-07 11:29:06+02;1389
2017-09-07 12:27:06+02;1379
2017-09-07 13:01:06+02;1409
2017-09-07 13:12:06+02;1399
2017-09-07 13:38:06+02;1369
2017-09-07 17:00:06+02;1399
2017-09-07 17:38:06+02;1389
2017-09-07 17:53:05+02;1359
2017-09-07 18:02:06+02;1349
2017-09-07 19:23:05+02;1339
2017-09-07 23:00:07+02;1489
2017-09-08 05:18:06+02;1489
2017-09-08 07:30:07+02;1429
2017-09-08 09:11:06+02;1409
2017-09-08 10:30:07+02;1409
2017-09-08 10:51:06+02;1409
2017-09-08 11:26:07+02;1399
2017-09-08 11:53:06+02;1389
2017-09-08 13:01:07+02;1419
2017-09-08 13:06:06+02;1409
2017-09-08 13:33:06+02;1379
2017-09-08 17:00:07+02;1409
2017-09-08 17:36:06+02;1399
2017-09-08 17:54:06+02;1369
2017-09-08 18:31:06+02;1359
2017-09-08 19:35:06+02;1349
2017-09-08 23:00:07+02;1489
2017-09-09 05:19:05+02;1489
2017-09-09 07:15:06+02;1429
2017-09-09 07:24:06+02;1429
2017-09-09 11:34:05+02;1429
2017-09-09 11:42:06+02;1429
2017-09-09 13:01:06+02;1459
2017-09-09 13:38:05+02;1429
2017-09-09 17:00:06+02;1459
2017-09-09 17:28:06+02;1459
2017-09-09 17:50:06+02;1429
2017-09-09 23:00:06+02;1489
2017-09-10 05:18:06+02;1489
2017-09-10 07:20:06+02;1489
2017-09-10 09:11:05+02;1429
2017-09-10 11:42:07+02;1429
2017-09-10 12:24:06+02;1429
2017-09-10 13:01:06+02;1459
2017-09-10 13:38:05+02;1429
2017-09-10 17:00:06+02;1459
2017-09-10 17:05:06+02;1369
2017-09-10 17:47:06+02;1339
2017-09-10 23:00:07+02;1489
2017-09-11 05:20:06+02;1489
2017-09-11 07:39:06+02;1429
2017-09-11 08:42:06+02;1429
2017-09-11 09:00:06+02;1409
2017-09-11 09:08:05+02;1409
2017-09-11 10:21:07+02;1409
2017-09-11 10:34:07+02;1409
2017-09-11 11:57:06+02;1389
2017-09-11 13:01:06+02;1419
2017-09-11 13:38:07+02;1389
2017-09-11 17:00:07+02;1419
2017-09-11 17:04:17+02;1409
2017-09-11 17:56:14+02;1369
2017-09-11 18:43:06+02;1359
2017-09-11 19:24:07+02;1349
2017-09-11 23:00:07+02;1479
2017-09-12 05:19:05+02;1479
2017-09-12 07:18:06+02;1429
2017-09-12 08:27:06+02;1429
2017-09-12 09:00:06+02;1419
2017-09-12 09:12:06+02;1409
2017-09-12 10:18:06+02;1399
2017-09-12 10:56:06+02;1389
2017-09-12 11:14:05+02;1389
2017-09-12 12:02:06+02;1379
2017-09-12 13:01:06+02;1409
2017-09-12 13:06:06+02;1409
2017-09-12 13:07:06+02;1399
2017-09-12 13:24:06+02;1369
2017-09-12 17:00:06+02;1399
2017-09-12 17:05:06+02;1389
2017-09-12 17:32:06+02;1389
2017-09-12 17:54:05+02;1359
2017-09-12 18:10:06+02;1349
2017-09-12 18:48:06+02;1339
2017-09-12 19:40:06+02;1329
2017-09-12 20:18:06+02;1319
2017-09-12 23:00:06+02;1469
2017-09-13 05:18:06+02;1469
2017-09-13 07:30:07+02;1429
2017-09-13 08:39:06+02;1419
2017-09-13 08:53:05+02;1419
2017-09-13 09:12:06+02;1409
2017-09-13 10:46:06+02;1389
2017-09-13 13:01:06+02;1419
2017-09-13 13:42:06+02;1389
2017-09-13 14:33:05+02;1379
2017-09-13 15:04:06+02;1369
2017-09-13 16:26:06+02;1359
2017-09-13 17:00:07+02;1379
2017-09-13 17:29:05+02;1379
2017-09-13 17:53:05+02;1359
2017-09-13 18:33:06+02;1349
2017-09-13 19:06:06+02;1339
2017-09-13 20:03:06+02;1329
2017-09-13 20:41:06+02;1319
2017-09-13 23:00:07+02;1469
2017-09-14 05:19:06+02;1469
2017-09-14 07:30:07+02;1429
2017-09-14 08:38:05+02;1419
2017-09-14 10:53:06+02;1419
2017-09-14 11:27:08+02;1419
2017-09-14 12:11:06+02;1389
2017-09-14 13:01:06+02;1419
2017-09-14 13:32:07+02;1369
2017-09-14 17:00:07+02;1389
2017-09-14 17:06:06+02;1389
2017-09-14 17:07:06+02;1379
2017-09-14 17:27:06+02;1369
2017-09-14 18:04:06+02;1349
2017-09-14 19:20:06+02;1339
2017-09-14 19:27:18+02;1329
2017-09-14 23:00:06+02;1469
2017-09-15 05:04:06+02;1469
2017-09-15 07:32:06+02;1429
2017-09-15 08:31:06+02;1429
2017-09-15 09:02:06+02;1419
2017-09-15 09:11:07+02;1409
2017-09-15 10:39:06+02;1409
2017-09-15 12:04:06+02;1389
2017-09-15 13:01:06+02;1419
2017-09-15 13:06:06+02;1419
2017-09-15 13:30:07+02;1389
2017-09-15 15:10:06+02;1389
2017-09-15 17:00:07+02;1409
2017-09-15 17:05:06+02;1399
2017-09-15 17:08:06+02;1389
2017-09-15 17:50:06+02;1369
2017-09-15 18:14:05+02;1349
2017-09-15 19:00:06+02;1339
2017-09-15 19:45:06+02;1329
2017-09-15 20:35:06+02;1319
2017-09-15 23:00:06+02;1479
2017-09-16 05:23:05+02;1479
2017-09-16 07:09:06+02;1429
2017-09-16 07:39:06+02;1429
2017-09-16 10:53:06+02;1429
2017-09-16 11:17:09+02;1429
2017-09-16 13:01:06+02;1459
2017-09-16 13:42:06+02;1429
2017-09-16 17:00:06+02;1449
2017-09-16 17:37:06+02;1449
2017-09-16 17:44:06+02;1409
2017-09-16 17:59:06+02;1389
2017-09-16 18:24:08+02;1389
2017-09-16 19:29:06+02;1369
2017-09-16 23:00:06+02;1479
2017-09-17 05:18:06+02;1479
2017-09-17 07:09:05+02;1429
2017-09-17 07:47:05+02;1429
2017-09-17 11:48:05+02;1409
2017-09-17 11:54:05+02;1409
2017-09-17 13:01:06+02;1439
2017-09-17 13:29:06+02;1389
2017-09-17 17:00:06+02;1409
2017-09-17 17:26:06+02;1409
2017-09-17 17:50:06+02;1389
2017-09-17 18:15:06+02;1389
2017-09-17 19:23:05+02;1379
2017-09-17 20:02:06+02;1369
2017-09-17 23:00:06+02;1479
2017-09-18 05:19:05+02;1479
2017-09-18 07:32:05+02;1429
2017-09-18 09:08:05+02;1419
2017-09-18 10:30:07+02;1409
2017-09-18 11:09:06+02;1409
2017-09-18 11:56:05+02;1389
2017-09-18 13:01:06+02;1419
2017-09-18 13:39:06+02;1389
2017-09-18 17:00:07+02;1409
2017-09-18 17:08:06+02;1399
2017-09-18 17:42:06+02;1389
2017-09-18 17:47:06+02;1369
2017-09-18 17:50:06+02;1369
2017-09-18 18:32:06+02;1359
2017-09-18 19:12:06+02;1349
2017-09-18 19:57:06+02;1339
2017-09-18 20:35:06+02;1329
2017-09-18 23:00:06+02;1469
2017-09-19 05:18:06+02;1469
2017-09-19 07:29:07+02;1429
2017-09-19 09:04:06+02;1419
2017-09-19 09:11:05+02;1409
2017-09-19 10:32:06+02;1409
2017-09-19 11:51:06+02;1409
2017-09-19 12:08:05+02;1389
2017-09-19 13:01:06+02;1419
2017-09-19 13:40:06+02;1389
2017-09-19 16:15:07+02;1379
2017-09-19 17:01:10+02;1399
2017-09-19 17:05:11+02;1399
2017-09-19 17:18:20+02;1389
2017-09-19 17:47:10+02;1369
2017-09-19 18:29:08+02;1359
2017-09-19 19:15:07+02;1349
2017-09-19 19:48:05+02;1339
2017-09-19 20:50:06+02;1329
2017-09-19 23:00:08+02;1469
2017-09-19 23:16:20+02;1469
2017-09-20 05:19:05+02;1469
2017-09-20 07:33:05+02;1419
2017-09-20 08:12:05+02;1419
2017-09-20 09:13:06+02;1409
2017-09-20 09:39:06+02;1399
2017-09-20 10:11:06+02;1399
2017-09-20 10:30:07+02;1389
2017-09-20 10:51:06+02;1389
2017-09-20 11:33:05+02;1379
2017-09-20 13:01:06+02;1409
2017-09-20 13:42:06+02;1369
2017-09-20 17:00:06+02;1389
2017-09-20 17:26:06+02;1379
2017-09-20 18:06:05+02;1359
2017-09-20 23:00:06+02;1469
2017-09-21 05:18:05+02;1469
2017-09-21 07:31:06+02;1429
2017-09-21 08:32:05+02;1429
2017-09-21 09:02:05+02;1419
2017-09-21 09:11:06+02;1409
2017-09-21 10:26:06+02;1409
2017-09-21 10:38:05+02;1399
2017-09-21 10:56:05+02;1399
2017-09-21 12:25:07+02;1379
2017-09-21 13:00:06+02;1409
2017-09-21 13:40:07+02;1379
2017-09-21 16:17:06+02;1369
2017-09-21 17:00:06+02;1389
2017-09-21 17:13:05+02;1379
2017-09-21 17:50:06+02;1359
2017-09-21 23:00:06+02;1469
